0 6.89611e+11
1 6.95179e-310
2 3.65884e-317
3 6.9515e-310
4 2.02369e-320
5 2.0316e-320
6 0
7 3.10351e-317
8 0
9 6.95179e-310
10 3.65884e-317
11 0
12 2.02369e-320
13 6.95154e-310
14 0
15 0
16 0
17 3.65884e-317
18 7.90505e-323
19 6.95179e-310
20 1.97626e-323
21 0
22 3.69627e-33
23 -2.22091e-11
24 0
25 0
26 3.16202e-322
27 6.95154e-310
28 3.10363e-317
29 6.95154e-310
30 7.90505e-323
31 6.95179e-310
32 3.6863e-317
33 7.90505e-323
34 6.95154e-310
35 0
36 3.16202e-322
37 1.89721e-321
38 1.69791e-313
39 0
40 4.94066e-324
41 9.88131e-324
42 3.16202e-322
43 6.95179e-310
44 3.6863e-317
45 3.10366e-317
46 3.16202e-322
47 6.95154e-310
48 3.10363e-317
49 6.95166e-310
50 0
51 0
52 0
53 6.95168e-310
54 6.95179e-310
55 6.95179e-310
56 3.65884e-317
57 2.02369e-320
58 6.95154e-310
59 6.95168e-310
60 3.10386e-317
61 6.95168e-310
62 2.02369e-320
63 3.10393e-317
64 0
65 0
66 3.10383e-317
67 6.95168e-310
68 3.6863e-317
69 3.10386e-317
70 6.95154e-310
71 3.6863e-317
72 3.10383e-317
73 6.95168e-310
74 3.10393e-317
75 3.10393e-317
76 3.10383e-317
77 6.95168e-310
78 6.95168e-310
79 6.95168e-310
80 6.95168e-310
81 3.10382e-317
82 3.10393e-317
83 -3.31368e+93
84 3.10382e-317
85 3.10381e-317
86 3.69701e-317
87 3.10387e-317
88 3.68292e-317
89 6.95168e-310
90 3.95253e-323
91 3.10381e-317
92 3.69701e-317
93 3.95253e-321
94 3.10393e-317
95 6.95154e-310
96 3.10431e-317
97 0
98 0
99 0
