-0 -0.104528 -0.207912 -0.309017 -0.406737 -0.5 -0.587785 -0.669131 -0.743145 -0.809017 -0.866025 -0.913545 -0.951057 -0.978148 -0.994522 -1 -0.994522 -0.978148 -0.951057 -0.913545 -0.866025 -0.809017 -0.743145 -0.669131 -0.587785 -0.5 -0.406737 -0.309017 -0.207912 -0.104528 -1.22465e-16 
0.104528 0.0575183 -0.0657685 -0.280287 -0.333521 -0.413773 -0.468069 -0.524833 -0.704319 -0.715863 -0.759141 -0.841479 -0.907602 -0.937082 -0.963109 -0.928703 -0.967641 -0.961751 -0.931073 -0.878177 -0.848362 -0.792293 -0.705825 -0.658401 -0.578783 -0.487545 -0.389549 -0.300715 -0.23325 -0.182276 0 
0.207912 0.107985 -0.0089849 -0.00166162 -0.13084 -0.293057 -0.402112 -0.582929 -0.640654 -0.703622 -0.759368 -0.712456 -0.738995 -0.939821 -0.941175 -0.946821 -0.934582 -0.915885 -0.920672 -0.887727 -0.811559 -0.79222 -0.724316 -0.670806 -0.582874 -0.526147 -0.469477 -0.36046 -0.292717 -0.214091 0 
0.309017 0.178916 0.142954 -0.0328113 -0.164127 -0.313392 -0.27563 -0.400766 -0.466798 -0.537727 -0.7021 -0.757966 -0.744157 -0.872369 -0.870495 -0.890829 -0.876869 -0.870538 -0.866756 -0.874625 -0.803112 -0.743906 -0.729543 -0.615592 -0.530154 -0.516373 -0.433943 -0.400951 -0.31237 -0.282019 0 
0.406737 0.316268 0.214999 0.137235 0.0461344 -0.102512 -0.335886 -0.436739 -0.44586 -0.498563 -0.614778 -0.687464 -0.735595 -0.831776 -0.869049 -0.922737 -0.873427 -0.853835 -0.843715 -0.817023 -0.82554 -0.725699 -0.652728 -0.623611 -0.524328 -0.504269 -0.448878 -0.387484 -0.303427 -0.304938 0 
0.5 0.407829 0.298262 0.103251 0.035024 -0.0639136 -0.115417 -0.295836 -0.395066 -0.487483 -0.504507 -0.637187 -0.6604 -0.681244 -0.840852 -0.878063 -0.888825 -0.850249 -0.815872 -0.783947 -0.791033 -0.727119 -0.737445 -0.649181 -0.503089 -0.479728 -0.355393 -0.443798 -0.443749 -0.274358 0 
0.587785 0.586304 0.437661 0.25926 0.333628 0.109415 -0.0601747 -0.177689 -0.185282 -0.382094 -0.451772 -0.512549 -0.679825 -0.755234 -0.741082 -0.799565 -0.787378 -0.777774 -0.855153 -0.726111 -0.806376 -0.757254 -0.753269 -0.504123 -0.646161 -0.427714 -0.492211 -0.378465 -0.369431 -0.348729 0 
0.669131 0.561425 0.549478 0.407102 0.247595 0.111876 0.34609 -0.156135 -0.140113 -0.184935 -0.418498 -0.341691 -0.57737 -0.527937 -0.760316 -0.761787 -0.730186 -0.793876 -0.708394 -0.758072 -0.777755 -0.726012 -0.636349 -0.480526 -0.577706 -0.534268 -0.51061 -0.378529 -0.386571 -0.387811 0 
0.743145 0.595001 0.529727 0.539251 0.411677 0.375878 0.340757 0.014973 0.0550324 -0.115069 -0.316229 -0.199336 -0.434734 -0.665333 -0.651769 -0.59416 -0.803132 -0.870816 -0.823466 -0.814804 -0.588265 -0.728707 -0.694896 -0.555007 -0.66748 -0.467906 -0.485327 -0.481523 -0.473751 -0.331403 0 
0.809017 0.740685 0.711448 0.692333 0.537574 0.298285 0.481062 0.281835 0.177077 -0.0832726 -0.178211 -0.262153 -0.499552 -0.506195 -0.697988 -0.737041 -0.69088 -0.471496 -0.732614 -0.738275 -0.744419 -0.756589 -0.724955 -0.683891 -0.624235 -0.528955 -0.428137 -0.45799 -0.50619 -0.486562 0 
0.866025 0.825556 0.811393 0.728068 0.652477 0.620714 0.35138 0.319032 0.152 -0.070851 0.0315216 0.0231055 -0.35345 -0.394542 -0.305528 -0.485888 -0.485581 -0.604706 -0.63022 -0.75976 -0.737245 -0.640406 -0.805256 -0.494038 -0.494277 -0.469634 -0.463474 -0.411032 -0.360935 -0.34119 0 
0.913545 0.882641 0.816297 0.750872 0.668424 0.505416 0.575925 0.466368 0.296561 0.0492009 0.368774 0.0563413 -0.0833536 -0.308991 -0.326638 -0.232271 -0.297566 -0.583201 -0.508183 -0.813298 -0.704014 -0.752938 -0.45527 -0.650039 -0.56733 -0.555269 -0.388286 -0.49671 -0.475588 -0.323552 0 
0.951057 0.923425 0.878778 0.84434 0.794333 0.552507 0.635617 0.476376 0.203535 0.345536 0.256696 -0.118607 -0.502933 -0.0683479 -0.533257 -0.450313 -0.64074 -0.780243 -0.352929 -0.408775 -0.607625 -0.479601 -0.61265 -0.512329 -0.380696 -0.477616 -0.38428 -0.415089 -0.527817 -0.493475 0 
0.978148 0.938817 0.899257 0.879748 0.842119 0.702103 0.459699 0.558828 0.600071 0.399268 0.283071 -0.189294 0.322451 -0.335225 0.529285 -0.474658 -0.086425 -0.172125 -0.599644 -0.25232 -0.448849 -0.688096 -0.490846 -0.82933 -0.461399 -0.590872 -0.321611 -0.389304 -0.415847 -0.64374 0 
0.994522 0.970237 0.916882 0.831928 0.886299 0.817357 0.681005 0.775391 0.555512 0.41031 0.678222 0.303394 0.320073 0.62521 -0.0152417 -0.501867 -0.475268 -0.750317 -0.728285 -0.741772 -0.70127 -0.418393 -0.48971 -0.594327 -0.558253 -0.400101 -0.467179 -0.367929 -0.405942 -0.54112 0 
1 0.938787 0.914815 0.909342 0.741599 0.721368 0.734068 0.575686 0.561713 0.450602 0.428923 0.207726 0.359145 0.3735 -0.288083 -0.456909 -0.440295 -0.226095 -0.549611 -0.17778 -0.779632 -0.678541 -0.765575 -0.578722 -0.657065 -0.239021 -0.408062 -0.483486 -0.44956 -0.489279 0 
0.994522 0.967058 0.917621 0.940733 0.860515 0.821152 0.664286 0.679939 0.652803 0.496031 0.491096 0.323103 0.468954 0.0118089 -0.515275 -0.04587 -0.236326 -0.815724 -0.712768 -0.710824 -0.750662 -0.639463 -0.751645 -0.592948 -0.563247 -0.225841 -0.494415 -0.524092 -0.610348 -0.416717 0 
0.978148 0.940199 0.893761 0.839168 0.878821 0.727706 0.647821 0.620325 0.565634 0.477887 0.157321 0.373465 -0.175354 -0.18371 -0.369917 -0.279233 -0.59919 -0.20078 -0.330147 -0.434693 -0.735882 -0.423618 -0.770869 -0.726467 -0.548069 -0.555046 -0.353604 -0.459827 -0.370633 -0.524932 0 
0.951057 0.905318 0.779317 0.807586 0.778845 0.759388 0.585872 0.384837 0.605751 0.207366 0.311155 0.296811 -0.194741 0.154051 0.233561 -0.505463 -0.826167 -0.438814 -0.607273 -0.273824 -0.47824 -0.40965 -0.628124 -0.361636 -0.667656 -0.422853 -0.413727 -0.520576 -0.489695 -0.309418 0 
0.913545 0.812276 0.786691 0.783374 0.765149 0.611367 0.58045 0.509481 0.384019 0.343909 0.254441 0.108197 -0.104268 -0.383335 -0.53199 -0.547841 -0.632122 -0.780412 -0.548251 -0.850009 -0.55759 -0.547383 -0.670896 -0.531275 -0.648843 -0.405121 -0.509532 -0.515544 -0.502928 -0.418691 0 
0.866025 0.793423 0.710392 0.691381 0.768361 0.592338 0.658196 0.416718 0.150197 0.27978 -0.0574964 -0.250835 -0.104507 -0.527934 -0.158856 -0.572964 -0.792259 -0.594466 -0.684234 -0.56342 -0.460202 -0.701552 -0.753877 -0.528505 -0.50824 -0.535601 -0.51451 -0.580475 -0.488564 -0.416323 0 
0.809017 0.709383 0.678522 0.653482 0.573229 0.43807 0.347147 0.108575 0.126482 -0.0642072 -0.12449 -0.107251 -0.327971 -0.411442 -0.573652 -0.689274 -0.6209 -0.70925 -0.665941 -0.710783 -0.706873 -0.652455 -0.512404 -0.769138 -0.52577 -0.485901 -0.481187 -0.521948 -0.404185 -0.424722 0 
0.743145 0.69278 0.63112 0.507001 0.511756 0.244771 0.338608 -0.0543696 0.259732 -0.0734359 -0.22352 -0.327639 -0.492642 -0.528955 -0.724911 -0.556255 -0.882019 -0.857965 -0.803276 -0.791494 -0.75347 -0.761379 -0.582188 -0.557886 -0.54647 -0.484925 -0.452716 -0.478058 -0.401039 -0.363022 0 
0.669131 0.563312 0.579085 0.419168 0.347712 0.316729 0.090426 -0.000172587 0.0554217 -0.297697 -0.34547 -0.319142 -0.680656 -0.703506 -0.755681 -0.653791 -0.772258 -0.739925 -0.751315 -0.74313 -0.787493 -0.673569 -0.7175 -0.556346 -0.625229 -0.465767 -0.442278 -0.365229 -0.340133 -0.36584 0 
0.587785 0.416638 0.472531 0.338191 0.244427 0.141447 -0.0554621 -0.210269 0.0185228 -0.312982 -0.402176 -0.400837 -0.496936 -0.697649 -0.755997 -0.833457 -0.788912 -0.815717 -0.759635 -0.816291 -0.744948 -0.71252 -0.655298 -0.62486 -0.582374 -0.513669 -0.517539 -0.44475 -0.382806 -0.359187 0 
0.5 0.426239 0.374709 0.226074 0.0767948 0.0912861 -0.203435 -0.134498 -0.468987 -0.428262 -0.475699 -0.462048 -0.757824 -0.830318 -0.880472 -0.851434 -0.811005 -0.888658 -0.846186 -0.791492 -0.737006 -0.718459 -0.703845 -0.626044 -0.547897 -0.516245 -0.458305 -0.393581 -0.345874 -0.323248 0 
0.406737 0.33208 0.260893 0.157389 -0.0314548 -0.0794883 -0.128259 -0.303558 -0.448813 -0.667804 -0.65072 -0.659702 -0.733277 -0.794876 -0.815662 -0.838362 -0.875714 -0.890679 -0.899381 -0.8024 -0.758568 -0.71942 -0.717293 -0.690609 -0.558407 -0.513188 -0.474283 -0.350486 -0.339022 -0.314811 0 
0.309017 0.213137 0.0782624 -0.0871528 -0.149095 -0.183446 -0.272779 -0.40056 -0.591024 -0.582727 -0.652054 -0.803797 -0.758584 -0.796957 -0.850146 -0.860297 -0.882025 -0.949676 -0.86574 -0.891585 -0.807556 -0.748694 -0.651796 -0.616667 -0.52249 -0.447092 -0.419893 -0.408486 -0.286471 -0.261876 0 
0.207912 0.0822121 0.0235496 -0.127833 -0.188105 -0.342897 -0.431148 -0.528336 -0.676767 -0.71971 -0.683406 -0.751684 -0.840883 -0.928816 -0.943869 -0.863102 -0.94636 -0.961441 -0.870251 -0.852892 -0.799537 -0.79913 -0.712601 -0.652637 -0.571039 -0.481428 -0.411475 -0.351887 -0.242887 -0.242301 0 
0.104528 0.0161506 -0.147189 -0.178778 -0.36327 -0.396881 -0.489137 -0.584654 -0.659376 -0.753385 -0.798996 -0.819729 -0.911932 -0.928013 -0.978752 -0.958831 -0.976207 -0.920615 -0.892352 -0.874099 -0.820678 -0.800333 -0.700613 -0.658799 -0.570673 -0.50279 -0.409185 -0.324834 -0.20196 -0.17417 0 
-0 -0.104528 -0.207912 -0.309017 -0.406737 -0.5 -0.587785 -0.669131 -0.743145 -0.809017 -0.866025 -0.913545 -0.951057 -0.978148 -0.994522 -1 -0.994522 -0.978148 -0.951057 -0.913545 -0.866025 -0.809017 -0.743145 -0.669131 -0.587785 -0.5 -0.406737 -0.309017 -0.207912 -0.104528 -1.22465e-16 
