0 0 0 0 0 0 0 0 0 0 0 0 0 0 0 0 0 0 0 0 0 0 0 0 0 0 0 0 0 0 0 
0 0.0213625 0.0248481 0.0258666 0.0238023 0.0223023 0.0207921 0.0153285 0.0231763 0.0169099 0.0205236 0.013471 0.0196146 0.0123587 0.0153536 0.0156554 0.0158729 0.0127809 0.0134897 0.0137365 0.00987118 0.0115971 0.00990899 0.00787046 0.00989525 0.00950956 0.00971246 0.0075286 0.00900942 0.00991966 0 
0 0.0269108 0.0278546 0.0258241 0.0251344 0.0275696 0.0217364 0.021925 0.0234742 0.0229743 0.0200975 0.0183453 0.0175891 0.0154988 0.0201155 0.0127962 0.0143981 0.0115046 0.0177594 0.00957858 0.0116427 0.0129041 0.0122161 0.00927154 0.0111262 0.0101389 0.00977347 0.00839612 0.00504308 0.00621272 0 
0 0.0285176 0.0266077 0.024176 0.0369295 0.027674 0.0265306 0.0224344 0.0266666 0.0189945 0.0189276 0.0185546 0.0207699 0.020556 0.0189572 0.0192278 0.0151742 0.0172254 0.0109662 0.0130736 0.0143077 0.00747605 0.00923693 0.0122991 0.00520423 0.0087523 0.0071989 0.0060635 0.00476732 0.00349632 0 
0 0.0327171 0.022496 0.0265275 0.022666 0.0203023 0.0282955 0.0275251 0.0270507 0.0268892 0.0213002 0.0220977 0.0234035 0.0176153 0.0134594 0.018105 0.0190641 0.0156772 0.0103025 0.0171279 0.0102374 0.010693 0.00724542 0.00799538 0.00708997 0.00860302 0.00683402 0.0025243 0.00631499 0.00210054 0 
0 0.0219765 0.0300275 0.0252604 0.025084 0.024626 0.0268172 0.028921 0.0247312 0.0201879 0.0215164 0.0201854 0.0235309 0.0219448 0.0197292 0.0221969 0.0122214 0.0141523 0.0137206 0.0129244 0.0107373 0.0100045 0.00995848 0.00998983 0.00885102 0.00836115 0.00521224 0.00359101 0.00330278 0.00129014 0 
0 0.0300311 0.0219259 0.0252055 0.0313092 0.0255013 0.0255123 0.0246988 0.0210778 0.0312162 0.0237764 0.0220656 0.0184625 0.0205838 0.0193371 0.0161505 0.013812 0.0193712 0.0124876 0.0142119 0.0121965 0.0112646 0.00976536 0.0102116 0.00817678 0.0059992 0.00661128 0.00478553 0.00294776 0.00149817 0 
0 0.0148222 0.0246972 0.0213991 0.0203231 0.0273605 0.0247139 0.0218921 0.0204831 0.0215365 0.0236562 0.0218123 0.0154733 0.0191973 0.0223116 0.0167311 0.0185731 0.0186222 0.0163741 0.0117837 0.0126535 0.0102798 0.00773975 0.00879031 0.0053868 0.00598283 0.00538847 0.00353141 0.00353394 0.0018283 0 
0 0.0335097 0.0206095 0.0194941 0.0141476 0.0277725 0.0232249 0.0291906 0.0227949 0.0264042 0.0227222 0.0194501 0.0193945 0.024137 0.0192261 0.0139201 0.015971 0.0154556 0.0147103 0.0136904 0.0136634 0.0115451 0.0101981 0.00669711 0.0067618 0.00598826 0.00550516 0.00334431 0.00280913 0.00187041 0 
0 0.0259485 0.0136727 0.019143 0.0175007 0.0242768 0.0213455 0.0246089 0.0239911 0.0181415 0.0177451 0.0177718 0.0110855 0.0171113 0.0233312 0.0195773 0.015351 0.0158876 0.0112796 0.0142662 0.0103607 0.00994474 0.00958541 0.0088057 0.0072452 0.00624268 0.00477508 0.00431649 0.00259079 0.00220211 0 
0 0.0104872 0.0111199 0.0160531 0.0108888 0.0202082 0.0116753 0.0272217 0.0124225 0.0191551 0.0195654 0.0289562 0.0168218 0.0200659 0.020549 0.0131807 0.0139519 0.011802 0.00982322 0.00935397 0.0163626 0.0114261 0.00744328 0.00692249 0.0063981 0.00541702 0.00500396 0.004047 0.00285399 0.00200424 0 
0 0.00887529 0.0193616 0.0099161 0.0173513 0.0188003 0.0295124 0.016903 0.0138882 0.0120684 0.0186999 0.01535 0.0104221 0.0190486 0.0203222 0.0113429 0.0109652 0.0128371 0.0104289 0.00866343 0.0103689 0.0105016 0.00924529 0.0058943 0.0055217 0.00534657 0.0045783 0.00361271 0.0029483 0.00181353 0 
0 0.00610264 0.00979209 0.024371 0.00728128 0.0200806 0.0251996 0.0176159 0.0207974 0.0182359 0.0178417 0.0227229 0.0113851 0.0160203 0.0134925 0.00966488 0.012856 0.0113855 0.014741 0.0110847 0.00967807 0.011215 0.00706495 0.00822289 0.00559388 0.00498517 0.00389808 0.00328589 0.00264963 0.00186439 0 
0 0.0229521 0.0084044 0.00640762 0.0203713 0.00676479 0.0182481 0.0203609 0.018908 0.00761454 0.01334 0.0110167 0.00999103 0.00900161 0.0129974 0.00926306 0.0142267 0.0112384 0.00798811 0.00574266 0.00837714 0.00885363 0.00669491 0.00542819 0.00572855 0.00502505 0.00413006 0.00328819 0.00239029 0.00162222 0 
0 0.00949228 0.00870778 0.0169847 0.0125734 0.0052638 0.0117405 0.00617004 0.00964067 0.00815673 0.00614361 0.010919 0.016125 0.0055808 0.0085329 0.0124326 0.00893041 0.0124799 0.0121595 0.00545741 0.00806794 0.0103972 0.00744558 0.00400526 0.00429761 0.00313695 0.00372608 0.00228476 0.00190396 0.00107414 0 
0 0.00868883 0.00758447 0.00491946 0.00623226 0.0238858 0.0186482 0.0148481 0.0160991 0.00959784 0.00601952 0.0170192 0.0127434 0.00626704 0.0100433 0.0110417 0.0106282 0.00564392 0.0099819 0.00678473 0.00705766 0.00712501 0.00532825 0.00514422 0.00483812 0.00320318 0.00276343 0.00233426 0.00145315 0.000813141 0 
0 0.00511053 0.0190475 0.00328079 0.0201723 0.00916214 0.0104492 0.0121372 0.011137 0.0236561 0.016511 0.0156825 0.00972049 0.00854553 0.00549496 0.0110152 0.00815738 0.0150036 0.012237 0.00707874 0.0105952 0.00947141 0.00950128 0.00617667 0.00573021 0.00539885 0.00223043 0.0017042 0.00134039 0.000695897 0 
0 0.00744748 0.00804224 0.0193369 0.0283832 0.0190175 0.0193176 0.00410117 0.0167051 0.0185675 0.0100513 0.0139922 0.00662374 0.0120167 0.0100082 0.0168287 0.0078562 0.0143603 0.00565555 0.0086263 0.00690708 0.00593311 0.00812696 0.00643472 0.0063606 0.00420867 0.00288941 0.00363306 0.00245053 0.0017683 0 
0 0.0183206 0.0260554 0.0196121 0.0220339 0.0167794 0.0176729 0.0197331 0.00855069 0.016874 0.0214622 0.0255539 0.0110407 0.0184295 0.012334 0.0097023 0.0113305 0.0105505 0.0122142 0.0101759 0.00951028 0.0125302 0.00763083 0.00813502 0.00863343 0.00512679 0.0043394 0.00174398 0.00230158 0.00194967 0 
0 0.0141304 0.0287496 0.0165659 0.0219653 0.0166754 0.0234626 0.00811143 0.0315277 0.017837 0.0126235 0.0219808 0.0184729 0.019887 0.0186806 0.0163598 0.0145612 0.019321 0.00758839 0.0128741 0.0167585 0.0119446 0.00674684 0.00841289 0.00549097 0.00471777 0.00373543 0.00380952 0.00180103 0.00193378 0 
0 0.0223095 0.0189023 0.0255164 0.0280379 0.02251 0.0118041 0.0203501 0.0151454 0.027372 0.0188735 0.0193023 0.0241627 0.0161869 0.0176281 0.0207535 0.0133366 0.0166626 0.01446 0.0114255 0.0114583 0.00908346 0.00857263 0.00629707 0.00478253 0.00614526 0.00412667 0.00412246 0.0034163 0.00201405 0 
0 0.0285291 0.015663 0.0242487 0.0156999 0.0121277 0.0263509 0.0276486 0.0266783 0.0204659 0.0302759 0.0220542 0.0224293 0.0132277 0.0192856 0.0214753 0.0161897 0.0197123 0.0124513 0.0158347 0.0123781 0.0126317 0.0121849 0.00994843 0.00929182 0.00587581 0.00554998 0.00356946 0.0035906 0.00206539 0 
0 0.0231646 0.0186803 0.0252476 0.0219216 0.0224261 0.0357711 0.0272639 0.0160088 0.0310035 0.0220005 0.0235415 0.0215803 0.0146738 0.0182192 0.0173865 0.0189637 0.0178929 0.0131062 0.0181854 0.013466 0.0135567 0.00858518 0.00845781 0.00655557 0.00654774 0.00555763 0.00419197 0.00356371 0.0017677 0 
0 0.0283132 0.0251963 0.030432 0.0300339 0.0292436 0.0278586 0.0180405 0.0272782 0.0258462 0.021939 0.022804 0.023296 0.0205772 0.0154034 0.0230854 0.016376 0.0187939 0.0157502 0.0107154 0.0145937 0.0100458 0.00678449 0.00797986 0.00684058 0.00623749 0.00594567 0.00459343 0.0037574 0.00155956 0 
0 0.0167486 0.0311321 0.024065 0.0298411 0.0208965 0.0200273 0.0353727 0.0259963 0.0237075 0.0290853 0.0225919 0.0242858 0.0211063 0.0233562 0.0141821 0.0203301 0.0180213 0.0149196 0.0134916 0.012392 0.00995182 0.0110577 0.00904937 0.00782016 0.00706911 0.00640532 0.00553114 0.00365479 0.00116065 0 
0 0.0188931 0.0332351 0.0265059 0.0260397 0.0311284 0.028414 0.0223539 0.0185894 0.0284351 0.0228043 0.0257087 0.0267581 0.0235227 0.0163815 0.0197951 0.0139979 0.0142555 0.0166817 0.0102942 0.0117069 0.013172 0.00898455 0.00931315 0.00700502 0.00910586 0.00561 0.00587118 0.00483017 0.00416987 0 
0 0.0215078 0.0231689 0.0273896 0.0315466 0.025963 0.0219313 0.0281574 0.0245983 0.019987 0.0242442 0.0194795 0.0212809 0.0191273 0.0190171 0.0177374 0.0200954 0.0162375 0.0128895 0.0127369 0.0117359 0.0102418 0.00926194 0.0101547 0.00793199 0.00771932 0.00783645 0.00626876 0.00536107 0.00400199 0 
0 0.0261209 0.0269833 0.0252972 0.0245672 0.0205304 0.0196366 0.0243753 0.021349 0.0266971 0.023276 0.0215766 0.0228657 0.0213031 0.0197218 0.0158279 0.0165992 0.0136949 0.0169607 0.0109342 0.0124352 0.00994802 0.00870311 0.0091853 0.00861677 0.00681791 0.00902045 0.00407473 0.0063458 0.00658472 0 
0 0.0199702 0.0200728 0.0227752 0.0197116 0.0215459 0.0210771 0.01992 0.0192864 0.0225141 0.0202016 0.0201833 0.017636 0.0177254 0.0194157 0.0151405 0.014797 0.0144523 0.0133975 0.011878 0.0113087 0.00909031 0.00844337 0.0104977 0.0117477 0.00871259 0.00947515 0.00679035 0.00832816 0.00889608 0 
0 0.0138708 0.0128494 0.015807 0.015523 0.0143784 0.0160603 0.0179856 0.0169455 0.0183698 0.0152817 0.0166513 0.0136177 0.0107799 0.0135259 0.0150966 0.0107751 0.0104079 0.0108874 0.00870149 0.0116107 0.00927071 0.00906973 0.00996582 0.00571777 0.00959342 0.00733225 0.00607145 0.0070667 0.00820702 0 
0 0 0 0 0 0 0 0 0 0 0 0 0 0 0 0 0 0 0 0 0 0 0 0 0 0 0 0 0 0 0 
