0 0 0 0 0 0 0 0 0 0 0 0 0 0 0 0 0 0 0 0 0 0 0 0 0 0 0 0 0 0 0 
0 0.0193547 0.0305551 0.0221478 0.0291912 0.0356086 0.0397736 0.0389144 0.0191595 0.0344283 0.0375193 0.0309834 0.0175969 0.0179874 0.019127 0.0267775 0.00763488 0.00865051 0.00942551 0.0170119 0.0133309 0.0107209 0.0160443 0.0150145 0.017309 0.0153075 0.0171425 0.0150201 0.0172929 0.0162875 0 
0 0.0290295 0.037706 0.0455734 0.0532868 0.0464535 0.0504377 0.0401016 0.0407793 0.0435817 0.0417386 0.0543402 0.0585754 0.00960893 0.0191921 0.0119924 0.0262557 0.026022 0.0128363 0.0149417 0.0217708 0.0173192 0.0212343 0.0231163 0.0242292 0.0256251 0.0239376 0.0239514 0.0240032 0.0250069 0 
0 0.033438 0.0434011 0.0536935 0.056725 0.0518957 0.0679283 0.0567622 0.0713734 0.0679317 0.0448386 0.0477893 0.0534004 0.0421556 0.0404021 0.0334316 0.0345264 0.0359931 0.0230787 0.0134105 0.0209844 0.026166 0.0273891 0.0276515 0.0285864 0.0286822 0.032885 0.0323578 0.026087 0.0260587 0 
0 0.0304087 0.0458062 0.0566687 0.0623716 0.0676312 0.0751424 0.0645624 0.0701628 0.0693061 0.0622082 0.0606686 0.0568283 0.0409706 0.0474695 0.0171837 0.044822 0.033971 0.0272685 0.0270104 0.0307924 0.0333434 0.0371444 0.0304472 0.0314725 0.0311761 0.0304258 0.0315421 0.0283396 0.032844 0 
0 0.0288278 0.0567771 0.0631309 0.0732819 0.0729311 0.0811395 0.0824759 0.0840588 0.0726576 0.0808268 0.071228 0.0754707 0.082654 0.0412623 0.0347917 0.0237086 0.0380408 0.0311511 0.0393082 0.0361944 0.0402966 0.0334037 0.0398856 0.0471351 0.0358591 0.0386754 0.036414 0.0348929 0.0318322 0 
0 0.0188994 0.0476064 0.0680548 0.063149 0.0692632 0.0905187 0.0854154 0.0936804 0.0985117 0.0955846 0.0931261 0.0838256 0.0609257 0.0742342 0.0558499 0.0620373 0.066539 0.0305724 0.0429092 0.0354743 0.039084 0.0300711 0.0522266 0.0350096 0.0410334 0.0382036 0.0380304 0.0465927 0.0403121 0 
0 0.0418094 0.045158 0.061842 0.0727933 0.0854437 0.0921557 0.102943 0.0975634 0.115764 0.111454 0.107634 0.0963148 0.113854 0.0714332 0.0677886 0.092296 0.0597812 0.0807405 0.0575742 0.0679641 0.0500207 0.0634556 0.0539195 0.0399671 0.049241 0.0625391 0.0432124 0.0438996 0.0377157 0 
0 0.0436963 0.0535956 0.0581206 0.0683134 0.0791297 0.0876849 0.106491 0.120364 0.135075 0.114811 0.124077 0.128106 0.102627 0.115575 0.119372 0.0761343 0.0356958 0.0316895 0.0452165 0.116978 0.0523852 0.0589029 0.0600174 0.0464442 0.0576364 0.0593575 0.0564721 0.0506338 0.0454023 0 
0 0.0235797 0.0336444 0.0468336 0.0683147 0.100273 0.0797777 0.0913881 0.119197 0.120549 0.151796 0.123154 0.118914 0.128332 0.0929237 0.109633 0.0923219 0.151454 0.0686005 0.102014 0.0905338 0.0547998 0.0636514 0.0664578 0.0610332 0.0542859 0.0593029 0.073248 0.0520304 0.0785223 0 
0 0.0251158 0.0265699 0.0456392 0.0622758 0.0708087 0.10257 0.114366 0.132216 0.150933 0.146961 0.16088 0.153611 0.166034 0.219263 0.157185 0.161503 0.128255 0.12677 0.103499 0.0650521 0.0617606 0.0526292 0.0821846 0.0979296 0.0585317 0.0848306 0.068637 0.0679044 0.0592974 0 
0 0.0172993 0.0350093 0.0483574 0.0612325 0.0831341 0.0828671 0.116818 0.12302 0.132726 0.14392 0.163265 0.203697 0.216546 0.182393 0.174231 0.266099 0.14458 0.159621 0.0458434 0.1461 0.0934236 0.161904 0.0879214 0.0870401 0.0715001 0.0692304 0.0759729 0.0679492 0.0789635 0 
0 0.0104056 0.0258803 0.0401395 0.0505647 0.0926718 0.0803222 0.121623 0.144313 0.155954 0.166972 0.229706 0.186029 0.244982 0.195392 0.221609 0.134827 0.0710547 0.208809 0.127479 0.0903611 0.156333 0.109987 0.0754409 0.101644 0.0852952 0.0670157 0.0661366 0.0922704 0.080603 0 
0 0.0164601 0.030753 0.0337529 0.0442893 0.0709044 0.109845 0.110321 0.0974933 0.122182 0.144982 0.204125 0.178835 0.203488 0.298815 0.169842 0.219651 0.222391 0.153123 0.251307 0.294016 0.137542 0.0582155 0.1161 0.115574 0.0724401 0.0764817 0.0864394 0.0862286 0.117186 0 
0 0.00661132 0.0251456 0.0502417 0.0367947 0.0493484 0.0956626 0.0766719 0.119656 0.151017 0.118935 0.248378 0.261632 0.176232 0.217893 0.175829 0.337718 0.0942908 0.056267 0.0937414 0.0465929 0.236111 0.223216 0.128238 0.0863969 0.0965662 0.117715 0.122452 0.0926151 0.13133 0 
0 0.0270223 0.0214654 0.0291515 0.0647573 0.061581 0.0736642 0.119439 0.116836 0.142221 0.156929 0.180488 0.192451 0.24677 0.25728 0.269116 0.274723 0.288981 0.173293 0.287486 0.0658192 0.117456 0.0369437 0.105073 0.0856265 0.0961284 0.155635 0.12224 0.128801 0.0950125 0 
0 0.00819011 0.0305564 0.0133897 0.046877 0.063714 0.084596 0.087957 0.10857 0.145657 0.157466 0.171015 0.182785 0.224107 0.159935 0.331754 0.286061 0.0719184 0.107726 0.091793 0.141257 0.0925771 0.0793735 0.12114 0.0985682 0.0810096 0.0936793 0.115254 0.131816 0.106017 0 
0 0.0194037 0.0313323 0.0429068 0.0213992 0.0731081 0.0856352 0.0819026 0.109511 0.139542 0.168458 0.182383 0.176807 0.205294 0.197701 0.185765 0.215264 0.211643 0.253006 0.271099 0.0935343 0.27263 0.0964233 0.0807106 0.0866724 0.0950866 0.0686405 0.0724943 0.0754921 0.119139 0 
0 0.0231308 0.0536519 0.0425317 0.053529 0.0587967 0.0880534 0.106923 0.10486 0.140857 0.130367 0.217766 0.203607 0.212508 0.183312 0.163046 0.0615525 0.218191 0.152457 0.236753 0.337033 0.201286 0.119311 0.213963 0.0872311 0.0920476 0.0925893 0.103407 0.0731814 0.0693648 0 
0 0.0333429 0.0387459 0.0487529 0.0534844 0.0720601 0.0839941 0.0940808 0.15332 0.122744 0.151805 0.172747 0.181024 0.181124 0.154653 0.156726 0.139077 0.0526946 0.13175 0.0412087 0.0833601 0.148038 0.0747269 0.0954607 0.0647209 0.112037 0.0587511 0.0781937 0.0695913 0.0897145 0 
0 0.0301668 0.0474885 0.0491237 0.0447848 0.0755017 0.0740822 0.123725 0.119385 0.149436 0.127219 0.186538 0.176764 0.122443 0.18797 0.130926 0.0641801 0.133141 0.10739 0.0953071 0.0995903 0.0667806 0.0683095 0.0820427 0.072234 0.0752639 0.0744006 0.0720753 0.0852104 0.0871605 0 
0 0.0409445 0.0445984 0.0483831 0.0745381 0.0855704 0.0941102 0.113604 0.105787 0.146655 0.126443 0.155358 0.144827 0.135844 0.136851 0.115182 0.150673 0.110942 0.13365 0.0911802 0.0709397 0.0649896 0.0763529 0.0562907 0.0795198 0.059343 0.0705126 0.0606863 0.0714081 0.0520767 0 
0 0.0265548 0.041959 0.0659845 0.0719206 0.0878439 0.0898501 0.115637 0.103791 0.121452 0.114176 0.114492 0.107337 0.144071 0.101679 0.123359 0.0266417 0.0302437 0.0867648 0.0666098 0.0571072 0.0528162 0.0567148 0.0741543 0.0988289 0.0553073 0.0530337 0.063147 0.058704 0.0578052 0 
0 0.0393995 0.044486 0.0613037 0.0692669 0.0814103 0.0945034 0.0987692 0.102587 0.110107 0.115697 0.127336 0.10721 0.100512 0.0747325 0.0843731 0.0784475 0.0819869 0.0550894 0.0623713 0.0333579 0.0510146 0.0471302 0.0509146 0.042383 0.0494221 0.0418183 0.0414969 0.0467691 0.0462737 0 
0 0.0451132 0.0412077 0.0610009 0.0690456 0.0800258 0.0842287 0.0877513 0.100942 0.0933286 0.0957396 0.10625 0.0972281 0.0781479 0.0683858 0.0460324 0.0705662 0.0522433 0.0584799 0.0334855 0.0378364 0.0440685 0.0413779 0.0438519 0.0421341 0.0467359 0.0438447 0.0395784 0.0434927 0.0429035 0 
0 0.0323965 0.042132 0.0550351 0.068047 0.0769967 0.0750269 0.0778947 0.0723275 0.0823883 0.0908442 0.0953219 0.064179 0.0515764 0.031387 0.0424109 0.0456188 0.0226015 0.0292076 0.02952 0.0348327 0.0380601 0.037772 0.0397971 0.038387 0.0416447 0.0349568 0.0342274 0.035996 0.033017 0 
0 0.0284403 0.0440801 0.0602956 0.063395 0.0637309 0.0713207 0.069895 0.0780986 0.0496184 0.0665621 0.0707286 0.0542854 0.0492099 0.0484609 0.0560824 0.026621 0.0352444 0.0163577 0.0392714 0.0351572 0.0286823 0.0315118 0.0280395 0.0390295 0.0328276 0.0377107 0.0334324 0.0337393 0.0330793 0 
0 0.0290879 0.0425601 0.0486733 0.0546103 0.058215 0.0622158 0.0637631 0.056946 0.0603834 0.0614841 0.0369733 0.0515221 0.0511675 0.0448285 0.0414161 0.0262802 0.00860131 0.0290838 0.015087 0.0246987 0.0278557 0.0311511 0.0292905 0.0284 0.0293313 0.0288469 0.0286122 0.0315294 0.0290942 0 
0 0.0301855 0.0353623 0.0379484 0.0501056 0.0425167 0.045436 0.0441669 0.0378061 0.0411338 0.0504425 0.0479369 0.0412375 0.0198621 0.0217484 0.0415684 0.0117174 0.00590429 0.0194946 0.0160935 0.0215629 0.0194256 0.0214615 0.0228323 0.0221215 0.0255293 0.0174601 0.0269877 0.0203079 0.0255219 0 
0 0.0229052 0.0276369 0.0364708 0.0315748 0.0343327 0.0369976 0.033957 0.0367679 0.0276283 0.0277111 0.0391438 0.018052 0.0226167 0.00365951 0.0100824 0.00449614 0.0292413 0.0206439 0.0200669 0.0170305 0.01433 0.0179159 0.0139975 0.013942 0.0140545 0.0146575 0.0153674 0.0112875 0.0148219 0 
0 0 0 0 0 0 0 0 0 0 0 0 0 0 0 0 0 0 0 0 0 0 0 0 0 0 0 0 0 0 0 
