-0 -0.104528 -0.207912 -0.309017 -0.406737 -0.5 -0.587785 -0.669131 -0.743145 -0.809017 -0.866025 -0.913545 -0.951057 -0.978148 -0.994522 -1 -0.994522 -0.978148 -0.951057 -0.913545 -0.866025 -0.809017 -0.743145 -0.669131 -0.587785 -0.5 -0.406737 -0.309017 -0.207912 -0.104528 -1.22465e-16 
0.104528 0.0243699 -0.0841002 -0.212232 -0.31317 -0.397368 -0.471577 -0.534659 -0.618633 -0.685699 -0.742885 -0.782948 -0.838002 -0.85657 -0.874854 -0.891468 -0.899062 -0.867171 -0.840286 -0.828622 -0.791777 -0.752904 -0.685245 -0.639142 -0.565183 -0.479276 -0.414138 -0.337583 -0.262321 -0.194925 0 
0.207912 0.131733 0.0341392 -0.0919271 -0.211887 -0.263746 -0.382549 -0.440369 -0.500063 -0.584557 -0.640997 -0.689093 -0.73078 -0.755104 -0.788063 -0.791782 -0.79092 -0.780213 -0.774514 -0.758257 -0.713895 -0.690865 -0.632202 -0.590968 -0.538448 -0.473186 -0.424497 -0.360242 -0.289676 -0.263743 0 
0.309017 0.218948 0.125706 -0.00328118 -0.108694 -0.1812 -0.261817 -0.315573 -0.416421 -0.481825 -0.536692 -0.583257 -0.62021 -0.672112 -0.689418 -0.679961 -0.707715 -0.676311 -0.683177 -0.682458 -0.655829 -0.640973 -0.599073 -0.554284 -0.510184 -0.45956 -0.419934 -0.38338 -0.334053 -0.313821 0 
0.406737 0.297744 0.214196 0.0936217 0.00560634 -0.0940672 -0.164961 -0.221738 -0.295187 -0.398269 -0.446252 -0.487747 -0.523334 -0.579429 -0.591853 -0.602813 -0.619757 -0.624195 -0.628763 -0.622415 -0.603001 -0.583996 -0.553328 -0.517827 -0.488293 -0.452327 -0.419362 -0.388971 -0.355145 -0.342604 0 
0.5 0.38065 0.289565 0.165522 0.0983975 0.00216465 -0.0552702 -0.150334 -0.234977 -0.316152 -0.337228 -0.391189 -0.437355 -0.473243 -0.498977 -0.520662 -0.537957 -0.542362 -0.552923 -0.559154 -0.546578 -0.536698 -0.52104 -0.497649 -0.468884 -0.43667 -0.414169 -0.393359 -0.370827 -0.358465 0 
0.587785 0.454633 0.372149 0.260044 0.156112 0.085436 -0.00125556 -0.0841568 -0.165903 -0.245996 -0.270766 -0.301961 -0.331029 -0.390993 -0.416157 -0.452914 -0.461402 -0.469537 -0.479562 -0.484104 -0.4907 -0.498851 -0.482022 -0.462412 -0.445432 -0.428867 -0.406573 -0.391017 -0.37721 -0.368792 0 
0.669131 0.599711 0.48603 0.345439 0.246155 0.147044 0.0617099 0.0188719 -0.0893871 -0.151358 -0.198954 -0.227704 -0.263952 -0.319604 -0.3631 -0.368715 -0.39557 -0.413825 -0.417725 -0.437716 -0.440951 -0.450591 -0.451149 -0.433119 -0.42446 -0.414947 -0.398221 -0.389282 -0.380979 -0.374119 0 
0.743145 0.640294 0.542113 0.445399 0.336387 0.228216 0.13611 0.0624276 -0.00666491 -0.0622965 -0.135034 -0.183384 -0.211504 -0.255851 -0.282824 -0.31753 -0.33193 -0.354154 -0.375557 -0.387601 -0.399892 -0.401468 -0.412921 -0.405128 -0.404853 -0.399459 -0.390575 -0.383359 -0.378233 -0.374328 0 
0.809017 0.717885 0.620054 0.493889 0.379754 0.287139 0.200142 0.123604 0.0698616 0.00692073 -0.0744399 -0.119483 -0.151077 -0.186072 -0.239412 -0.271153 -0.289302 -0.311831 -0.338057 -0.355926 -0.365969 -0.370658 -0.377634 -0.379483 -0.384026 -0.382298 -0.380524 -0.37458 -0.37257 -0.371263 0 
0.866025 0.748633 0.630543 0.557483 0.456818 0.35929 0.277345 0.19552 0.120017 0.0702837 -0.0124884 -0.057218 -0.0917591 -0.135904 -0.176557 -0.207946 -0.245277 -0.26909 -0.296437 -0.31608 -0.328704 -0.342015 -0.351251 -0.366321 -0.3663 -0.369375 -0.366364 -0.367759 -0.367049 -0.367266 0 
0.913545 0.826254 0.715397 0.618644 0.494331 0.402139 0.30552 0.226156 0.165081 0.097603 0.0490514 0.00393322 -0.0363426 -0.0771014 -0.118852 -0.168288 -0.206123 -0.232091 -0.264358 -0.285677 -0.305525 -0.315184 -0.334715 -0.343812 -0.35352 -0.356863 -0.360586 -0.361782 -0.363059 -0.363409 0 
0.951057 0.846378 0.747744 0.643691 0.521114 0.43193 0.35877 0.284689 0.212823 0.147269 0.0782797 0.0293794 -0.00720323 -0.0382476 -0.077621 -0.130582 -0.172579 -0.194839 -0.242716 -0.263989 -0.282881 -0.298209 -0.310772 -0.326579 -0.339504 -0.348523 -0.352567 -0.356728 -0.358482 -0.360013 0 
0.978148 0.89714 0.790858 0.667439 0.56968 0.481104 0.411343 0.322354 0.24481 0.175658 0.108951 0.0512312 0.0270728 -0.0243627 -0.0659784 -0.101274 -0.137549 -0.173826 -0.215323 -0.245186 -0.262359 -0.282816 -0.302913 -0.313094 -0.331496 -0.341876 -0.349784 -0.35294 -0.355544 -0.357322 0 
0.994522 0.871622 0.799079 0.694283 0.565967 0.494435 0.404592 0.342697 0.256654 0.206739 0.137307 0.0783549 0.0334659 -0.00220961 -0.0442563 -0.0847617 -0.123642 -0.167119 -0.204058 -0.229331 -0.252723 -0.283994 -0.302062 -0.313298 -0.329577 -0.339432 -0.346886 -0.351872 -0.354161 -0.355987 0 
1 0.903145 0.796995 0.677457 0.579324 0.488154 0.426007 0.364193 0.276493 0.199405 0.157571 0.0935458 0.0387136 -0.003432 -0.0450028 -0.0803723 -0.126481 -0.163433 -0.196479 -0.222086 -0.250899 -0.286398 -0.299918 -0.31672 -0.327108 -0.338402 -0.345735 -0.348569 -0.353496 -0.355693 0 
0.994522 0.897552 0.802928 0.712709 0.602415 0.489994 0.424392 0.337257 0.269848 0.203282 0.145276 0.0771576 0.0263122 -0.0122014 -0.043134 -0.0890729 -0.122972 -0.172215 -0.206301 -0.233833 -0.262055 -0.285877 -0.300954 -0.317793 -0.327594 -0.33934 -0.346968 -0.351147 -0.354068 -0.355988 0 
0.978148 0.861116 0.762912 0.675385 0.558571 0.495046 0.422256 0.33646 0.246688 0.187965 0.13993 0.076415 0.0210622 -0.00612224 -0.0753809 -0.099589 -0.141759 -0.18943 -0.220743 -0.247348 -0.272865 -0.289962 -0.310998 -0.325688 -0.335312 -0.345486 -0.349289 -0.35309 -0.356052 -0.358165 0 
0.951057 0.860961 0.721842 0.614891 0.506559 0.438519 0.363696 0.292593 0.223189 0.15679 0.107877 0.0203326 -0.00735088 -0.0310368 -0.0864223 -0.124565 -0.156714 -0.19979 -0.240289 -0.266743 -0.283366 -0.304795 -0.325826 -0.335471 -0.341989 -0.350755 -0.355509 -0.35888 -0.361008 -0.36147 0 
0.913545 0.832603 0.727462 0.567974 0.468313 0.414215 0.337609 0.258073 0.164943 0.11125 0.0573674 0.00256345 -0.0530583 -0.0799953 -0.118336 -0.140265 -0.180062 -0.232548 -0.260573 -0.294981 -0.308584 -0.331339 -0.340081 -0.347121 -0.357247 -0.361331 -0.363124 -0.364773 -0.366241 -0.365665 0 
0.866025 0.774213 0.665032 0.52811 0.447852 0.379108 0.271127 0.210733 0.131283 0.0509279 0.0132084 -0.0489866 -0.0928773 -0.125303 -0.162743 -0.189975 -0.227019 -0.263424 -0.301686 -0.320769 -0.340368 -0.358215 -0.360314 -0.362879 -0.365697 -0.366149 -0.372247 -0.372699 -0.372042 -0.370535 0 
0.809017 0.692812 0.592621 0.473469 0.380776 0.274919 0.240983 0.142452 0.0882171 0.017318 -0.0411409 -0.113596 -0.156846 -0.185944 -0.23237 -0.259884 -0.284424 -0.315043 -0.341425 -0.359895 -0.371015 -0.382092 -0.38522 -0.384916 -0.388794 -0.38603 -0.380381 -0.380324 -0.37458 -0.373164 0 
0.743145 0.627856 0.52352 0.428141 0.278931 0.225904 0.150572 0.0767348 0.01786 -0.0407127 -0.0925046 -0.149066 -0.216253 -0.246345 -0.276565 -0.301099 -0.341342 -0.365519 -0.383898 -0.40703 -0.417205 -0.415624 -0.406232 -0.406907 -0.404256 -0.397937 -0.390671 -0.384475 -0.379217 -0.375122 0 
0.669131 0.560174 0.424643 0.313641 0.234687 0.162667 0.0833376 0.00698327 -0.0730859 -0.130506 -0.168888 -0.216531 -0.251211 -0.311387 -0.355467 -0.372799 -0.416068 -0.42388 -0.447149 -0.461052 -0.455864 -0.449149 -0.449311 -0.437478 -0.423793 -0.411869 -0.402468 -0.389361 -0.379845 -0.37447 0 
0.587785 0.48445 0.33209 0.237195 0.170217 0.0823902 -0.00772684 -0.0580459 -0.130723 -0.205448 -0.252235 -0.304511 -0.348328 -0.384249 -0.441563 -0.462227 -0.464311 -0.477203 -0.498531 -0.496008 -0.495214 -0.492839 -0.478509 -0.457064 -0.441336 -0.423559 -0.409401 -0.395099 -0.376673 -0.368811 0 
0.5 0.375474 0.251032 0.158586 0.0748445 -0.0226239 -0.0884886 -0.159562 -0.21519 -0.260583 -0.316652 -0.397787 -0.440575 -0.469504 -0.50583 -0.532888 -0.552619 -0.551273 -0.561116 -0.560223 -0.53985 -0.531156 -0.517782 -0.488335 -0.464284 -0.441905 -0.419344 -0.3931 -0.371285 -0.358619 0 
0.406737 0.301447 0.183317 0.0903924 -0.0210382 -0.0914928 -0.164306 -0.243112 -0.311319 -0.383865 -0.417545 -0.48087 -0.527419 -0.566511 -0.589202 -0.626089 -0.628646 -0.634558 -0.616528 -0.607041 -0.587758 -0.567595 -0.544768 -0.515187 -0.473932 -0.440916 -0.417236 -0.38478 -0.355466 -0.338173 0 
0.309017 0.197217 0.0819783 -0.00573048 -0.110269 -0.186057 -0.28903 -0.344395 -0.388032 -0.457513 -0.535983 -0.58419 -0.628776 -0.663574 -0.700811 -0.695496 -0.721039 -0.716186 -0.691445 -0.685764 -0.649838 -0.617485 -0.59065 -0.552784 -0.50655 -0.46713 -0.419604 -0.373974 -0.325999 -0.305124 0 
0.207912 0.0813545 -0.0012773 -0.0984067 -0.20866 -0.28372 -0.387522 -0.46793 -0.520126 -0.566378 -0.612405 -0.673514 -0.712842 -0.743895 -0.788884 -0.785203 -0.780673 -0.788611 -0.772088 -0.751348 -0.708223 -0.672992 -0.624867 -0.584593 -0.534102 -0.475226 -0.413807 -0.353983 -0.299936 -0.256034 0 
0.104528 -0.00609571 -0.10422 -0.196607 -0.301195 -0.393319 -0.488048 -0.552087 -0.632591 -0.680163 -0.747274 -0.780562 -0.828649 -0.853131 -0.889313 -0.893319 -0.878722 -0.869631 -0.845309 -0.827952 -0.78035 -0.738039 -0.685865 -0.624651 -0.56531 -0.491743 -0.411269 -0.32972 -0.260028 -0.198127 0 
-0 -0.104528 -0.207912 -0.309017 -0.406737 -0.5 -0.587785 -0.669131 -0.743145 -0.809017 -0.866025 -0.913545 -0.951057 -0.978148 -0.994522 -1 -0.994522 -0.978148 -0.951057 -0.913545 -0.866025 -0.809017 -0.743145 -0.669131 -0.587785 -0.5 -0.406737 -0.309017 -0.207912 -0.104528 -1.22465e-16 
