-0 -0.104528 -0.207912 -0.309017 -0.406737 -0.5 -0.587785 -0.669131 -0.743145 -0.809017 -0.866025 -0.913545 -0.951057 -0.978148 -0.994522 -1 -0.994522 -0.978148 -0.951057 -0.913545 -0.866025 -0.809017 -0.743145 -0.669131 -0.587785 -0.5 -0.406737 -0.309017 -0.207912 -0.104528 -1.22465e-16 
0.104528 -0.0180032 -0.0925376 -0.246752 -0.335419 -0.43413 -0.502195 -0.584199 -0.614187 -0.701722 -0.729204 -0.813451 -0.82493 -0.859082 -0.88208 -0.887023 -0.867122 -0.866881 -0.849409 -0.821238 -0.799149 -0.747578 -0.695732 -0.636476 -0.565026 -0.496353 -0.406713 -0.332808 -0.260728 -0.204813 0 
0.207912 0.0903316 -0.0227898 -0.135704 -0.246098 -0.300502 -0.40962 -0.464329 -0.5096 -0.586167 -0.632836 -0.696854 -0.722328 -0.753875 -0.749042 -0.785634 -0.778722 -0.782241 -0.735916 -0.747007 -0.715042 -0.676881 -0.632124 -0.578986 -0.515168 -0.467374 -0.391523 -0.337444 -0.293129 -0.255884 0 
0.309017 0.216559 0.0736345 0.0111998 -0.0839447 -0.200353 -0.329609 -0.352905 -0.404943 -0.482122 -0.509231 -0.553028 -0.632749 -0.636174 -0.630607 -0.640264 -0.681023 -0.674415 -0.657597 -0.683418 -0.637625 -0.632952 -0.595686 -0.533225 -0.507158 -0.455607 -0.395195 -0.349379 -0.316504 -0.290441 0 
0.406737 0.247222 0.262121 0.140589 0.0296532 -0.0797189 -0.20567 -0.237992 -0.268189 -0.326283 -0.375645 -0.421697 -0.453686 -0.50577 -0.557053 -0.537195 -0.551784 -0.577424 -0.591166 -0.58751 -0.578724 -0.566331 -0.552202 -0.513544 -0.475849 -0.424953 -0.38405 -0.361794 -0.323874 -0.303521 0 
0.5 0.426948 0.308499 0.218179 0.130542 0.0553047 -0.0370436 -0.0805071 -0.131466 -0.208884 -0.291339 -0.343019 -0.373651 -0.404511 -0.431286 -0.452967 -0.484717 -0.487868 -0.495758 -0.491146 -0.522805 -0.513567 -0.49706 -0.456344 -0.432536 -0.400606 -0.373294 -0.352837 -0.323156 -0.309039 0 
0.587785 0.503663 0.406769 0.33269 0.230114 0.207095 0.0911288 0.00161623 -0.0352165 -0.103476 -0.142303 -0.212577 -0.259393 -0.287805 -0.353677 -0.367236 -0.387451 -0.414695 -0.40798 -0.436378 -0.437094 -0.442909 -0.424477 -0.399529 -0.384754 -0.369791 -0.347739 -0.329546 -0.313546 -0.304343 0 
0.669131 0.609932 0.502219 0.437863 0.386525 0.337229 0.216995 0.155915 0.0778623 0.0174676 -0.0426351 -0.0944766 -0.129103 -0.173319 -0.240768 -0.236126 -0.269391 -0.335728 -0.322872 -0.346771 -0.352723 -0.377539 -0.381067 -0.35256 -0.355684 -0.340257 -0.328684 -0.313844 -0.298751 -0.295001 0 
0.743145 0.653834 0.583636 0.537589 0.490468 0.404722 0.322571 0.228301 0.183179 0.0736767 0.0239374 -0.00320038 -0.0539571 -0.0819533 -0.134763 -0.158084 -0.208079 -0.226728 -0.253657 -0.276602 -0.294367 -0.329277 -0.316876 -0.305587 -0.321726 -0.318225 -0.304144 -0.297872 -0.284766 -0.280557 0 
0.809017 0.746275 0.692726 0.632937 0.600516 0.486856 0.432009 0.336591 0.276478 0.166202 0.15299 0.0998701 0.0705031 0.00370668 -0.0771916 -0.0792108 -0.112475 -0.141088 -0.166442 -0.20112 -0.215542 -0.236248 -0.25641 -0.269879 -0.270557 -0.271191 -0.2701 -0.271434 -0.26891 -0.2633 0 
0.866025 0.802762 0.76326 0.716091 0.694635 0.576884 0.499536 0.383432 0.358382 0.286847 0.191091 0.126945 0.121275 0.062902 0.0315563 0.0220201 -0.0153238 -0.0527239 -0.0939651 -0.117017 -0.180527 -0.198443 -0.20243 -0.22849 -0.240615 -0.239746 -0.24324 -0.248223 -0.246719 -0.245386 0 
0.913545 0.873662 0.816406 0.771534 0.71751 0.612808 0.53586 0.476463 0.439109 0.371359 0.294141 0.228078 0.203185 0.132591 0.101275 0.0697312 0.0530057 0.0135678 -0.0444957 -0.0395714 -0.0972105 -0.153175 -0.169231 -0.178743 -0.210018 -0.204543 -0.216939 -0.217176 -0.226579 -0.229099 0 
0.951057 0.92224 0.863098 0.78831 0.758348 0.686601 0.598619 0.566189 0.48665 0.423223 0.348549 0.288031 0.277374 0.207697 0.175336 0.16674 0.127765 0.0742003 0.0192379 -0.00218353 -0.0361424 -0.10693 -0.12423 -0.142784 -0.163069 -0.172495 -0.186458 -0.198301 -0.208585 -0.212933 0 
0.978148 0.907894 0.887063 0.837926 0.784509 0.751815 0.68279 0.602463 0.534193 0.499209 0.428498 0.381489 0.340859 0.276132 0.248951 0.207063 0.174548 0.134701 0.0848429 0.0540109 0.00787809 -0.0524815 -0.0879779 -0.101087 -0.131471 -0.153035 -0.166229 -0.178687 -0.193289 -0.198118 0 
0.994522 0.937519 0.904737 0.849116 0.796899 0.768277 0.709639 0.649754 0.580204 0.526629 0.482889 0.426473 0.366509 0.329152 0.285903 0.250306 0.201097 0.160536 0.116005 0.082308 0.037796 -0.0273223 -0.0565727 -0.0750612 -0.101626 -0.129865 -0.152923 -0.168567 -0.180819 -0.186514 0 
1 0.94935 0.917303 0.874133 0.821946 0.743316 0.699204 0.644997 0.586819 0.538782 0.502879 0.430988 0.384747 0.358428 0.309337 0.26398 0.212382 0.1806 0.123615 0.088983 0.0523006 0.00310335 -0.0344456 -0.0663059 -0.0986352 -0.123061 -0.146358 -0.161505 -0.173163 -0.180065 0 
0.994522 0.957615 0.902063 0.874911 0.807055 0.745675 0.689001 0.633468 0.580826 0.518327 0.476109 0.425531 0.385449 0.351867 0.322434 0.270078 0.218458 0.16756 0.123018 0.0896038 0.0502986 0.00413768 -0.0383804 -0.0708207 -0.100649 -0.12766 -0.144451 -0.158686 -0.171677 -0.17851 0 
0.978148 0.942266 0.889327 0.847693 0.742887 0.706016 0.65872 0.629848 0.570251 0.501848 0.467621 0.41842 0.376432 0.326946 0.291488 0.232327 0.199986 0.153074 0.11698 0.0779172 0.0432933 0.0051028 -0.0463944 -0.0839603 -0.112878 -0.139029 -0.153446 -0.171968 -0.179477 -0.185498 0 
0.951057 0.900336 0.829451 0.793785 0.72409 0.678286 0.629874 0.576261 0.545349 0.471929 0.408602 0.342644 0.321162 0.265611 0.245678 0.194023 0.159795 0.12295 0.0723858 0.0346224 0.0187574 -0.0439994 -0.0824075 -0.104077 -0.139031 -0.159664 -0.172001 -0.176405 -0.186791 -0.194087 0 
0.913545 0.866508 0.77018 0.744271 0.677771 0.629205 0.561203 0.539313 0.447682 0.417123 0.36515 0.288317 0.257541 0.207257 0.174444 0.144614 0.103067 0.0557115 0.0375502 0.000934494 -0.0589203 -0.105888 -0.114104 -0.132485 -0.154481 -0.171832 -0.182182 -0.193033 -0.195393 -0.204277 0 
0.866025 0.807677 0.7538 0.678856 0.596115 0.542442 0.520001 0.460639 0.424499 0.32103 0.30363 0.23244 0.168492 0.137479 0.106764 0.0442785 0.0344542 -0.0170539 -0.0452974 -0.0754608 -0.11627 -0.133177 -0.157643 -0.166447 -0.175713 -0.194429 -0.205208 -0.214896 -0.221179 -0.22219 0 
0.809017 0.731404 0.69599 0.634706 0.564252 0.528933 0.45283 0.360452 0.311906 0.268549 0.189149 0.138872 0.100589 0.0917142 0.0409296 -0.0266995 -0.053839 -0.117858 -0.134192 -0.16282 -0.194505 -0.219239 -0.244795 -0.233223 -0.241435 -0.226386 -0.24095 -0.239013 -0.244163 -0.243783 0 
0.743145 0.669161 0.633144 0.563556 0.52376 0.458466 0.3072 0.250826 0.244146 0.110205 0.103594 0.0590452 0.0336138 0.0108207 -0.056519 -0.0809694 -0.144319 -0.20422 -0.209325 -0.246527 -0.273884 -0.299527 -0.291551 -0.286117 -0.286505 -0.265289 -0.264682 -0.257874 -0.260528 -0.258171 0 
0.669131 0.577694 0.531941 0.453828 0.387325 0.333793 0.221739 0.195252 0.124874 0.0609156 0.0294963 -0.027228 -0.08356 -0.109401 -0.119408 -0.214736 -0.226198 -0.286298 -0.288988 -0.313347 -0.339877 -0.338344 -0.32659 -0.32451 -0.314405 -0.311923 -0.293111 -0.286865 -0.279235 -0.273337 0 
0.587785 0.535419 0.412741 0.377614 0.274263 0.257175 0.16938 0.0257721 0.000175683 -0.0230537 -0.0931011 -0.138394 -0.2106 -0.218407 -0.290402 -0.299117 -0.336866 -0.38257 -0.374247 -0.388991 -0.401327 -0.397206 -0.391505 -0.370742 -0.358459 -0.340063 -0.325713 -0.305288 -0.293997 -0.286023 0 
0.5 0.466687 0.303363 0.268289 0.193956 0.126573 0.0383829 -0.0177858 -0.0542009 -0.135709 -0.189317 -0.261164 -0.320002 -0.369194 -0.376922 -0.390043 -0.416013 -0.436076 -0.479398 -0.460954 -0.452812 -0.459631 -0.459554 -0.408087 -0.401632 -0.362432 -0.350367 -0.319601 -0.29648 -0.287086 0 
0.406737 0.360458 0.262757 0.164256 0.0287315 -0.025599 -0.0755541 -0.170722 -0.21159 -0.239634 -0.307761 -0.371913 -0.417341 -0.456981 -0.504333 -0.492341 -0.513407 -0.53811 -0.547442 -0.537796 -0.523439 -0.516105 -0.502422 -0.456482 -0.437883 -0.402467 -0.363257 -0.328356 -0.304843 -0.285303 0 
0.309017 0.211725 0.11829 0.0566479 -0.105069 -0.13487 -0.178644 -0.257604 -0.331915 -0.378269 -0.425197 -0.480434 -0.522329 -0.608436 -0.6076 -0.616679 -0.611484 -0.640393 -0.61337 -0.624477 -0.6166 -0.595319 -0.570998 -0.541323 -0.479544 -0.438712 -0.36473 -0.338416 -0.299842 -0.262971 0 
0.207912 0.10478 0.0117589 -0.0855709 -0.196785 -0.238752 -0.291516 -0.361454 -0.435455 -0.51697 -0.60912 -0.632183 -0.668087 -0.724718 -0.733927 -0.732784 -0.754064 -0.751979 -0.724935 -0.714535 -0.687343 -0.654079 -0.617452 -0.577406 -0.499114 -0.447115 -0.366749 -0.330211 -0.275365 -0.222383 0 
0.104528 -0.0122027 -0.0815914 -0.163471 -0.308946 -0.379688 -0.436996 -0.482693 -0.579711 -0.670947 -0.709576 -0.756335 -0.802841 -0.835386 -0.845888 -0.852495 -0.857908 -0.860512 -0.828902 -0.81853 -0.782221 -0.717735 -0.672835 -0.612105 -0.554294 -0.449281 -0.376455 -0.316097 -0.239987 -0.167777 0 
-0 -0.104528 -0.207912 -0.309017 -0.406737 -0.5 -0.587785 -0.669131 -0.743145 -0.809017 -0.866025 -0.913545 -0.951057 -0.978148 -0.994522 -1 -0.994522 -0.978148 -0.951057 -0.913545 -0.866025 -0.809017 -0.743145 -0.669131 -0.587785 -0.5 -0.406737 -0.309017 -0.207912 -0.104528 -1.22465e-16 
