0 0 0 0 0 0 0 0 0 0 0 0 0 0 0 0 0 0 0 0 0 0 0 0 0 0 0 0 0 0 0 
0 0.0134649 0.0130511 0.0128999 0.0126478 0.0118815 0.0110761 0.0129897 0.0110859 0.0113761 0.0104601 0.0100178 0.00779391 0.00999313 0.00926287 0.00881041 0.00742635 0.00862687 0.00817898 0.00608242 0.00593481 0.00495905 0.00684993 0.00471284 0.00541412 0.00614511 0.00533316 0.00551877 0.00595184 0.00624739 0 
0 0.0136797 0.0151685 0.0142474 0.0134218 0.0141162 0.0124729 0.0125877 0.0127069 0.0123171 0.0108126 0.0104939 0.00975812 0.00970634 0.00903578 0.0088445 0.00939924 0.00754057 0.00648525 0.006786 0.00689715 0.0056237 0.00626389 0.0057089 0.00573674 0.00516532 0.00465144 0.00504358 0.00590959 0.00445646 0 
0 0.016683 0.0169603 0.0158444 0.0151075 0.0127038 0.013438 0.0117988 0.0135934 0.0127539 0.0123217 0.0105315 0.0106258 0.00983536 0.0093579 0.010013 0.00912312 0.00921008 0.00773432 0.00685022 0.00571429 0.00531242 0.00509132 0.00534297 0.00487578 0.00504461 0.0042123 0.00339966 0.00397839 0.00295471 0 
0 0.0168219 0.014207 0.0178835 0.013073 0.0152184 0.012682 0.0138232 0.0125343 0.0128345 0.0115297 0.00979906 0.010684 0.0101774 0.00817518 0.00888496 0.00871555 0.00670121 0.00586319 0.0056353 0.00638967 0.00527549 0.00509455 0.00511923 0.00436982 0.00396168 0.003861 0.00324985 0.00336689 0.0019528 0 
0 0.0181445 0.0168479 0.0187076 0.0142974 0.0145847 0.012725 0.0132993 0.0119452 0.0124012 0.0123401 0.0116617 0.0108862 0.010973 0.00849152 0.00851321 0.00738813 0.00711153 0.00698686 0.00596143 0.00546931 0.00502683 0.00400569 0.00407476 0.00365263 0.00379899 0.00310463 0.00254214 0.00187125 0.0010119 0 
0 0.0216226 0.0185988 0.0177278 0.0160217 0.0130315 0.0143314 0.0132862 0.0123011 0.0143409 0.0119258 0.0100931 0.0109204 0.00965327 0.00935458 0.00897354 0.00792857 0.00668288 0.00737145 0.00588317 0.00551155 0.00412228 0.00453911 0.00408842 0.00350521 0.0022749 0.00308325 0.00190468 0.00174139 0.000715207 0 
0 0.014978 0.0159288 0.018297 0.0154288 0.0145732 0.0149676 0.0103836 0.0140017 0.0109093 0.012843 0.0104438 0.00961179 0.00956829 0.00860906 0.00705247 0.00643793 0.00591667 0.00580522 0.00555153 0.00527517 0.00463457 0.00395835 0.00384928 0.00273039 0.00212843 0.0024317 0.00113429 0.000432055 0.000349988 0 
0 0.0167245 0.0162778 0.0159452 0.0152903 0.0147793 0.0127893 0.0146066 0.0125973 0.0117366 0.0105353 0.0103598 0.00959868 0.00790841 0.00901252 0.00767453 0.00619845 0.00582615 0.00548453 0.00496535 0.00440875 0.00407526 0.00367475 0.00342906 0.00212593 0.0021994 0.00135672 0.00154389 0.000446309 0.000234882 0 
0 0.0153965 0.0137558 0.0166351 0.0168029 0.0159409 0.0133664 0.01263 0.0102648 0.00997172 0.0124445 0.00946389 0.00868471 0.00846897 0.00981735 0.00907995 0.00624429 0.00643612 0.00546472 0.00504435 0.00420724 0.00356806 0.00330285 0.00308788 0.00208598 0.00184995 0.00109854 0.00167614 0.000414579 0.00027266 0 
0 0.0187876 0.0189656 0.0138341 0.0148826 0.0137301 0.0121556 0.0118993 0.0113098 0.00986437 0.0117618 0.0102419 0.00758727 0.00841406 0.00738267 0.00733759 0.00601047 0.00616222 0.00623795 0.00449294 0.0033605 0.00355103 0.00327442 0.0028739 0.00281132 0.0018111 0.00175981 0.000550953 0.000438168 0.000275465 0 
0 0.0130579 0.01377 0.012787 0.0176288 0.0135147 0.0131909 0.0131859 0.0119058 0.0113709 0.00793967 0.00868037 0.0065948 0.00616631 0.00701471 0.00751301 0.00654958 0.00484686 0.00581281 0.00371468 0.0039811 0.00212011 0.00250959 0.00263001 0.00212803 0.00209079 0.00080075 0.000994445 0.000366809 0.000237963 0 
0 0.0162035 0.0160028 0.0171053 0.0166773 0.0137675 0.0108533 0.0115822 0.0105964 0.0100464 0.00966552 0.00970098 0.00797324 0.00630655 0.0058216 0.00761237 0.00681988 0.00491649 0.00572362 0.00430539 0.00351739 0.00289044 0.00327685 0.00193019 0.00195056 0.00158034 0.00182412 0.000982449 0.000333746 0.000213579 0 
0 0.0125869 0.0111716 0.0156358 0.01274 0.0104508 0.00896609 0.0114314 0.0108205 0.00961479 0.0100596 0.00982899 0.00440591 0.00773808 0.00785927 0.00629212 0.00466935 0.00563606 0.0049511 0.00396872 0.00272196 0.00280347 0.00261716 0.00158178 0.00218263 0.00142906 0.00069496 0.000346268 0.000244386 0.000175787 0 
0 0.0191331 0.0128829 0.0128357 0.0171024 0.0104026 0.013172 0.0105637 0.0127261 0.0081859 0.00960592 0.00933572 0.0087922 0.00620095 0.0066083 0.00568546 0.00568349 0.00612812 0.00493979 0.00310555 0.00306815 0.00389962 0.00235399 0.00189479 0.00154503 0.00120855 0.000929939 0.000529036 0.000260236 0.00016943 0 
0 0.013557 0.0152977 0.0171102 0.014514 0.0139886 0.00883976 0.00817585 0.0102225 0.0107972 0.00643429 0.00809107 0.00759242 0.0070827 0.00677389 0.00664369 0.00672766 0.00471325 0.00396044 0.00294764 0.00339773 0.0037116 0.00184148 0.00207388 0.00160167 0.00106442 0.00119868 0.00122372 0.00032982 0.000199449 0 
0 0.0150007 0.0137386 0.00926703 0.0115028 0.0136798 0.0110087 0.0124679 0.00941781 0.0094341 0.00881049 0.0101474 0.00902874 0.0076509 0.00628691 0.00663814 0.00473284 0.00645312 0.00507508 0.00409313 0.00422094 0.00298457 0.00224382 0.00141266 0.00129468 0.001037 0.00117606 0.000552274 0.0005875 0.000189801 0 
0 0.0169567 0.0177109 0.0145576 0.0164936 0.00869879 0.0096601 0.0108689 0.0117859 0.0085381 0.00729008 0.00968804 0.00768726 0.00473396 0.0101721 0.00557888 0.00711699 0.00672492 0.00580717 0.00413858 0.00401429 0.00313591 0.00289776 0.00206784 0.00146074 0.00214384 0.00137437 0.00100253 0.00037562 0.000301812 0 
0 0.0138337 0.0188885 0.0181753 0.0158043 0.0137715 0.0137356 0.0129315 0.0106095 0.00988415 0.00765776 0.0125665 0.00739579 0.00604748 0.00657591 0.00712626 0.00465741 0.00594662 0.00561047 0.004307 0.00320108 0.00282 0.00372043 0.0026808 0.00224939 0.002458 0.00124683 0.000638782 0.000476899 0.000274389 0 
0 0.0127279 0.0139352 0.0205245 0.0156536 0.0110399 0.0118522 0.0127648 0.0138806 0.0110638 0.010228 0.00820922 0.00987583 0.00730371 0.00665829 0.00432933 0.0056128 0.00696672 0.00524254 0.0058652 0.00373565 0.00388551 0.00291076 0.00199405 0.00206437 0.00187216 0.00121334 0.0014026 0.000464806 0.000269991 0 
0 0.0157239 0.0174329 0.0186179 0.0132797 0.00948797 0.0149921 0.011897 0.0115131 0.0133508 0.00875217 0.0105716 0.0079717 0.00820493 0.00759881 0.00600905 0.00706419 0.00572642 0.00617639 0.00472456 0.00482898 0.00459308 0.00362652 0.00287942 0.00266462 0.00309591 0.00145968 0.000720097 0.000502241 0.000284086 0 
0 0.0171748 0.0178787 0.0168625 0.0152363 0.0167493 0.00780097 0.0142136 0.0100225 0.0117003 0.0116315 0.0132573 0.0108316 0.00839812 0.00916705 0.0084839 0.00801897 0.00721191 0.00645861 0.00593166 0.00450406 0.00465644 0.00333635 0.00286951 0.00260713 0.00176332 0.00254677 0.000976182 0.001463 0.000306356 0 
0 0.0174698 0.0163655 0.0137659 0.0187241 0.0121354 0.0141159 0.0129611 0.0123088 0.0112088 0.0109751 0.00947712 0.0106959 0.00894482 0.00723542 0.00748774 0.00763939 0.00660246 0.00545228 0.00547563 0.00511725 0.00428555 0.0046532 0.00298949 0.00300022 0.00240195 0.00225449 0.00235434 0.00162554 0.00100164 0 
0 0.0159716 0.0193251 0.01798 0.0128528 0.0123821 0.0128409 0.0134022 0.0135111 0.0124065 0.0113565 0.00998596 0.00833105 0.0103502 0.0096739 0.00849169 0.00900608 0.00712178 0.00703643 0.00614372 0.00461041 0.00477115 0.00409646 0.0043538 0.00302693 0.00296737 0.00248788 0.00271637 0.00211177 0.000692409 0 
0 0.0167092 0.0190238 0.0165725 0.0135561 0.0134822 0.0151683 0.0117133 0.0124542 0.0134522 0.0113559 0.0110714 0.0106146 0.00987969 0.0100074 0.00834213 0.00767499 0.00758813 0.00690688 0.00630353 0.00581752 0.00514646 0.00431584 0.00422547 0.00384235 0.00293176 0.00284467 0.00219675 0.00291559 0.00170807 0 
0 0.0182682 0.0179691 0.0141025 0.0156813 0.0154918 0.0136671 0.0131089 0.0135642 0.0109266 0.011253 0.0116605 0.0114877 0.00981664 0.00938969 0.00838456 0.00747561 0.00806921 0.00682302 0.00669487 0.00500094 0.00555284 0.00479723 0.00445322 0.00485397 0.00330306 0.00317574 0.00382966 0.00311187 0.00215604 0 
0 0.0144197 0.0146744 0.0140838 0.0148151 0.0122077 0.0131671 0.0133813 0.0125569 0.0121749 0.01116 0.0102894 0.0101831 0.00853317 0.00894254 0.00883812 0.00783413 0.00820914 0.00709108 0.00731983 0.00695909 0.00631914 0.00528886 0.00497193 0.00500062 0.00496657 0.0042493 0.00423841 0.00408955 0.00315 0 
0 0.0137692 0.0147447 0.0126783 0.0136261 0.0133308 0.014251 0.0115773 0.0107511 0.0102541 0.0114138 0.010232 0.0100078 0.00977361 0.00878792 0.00849118 0.00760913 0.00692083 0.00664201 0.00622391 0.00644073 0.0058422 0.00466467 0.00468094 0.00475036 0.00385536 0.0045618 0.00494375 0.00541086 0.00442637 0 
0 0.0139167 0.0114497 0.0112124 0.0121646 0.0113221 0.0115606 0.0114098 0.0115481 0.00956259 0.0085915 0.00936135 0.00847121 0.00866757 0.00789142 0.00800666 0.00720274 0.00674866 0.00642472 0.00585573 0.00670134 0.00583514 0.00540906 0.00457159 0.00419941 0.00546687 0.00500127 0.00505416 0.00501513 0.00536156 0 
0 0.00881369 0.00935747 0.0082463 0.00852943 0.00823559 0.00789986 0.00824487 0.00808202 0.00946136 0.00840882 0.00724919 0.00709181 0.0068589 0.00610826 0.006205 0.00579106 0.00571548 0.00544597 0.00444499 0.00498638 0.00451517 0.00385938 0.00472946 0.00356844 0.00336563 0.00437163 0.00499272 0.00478259 0.00504063 0 
0 0 0 0 0 0 0 0 0 0 0 0 0 0 0 0 0 0 0 0 0 0 0 0 0 0 0 0 0 0 0 
