-1.74265 4.12744
-2.45494 0.30565
-1.75402 -4.16609
-2.87749 -1.06025
-2.27878 3.78149
0.801265 -4.00296
3.28043 3.48223
-3.56769 0.458171
3.66754 1.60688
2.78168 1.77981
0.0317832 3.37734
-2.93155 -2.96174
0.615848 -0.782153
-4.74243 -0.737496
0.115841 -2.47275
2.11081 -0.680834
-2.97723 3.37254
-0.94256 2.14382
-0.0933962 2.74821
4.46522 0.922152
2.78354 -0.547438
-4.38405 0.727025
2.51462 2.26127
-3.91052 -1.69141
-0.488681 -3.99675
2.27319 -1.34839
-4.77727 1.31901
2.46957 0.266087
0.666159 3.99857
-0.111235 -1.02013
4.7312 0.06024
1.48344 4.5838
2.82447 -2.26331
-3.1098 -0.473532
1.20489 -3.7081
1.28782 -0.325734
3.96195 -2.37888
-1.93001 3.07711
0.209308 -4.30723
-1.89972 3.9885
-4.08635 -2.69369
-4.71585 0.33076
1.22985 -4.51638
2.98789 0.813525
0.14122 1.46316
1.77466 2.03826
-0.217702 3.52718
-0.0653004 -3.85745
2.65656 2.17837
0.136238 -3.8972
1.57314 4.64915
3.13637 -2.8021
-1.81058 1.94132
4.69435 0.896438
2.84988 -1.1069
-2.50693 1.06653
1.96064 -0.308292
-0.252721 -3.09325
1.09998 1.41416
0.263045 -3.72817
-0.621267 -3.71253
-2.53338 -3.69135
-1.38709 4.02602
4.66498 -0.909534
-4.178 0.0913921
2.14553 2.12861
1.98984 -1.201
-0.251776 3.01663
-0.346397 4.31055
-2.17761 3.3389
-4.69719 0.320029
-0.0878852 4.95275
1.31073 1.49135
-1.1469 -0.0230977
-3.82842 -3.0693
-1.41703 -4.70277
-1.80493 3.66366
1.48588 1.60049
-3.47681 3.53598
-0.783114 -2.42523
-2.5614 3.66329
-3.2687 3.65492
-4.16835 -1.76639
2.2772 -1.2368
0.449259 -4.95477
-0.917626 2.26243
2.48244 -0.589045
-0.906451 -3.26771
-1.85455 0.567979
0.163829 3.55002
2.78117 3.07494
-4.4765 1.24215
0.530183 -1.61794
0.796681 -3.29457
0.174444 0.288155
0.790143 -4.81448
-3.50793 1.56789
-4.69992 0.385197
-0.634778 4.76382
-3.03353 -3.36605
2.5167 2.90828
2.6217 1.34979
0.837238 -1.55082
0.832562 0.00214346
-2.05048 -0.438221
1.62447 -2.08131
0.560332 -3.8608
-1.21296 0.490772
-3.34904 3.32574
-1.46233 3.14355
-0.880732 0.884681
3.76085 2.91175
-0.413488 -2.93212
2.53168 -2.85334
3.34022 -2.23417
0.704901 -1.36528
2.3752 -4.2014
-2.71733 4.02751
4.04953 -1.76938
-4.6885 -0.339219
-4.17646 0.768175
-2.93871 2.31644
0.125978 3.05195
4.04486 2.10962
-3.77349 2.59708
-2.33855 1.79491
-0.156532 -3.48932
3.4377 1.53798
-3.5608 -0.156701
-4.4043 -0.259859
-2.80388 -0.988125
1.16268 1.79568
3.12293 -3.02512
1.1211 2.14824
-3.30384 0.871453
-4.38027 -2.02692
3.94294 -0.502958
1.2025 -4.08198
-2.60973 4.06143
-4.47324 -1.29258
-1.2646 3.4424
1.38638 4.0454
1.58931 1.32163
-3.59185 -1.887
0.207029 4.91693
-1.4237 2.35041
-2.97842 3.8206
-0.187765 2.16928
3.25403 -3.07801
1.65923 -3.60228
-3.52933 -1.05719
1.07328 3.19248
1.53867 3.73976
-0.33903 2.83976
1.20578 -0.410458
-3.19476 -2.89028
4.19244 -1.86375
-0.355327 -4.89042
-4.72223 -0.327024
-2.6392 -2.69812
2.3945 3.93123
0.166032 -0.205108
-1.32374 3.78299
-1.87781 -0.583942
0.264947 -0.0286576
-3.4121 1.46415
-3.57059 0.172579
3.37409 1.26022
2.61834 4.04026
2.28982 3.18927
-3.06015 -0.612964
-1.75481 -0.751745
1.76365 1.90249
1.31957 -3.11366
0.0585694 4.23287
-4.28489 1.15632
-0.36535 2.80015
0.462527 4.4004
-4.83979 -0.00692944
0.968091 -2.61538
-0.408858 -1.80794
-3.90508 1.19968
-0.0294734 -3.46697
0.0651476 -1.17068
-4.47788 0.454484
-3.55405 1.29398
-0.805467 -3.87598
-0.979979 -1.94402
-4.32111 0.722057
-0.798484 -3.32898
-2.74225 0.491501
0.938093 4.15359
-0.9906 -0.177934
1.02676 -2.51579
-2.35175 -4.15548
-2.04052 2.3705
4.9074 -0.176082
3.22514 2.36074
1.59138 2.32424
-1.00898 2.59509
-4.72616 -0.639633
-0.769318 -0.977321
-3.66068 -1.86144
0.358961 -3.5418
2.34395 1.11098
-3.97329 1.94099
0.27539 1.64429
-3.22584 3.24947
0.77118 3.08967
-4.86553 0.233516
-2.03094 0.192241
-0.941617 3.46708
-2.47857 1.62917
-1.04587 0.912059
4.15901 -1.60229
-0.992193 3.52643
2.68798 -1.36445
0.383242 -0.730971
-4.22142 0.914177
-1.80502 0.785505
1.42192 2.01611
-0.370201 4.88412
-0.511913 3.37793
-2.53216 -0.702458
-3.81699 -0.397414
0.816311 -1.0375
2.50399 3.71054
-1.94932 -0.957778
-2.17953 -2.89212
-3.0471 2.4229
-1.7918 -3.0825
-2.12428 -4.28392
1.29307 -4.08359
-2.07924 2.54757
-3.8579 -0.413305
0.730254 1.05617
-4.18413 0.526383
4.66301 1.38616
-0.669686 2.70749
-0.195677 3.10889
-0.461745 3.4091
0.0352538 0.692432
2.5723 -1.94374
-3.71957 1.80041
-2.10556 3.70054
-0.0791776 3.09839
-0.615996 -3.49972
-1.97961 -4.47982
0.545088 -1.72319
-2.97801 -1.77329
1.44745 -3.8315
2.44663 -3.68171
3.54989 -2.85145
-3.09989 0.383439
2.71029 -2.66195
-0.682073 -4.67392
-3.26858 3.68905
-1.02676 0.184639
-3.21668 0.477997
-2.50409 3.78472
0.852143 0.324693
-1.56121 -4.06494
-1.58592 -0.625894
-2.91503 3.3501
-4.17728 -0.735604
-3.72949 -1.43306
-3.78811 2.1886
1.68209 -0.766421
-1.54737 -2.3103
0.419169 -3.67224
0.368687 -4.35735
-2.62727 0.831194
-3.33009 3.69243
0.445863 3.77173
-3.93159 3.08821
-4.26909 2.3656
-3.09057 -2.78788
3.21726 -0.957475
3.63092 -2.98403
2.25503 0.501464
-0.933476 -1.99674
3.30199 -1.26527
-3.44555 -2.66426
2.37371 0.703865
-2.61787 -1.04714
-0.28015 1.49171
-3.33069 1.97092
2.58845 4.08838
1.20608 0.0126894
3.99122 2.21323
-1.75773 3.96616
0.622826 -3.52731
-1.79709 -0.957413
2.33656 3.76877
-3.15521 -2.48977
-0.407917 -1.49742
-0.0474025 0.155246
0.168696 3.61692
-0.0868542 1.75527
0.960259 -2.93239
-3.88493 -2.20431e-05
2.04278 -1.74211
-4.51999 -0.285649
1.27588 -3.50912
3.1388 2.33882
4.7914 -0.606778
1.76753 0.225858
-1.54342 4.06217
-1.43865 -2.58559
-3.08185 -0.738096
-1.47028 2.7163
3.8025 1.74918
-2.62607 -0.753328
-0.825669 3.45187
2.02804 0.286025
-0.303825 3.82905
0.885408 -2.51622
-4.12555 1.76645
2.91671 -2.26633
-0.623549 -2.69116
0.15716 3.56248
-0.731803 3.04985
1.59724 0.792995
-3.471 2.74571
1.91695 -2.79631
-0.531648 0.00103527
-4.3408 2.14696
-1.42717 3.90282
0.385758 0.338748
0.421331 3.10744
2.68676 2.25994
0.701729 -2.91162
-0.0495843 2.22436
-2.12908 3.37811
1.15026 2.13846
-1.30299 -3.6689
2.47601 3.77687
3.03595 -2.63796
-0.38468 2.57782
-3.76984 0.116536
0.67689 -0.973372
-2.51231 2.50236
-2.12752 0.477459
0.387996 0.47297
-3.95918 -0.828417
-2.49789 0.482226
-1.67005 -1.54394
-1.76015 -4.1849
1.08481 -3.48232
1.27966 -4.72745
3.38085 0.651704
1.43676 -1.9629
-1.30825 4.20575
-1.18243 -3.32159
-3.30256 0.716783
1.25445 4.52555
1.78214 3.67289
3.46642 2.02075
0.869752 -1.83604
-0.76821 -2.69119
-0.117151 1.97069
3.61051 1.80054
-2.84358 -3.24622
-0.634674 -1.88304
0.293121 3.50587
-4.16065 1.53252
2.01062 -3.48383
0.591572 3.89308
-0.846534 -0.0834596
0.189683 -0.754328
-4.38071 -0.65093
1.27654 2.863
-3.11393 -2.28177
-3.30467 -2.44073
-3.69462 -3.1455
1.34524 -0.156276
3.34295 -0.832738
2.68044 0.167117
3.09915 -3.26363
-0.658964 -0.327077
0.753787 -0.79562
-1.85229 2.71204
-2.9642 2.70775
-0.635679 2.57395
-4.45288 1.30878
1.79971 -0.36747
1.59207 4.34832
-2.73094 -2.66647
1.6452 -3.71523
-3.16232 -2.8241
2.86135 4.02481
3.72438 -2.9819
-4.43691 -1.95544
-4.57825 1.41986
-1.15329 -2.07111
0.908885 -0.882328
3.01841 -2.68064
-4.45828 -0.810839
-3.37076 3.03074
-1.75532 0.0175112
-3.80904 -2.13618
-0.704329 1.834
3.24992 3.76514
-1.3564 -1.15066
3.25277 -0.229814
-1.60943 -4.59414
4.08767 1.58967
-1.99451 1.70571
3.02936 -0.585532
1.63785 -1.66838
0.296483 -1.68987
-0.205954 -3.53852
-4.62259 0.832345
-3.49948 -2.31296
-3.4203 -1.36681
-1.66512 4.36657
-4.35385 0.901927
-4.00563 2.84172
0.618769 1.26255
-3.19699 0.560938
0.830529 -1.14561
1.75526 -2.97731
2.99753 -1.327
1.49936 -2.86514
3.34705 -1.09527
1.07248 2.34626
-4.03485 -0.810542
-4.65617 -0.343343
-4.30271 1.1063
-2.43225 -2.34397
-4.77278 1.24344
0.99688 -1.80542
-0.0866865 -1.93239
-1.81523 -3.81866
-1.21063 -0.517057
1.82309 3.40262
-2.02771 -3.16558
4.46476 0.231923
1.05649 -2.45189
0.725104 -0.875696
-1.52164 -3.02214
0.160795 3.22375
4.81979 -1.04961
-0.959354 -0.809291
-2.7821 3.17977
2.99252 -2.42941
-2.04329 -3.10852
-1.84314 1.22895
1.34765 3.13452
1.27295 -2.69271
-1.26958 2.68976
3.71948 2.61537
-0.232248 2.9713
-0.0981721 0.174323
-2.66672 -2.83081
-3.21832 -3.72247
1.35507 2.40563
0.634435 2.27322
-0.214184 -0.634832
-0.958341 -1.48201
0.480479 1.87205
-0.796671 -2.7672
-2.66224 -2.75446
-2.44143 -4.34448
-2.71164 -0.725859
-4.08702 -0.60113
-2.351 -0.801515
-1.82946 2.68669
-0.579102 -3.48778
-1.80369 -2.24407
-3.99133 -2.09409
-4.55975 -1.82471
2.68682 -2.40911
-0.898725 -1.1013
0.883323 -3.15104
-2.36207 4.03403
3.56906 -1.45913
3.63997 -3.1337
-0.159112 -3.10559
-3.56192 2.01086
-2.81092 -2.77271
-3.69274 2.88368
-1.74747 -3.50333
0.836339 0.557229
-1.39989 4.10371
-4.28182 1.61927
-1.7834 -0.238296
1.91345 1.56066
-0.691861 -2.82095
-1.76916 -1.52698
-1.15955 3.32014
-4.31072 0.213974
0.467333 1.92409
2.01492 -0.486953
3.7859 1.10527
-2.74543 1.92564
-1.77126 2.28342
-3.61447 0.393435
0.655862 0.763602
-2.98308 -2.36625
-3.23741 3.58739
1.50055 -0.0897344
1.55255 1.85063
0.118712 0.280816
1.85322 -2.71716
-2.62259 -1.37484
-0.74931 3.22315
3.95232 0.509938
-0.230831 4.32755
-2.31397 -0.518578
3.43486 -1.85366
-4.53726 0.101584
-0.766159 -4.00131
3.51794 -2.02452
0.908605 -0.828362
-3.53001 -1.3362
-1.03238 -1.21777
2.00822 2.88247
-0.948415 -2.84823
1.54161 2.75556
2.29569 1.23187
-1.53779 3.90224
-4.46723 1.25882
-4.0253 2.29254
-2.46789 2.04369
2.44229 4.35673
0.63867 4.61821
-3.64282 -0.716807
1.25245 2.4325
-3.42863 -0.924463
-1.56517 4.65211
-0.137595 -0.473928
-2.34762 -0.227137
-1.13125 0.283621
1.51519 -1.06092
-3.59106 -3.34871
1.73994 -4.48239
0.526449 -3.19964
1.3118 2.07271
-4.65312 -1.59079
3.69614 -2.75403
-3.47206 -2.99736
-2.54103 -0.599553
2.07278 -1.01413
1.69888 -0.030122
-2.70035 2.88467
1.67109 1.91519
0.967245 -4.40537
0.640969 2.25088
-0.346475 -3.91538
3.59601 2.24422
-3.79715 -1.0356
-2.82054 -0.730785
3.98012 2.92481
-0.0625071 3.01319
0.055862 -3.39824
0.0453639 -2.00465
-0.826869 -2.94123
-3.77373 1.95339
-4.72195 1.08983
-2.12071 4.521
1.38446 -3.5697
2.9944 -0.713056
-1.81184 -0.107898
-1.92835 -0.286719
4.49533 0.55107
1.64614 -0.397166
-4.2196 0.866826
3.76968 -0.0688539
-4.20242 -0.886554
4.3578 -0.536158
-1.12244 -0.149531
1.54689 0.964137
1.43615 1.60781
-3.49369 0.291118
-3.42621 2.27164
-0.265702 -3.86577
-0.822443 -2.05777
1.27327 4.35665
4.61836 -1.1638
-2.9369 -2.94319
2.02459 2.48957
1.80887 -3.67775
0.138467 -0.780614
4.32657 -1.9206
-1.17446 0.7693
-1.51806 -3.44842
-3.82547 -0.554712
0.817804 -1.90277
-2.43726 3.00827
-0.761191 -0.0670611
-3.84189 1.59731
1.22104 -4.6396
-4.1499 -2.17239
0.112059 -3.13595
-3.21047 -3.07931
0.414366 0.336377
2.03984 -3.36277
2.35087 -1.86309
-4.29312 -1.31824
0.806557 0.640569
-0.625619 -3.44907
0.401422 3.00749
-0.850511 1.48811
4.4175 -0.396073
2.1291 -1.88495
0.615347 4.15366
1.09117 1.19876
2.88772 3.92723
2.49929 3.00311
-1.27034 -1.11508
-3.69041 1.0922
-4.35721 -0.0787685
-2.93763 -3.05716
2.23924 -1.45243
-1.34499 -1.83328
3.57286 0.339931
-3.94246 -2.01423
-1.11578 2.22923
-2.84109 -1.00905
-0.599393 3.14129
-3.92592 -0.646385
3.96229 -0.36759
-4.82741 0.360972
-1.50719 -1.19122
-0.252834 2.60474
-3.26211 -2.57208
1.96667 1.03639
2.54967 -4.16989
4.58354 1.44537
0.636401 0.673597
-3.42694 3.11746
3.57285 -0.581651
-4.72255 0.0672307
3.9592 -1.52928
3.79769 3.16565
1.56422 3.7169
-3.83762 2.19471
-1.46142 -3.54666
2.18622 -4.46344
-2.54113 -2.44081
-3.59997 0.415725
-0.211615 3.93497
-2.71529 -4.01099
-3.24599 -0.840256
-1.56216 0.333274
1.94691 -3.82724
1.09498 -4.00669
-2.70496 0.0233372
-0.151719 1.78795
2.59939 4.07091
-3.76943 1.14951
-0.655746 -4.24046
-1.39787 -2.30114
-2.48551 -1.8897
2.21471 -3.82305
1.10305 3.84904
-2.38884 2.06511
-1.41226 0.908282
-0.204866 3.36276
-1.21095 -0.516927
1.29783 1.26857
-0.772053 4.46128
-1.83551 -3.23509
-4.56346 -1.77156
0.907315 -3.75256
-0.110967 -3.48295
-4.50232 -1.51449
-2.86757 -0.512256
-0.585998 -3.11695
4.05306 -2.82123
-0.0168718 4.74951
0.900939 4.14415
0.983953 -2.91105
3.67071 -3.13454
-0.732956 -1.36894
-0.952823 4.76874
-2.5421 2.48402
3.72576 -2.32469
-0.925655 3.04212
-2.38799 -1.26314
-2.98154 2.68659
-4.71853 1.37825
-0.0486306 2.43737
-0.851067 -1.75582
-0.819361 2.96629
-0.686221 4.38299
-4.4686 -1.26703
0.0448811 -2.9697
3.00226 -3.69816
-4.21629 1.37602
-1.68126 -2.87775
-3.2548 2.48101
0.204663 -3.26274
1.36401 0.335921
-0.0349076 -4.80176
-0.689521 2.45443
1.75418 1.3405
4.78146 0.415217
-0.197422 -1.7401
4.85253 -0.914764
-3.51223 3.26417
-1.72652 0.0607127
0.91116 -3.68839
-1.12748 -1.36404
0.0148328 -0.623599
-3.28997 -2.50103
1.90856 -2.73855
-1.78132 -2.71883
-2.93626 -3.06085
2.9233 3.14543
-3.27838 -2.93816
1.9425 2.86313
2.09822 1.72639
1.28333 -3.27954
2.05343 -3.03947
-1.67204 -1.35897
-0.79983 -0.451266
0.986817 0.854262
-1.69945 -4.23902
0.396568 3.36392
-3.05817 2.47661
-1.31894 -3.79674
-2.62908 -3.64514
-1.49944 0.980964
-4.45309 0.718047
-1.55919 -4.32214
0.168146 -4.64109
2.11345 -4.13226
2.24895 4.39039
-3.05057 -3.32736
2.41877 -3.94659
-3.60714 -0.795644
3.94802 -0.594376
-1.73416 -0.52543
2.87315 -1.73414
-0.879723 -2.93996
2.9967 -0.417702
-4.51196 0.620283
1.90855 -2.84245
-2.88862 2.63422
3.70996 -0.328454
-0.997725 4.05177
1.52771 -3.69919
2.92174 -0.593404
-3.65126 -0.961652
1.99364 2.27761
-0.708659 -4.6336
2.68853 -3.62143
3.08676 -2.20486
-0.831121 2.19145
-4.58217 -0.181476
-3.03677 3.65808
2.30214 2.63351
1.01921 3.02631
-0.594003 -1.24829
-3.51314 -1.22494
-2.18761 4.05797
3.69168 -2.34113
3.16679 -2.27306
-3.5313 1.69191
-2.35353 3.00783
-4.44027 -0.878089
2.23986 4.40277
-1.13725 -1.59401
-0.725763 0.756362
-3.62362 0.523504
-1.85334 -0.831146
-3.27168 0.346661
-3.17748 1.18064
4.55293 -0.107705
-3.69661 2.94372
-2.009 -1.0885
0.866459 1.86594
-2.95656 -2.93799
-0.216796 -4.46468
-2.62823 1.48969
-1.22798 -3.06525
0.0382723 -2.16156
-4.15283 1.94969
-2.31936 2.17006
-2.98644 -0.325617
1.75498 4.29465
-1.32394 4.53239
-3.48212 0.284065
-3.0108 -0.200427
-0.861744 -1.52787
-1.37211 -4.40618
-2.66781 0.122262
-0.0252071 -0.0338118
0.0656752 1.88144
3.70503 -2.4317
-1.64205 -2.79867
1.3821 -3.83647
0.98388 -1.22746
-0.907893 -0.679771
-2.1518 0.625018
-4.0133 -2.30047
3.69053 -0.672966
-2.01179 -1.51982
-3.55823 -2.90954
3.21497 -3.71183
-0.407659 -2.23139
-4.00858 2.34029
0.817652 4.15291
-2.2029 -3.92506
1.0367 -1.23716
-1.88245 -4.25888
-3.59551 -0.106553
0.140907 2.62606
0.0648439 2.51871
0.419968 4.33626
-4.31845 1.17518
2.80791 -1.32585
-0.910238 -2.85471
1.95539 4.15713
0.110733 0.0305894
-1.04909 -3.32399
0.700372 -4.17305
-0.169514 -0.427349
3.2124 -2.70609
-1.90808 -4.34728
1.55752 1.16845
-1.30564 -3.6556
-2.45254 3.08446
1.36563 -1.90661
-3.9965 -1.78874
1.42237 -2.66471
-3.9933 -0.109643
-2.73679 -2.49784
0.0958324 -4.07913
1.25757 4.44912
-1.25518 -4.09868
2.1087 3.37184
-4.60693 1.65142
-2.31687 -2.70993
-4.17761 0.563513
-2.74874 -4.10575
0.304941 -0.0571137
-1.65735 3.44652
4.31789 2.03897
-3.95513 -1.41134
1.69365 -2.91278
-2.63357 -3.35356
-0.23987 -4.10117
2.97922 0.998923
-3.44083 0.452066
3.15445 0.280804
-3.85382 1.45228
-4.50553 1.30798
0.557152 -1.69906
-1.72144 3.56091
0.0507693 0.135764
-2.53438 0.119884
1.28341 -2.79826
-3.58142 0.637131
-1.11073 -2.71783
-3.5458 2.11634
4.51703 -0.0625281
-0.701282 -1.24453
0.624582 2.77778
-0.738743 -1.89011
-2.01171 -4.51838
0.216218 -3.21794
0.129271 -2.07106
2.17808 -0.75047
-4.75536 -1.14939
-4.77551 -1.26566
0.887627 2.77904
-1.92302 -0.463097
2.4385 3.84675
2.22263 -1.36873
2.6293 -3.09455
-1.2999 1.52324
0.157595 4.4883
-3.87852 -2.92926
2.08618 0.949171
0.34227 3.41114
2.01667 -3.00548
0.211614 0.273187
-4.20216 -1.69636
1.98271 2.96217
0.986627 2.95384
-0.299396 1.41579
1.26871 -2.56282
2.10318 0.596352
-2.81351 1.38284
4.73541 0.176973
2.28113 2.96667
-0.443337 2.47755
-3.07943 2.38107
-0.548732 0.622009
-4.18655 0.399212
-0.74054 -0.610533
-2.40997 -1.54981
0.966119 1.34472
-2.28223 -0.99816
-0.192902 4.91629
-2.44552 2.32492
-0.35267 1.37775
2.7164 1.90477
-3.61637 3.06186
-1.03406 3.224
1.61562 3.70521
-0.422624 4.73496
-2.43459 -0.744536
1.42812 -4.12945
-1.94742 0.528064
-1.97138 -2.14374
2.52336 -3.4933
-1.32938 -4.73714
-1.52494 3.40932
-1.71926 -1.58505
-0.285227 2.62565
0.538101 2.98336
-0.92874 0.503319
-1.98753 2.45021
3.2508 0.809292
2.39155 1.17085
-3.41815 -3.56297
-3.61776 -0.443784
-0.239826 -1.12501
-3.89586 2.22642
-0.744479 2.98636
-0.662302 0.732366
-3.13933 2.2657
4.45028 0.422411
4.14297 -0.838536
-4.04507 0.263359
-2.39894 3.54981
-0.143517 4.30737
-2.07687 -1.96086
-1.38336 0.472816
1.87251 4.14037
2.4239 -0.558413
-2.80768 -1.34895
3.61254 -1.92011
-1.21868 -2.21088
0.993269 2.58017
-0.245575 1.34654
2.24108 -2.87115
2.97184 3.10177
-0.708344 -3.83922
0.0781765 -2.88156
-4.19816 -1.28627
-1.74964 -1.10295
2.13963 -2.26723
-1.36302 1.50978
-3.88445 -2.89257
-4.10341 -2.27961
-2.35086 -3.39534
-2.84417 -2.88814
-0.269626 4.839
-0.836092 -2.34232
1.56922 3.95904
-3.78378 2.30869
-0.96819 -2.82907
2.26421 -3.08709
-1.65225 -3.8612
-3.48763 2.05876
1.5184 0.761092
4.04665 1.69509
2.80952 -3.98698
0.455599 -1.76497
-1.24713 4.27576
-3.59723 -2.23125
-2.12981 1.78355
-1.97893 2.17503
1.52789 3.35636
-0.998662 -3.42267
-2.47057 4.31097
-3.44517 -1.84871
1.49936 -3.14952
-4.55692 -0.657821
3.30871 0.800572
1.38074 4.5035
1.18574 -1.58591
-4.82042 0.0291164
-0.0244837 -1.7107
-1.79848 -2.50177
-2.1484 2.39383
2.63258 4.04524
1.12289 3.82758
-0.860753 4.80932
-0.163492 -3.30079
4.42966 -1.02631
-3.87174 -2.68958
0.275311 0.622119
2.74091 -1.83329
4.56048 0.143469
-0.365691 -2.01765
2.60229 -3.57657
0.478528 1.10548
-3.8239 -3.15506
2.45888 -0.682696
-1.46514 -0.429693
-3.05169 -0.459688
-0.959122 2.19073
2.67576 -0.499631
-1.31693 -4.25954
-2.20271 3.97932
-2.7729 0.902589
-1.31 2.98381
0.205482 -2.66816
4.28643 1.77652
-3.16831 1.27166
-1.27815 -0.466084
-2.20904 3.32467
-3.0589 -2.7752
-1.17703 -3.55104
-4.77224 0.195746
2.01436 -2.5939
0.615137 0.940358
-1.92627 -1.55211
1.8211 -3.10336
0.374941 -2.86894
-4.41339 -0.822265
1.33311 0.105007
-0.102163 -1.78577
3.11567 3.20348
-0.685004 3.95753
-2.36883 4.31601
-2.43869 -1.39267
-3.58854 -2.5062
-2.4752 -2.4293
-3.44127 -1.78208
4.5826 -0.908818
-3.40933 2.10558
-2.21206 2.94851
-0.0581307 2.90685
-2.62109 -0.672948
-4.91931 0.586267
2.2596 -3.67837
-0.776472 0.998783
-4.4517 2.15507
3.39046 -3.14871
-1.1891 -4.37386
1.13626 2.26282
-4.34821 0.805626
-3.91994 -0.0158602
-0.0912911 -3.36403
1.605 1.17755
-3.55053 0.290316
2.87553 -3.68501
-1.41144 -0.993128
-3.27008 -0.490584
-3.64799 -1.65316
1.51769 -2.87059
0.978936 1.75371
-4.96537 -0.14437
-0.844842 2.42061
-3.31101 3.03419
-2.00564 -0.599071
1.27005 1.62241
-0.670007 3.12119
4.55951 0.680555
-2.15418 4.1247
-1.35057 -4.71781
1.13452 0.226673
-2.71295 -0.315524
-3.49884 2.69177
2.09399 -3.62009
-0.332563 -4.74947
-0.0206778 -1.04499
-0.959359 -3.15076
-2.18744 -3.61798
-0.359372 2.76276
-3.21313 1.34425
2.35421 4.40374
-1.82037 -3.44659
-0.725493 2.62957
1.79915 -3.78451
0.117839 4.77079
3.28127 -0.93523
-4.39769 0.52603
-0.591292 -4.40681
1.84559 -1.51305
0.764439 1.27319
-3.21265 0.553944
2.57327 0.422027
-0.738755 -4.16125
-4.51311 1.18526
-3.52011 2.6391
1.32824 3.41581
-0.422171 4.61512
-0.841798 0.537046
3.13184 -2.86286
0.222491 2.03694
-4.39139 -1.37659
-1.91445 -0.356095
1.24156 -1.65585
0.179449 -3.24884
-3.75487 0.522127
-3.45319 -2.07265
-1.31718 1.94373
1.019 3.32265
-3.76462 -0.877714
-2.93104 3.32015
0.536627 1.67417
-3.23272 -1.71862
1.53537 -1.11562
-3.10404 2.32666
1.17263 -0.174156
-2.55364 1.50086
2.92767 0.909854
-2.91008 3.66328
-0.980685 1.44143
0.410938 -0.601993
-2.95105 3.15003
-2.59816 0.280506
1.58424 2.28305
3.51516 1.67992
-0.448597 -1.34657
1.45376 -4.02872
0.630259 -2.34522
2.88437 3.87856
-3.40465 0.993371
-4.11335 1.02074
0.678352 4.54248
-0.742417 -0.526484
-0.575925 -4.14576
-2.2424 2.16705
-4.29484 0.195438
-2.92134 -2.05798
-4.1158 0.722512
-1.67129 3.86311
-1.51971 -3.34815
0.221573 4.42118
-2.68414 4.16837
1.44436 -3.68522
-3.65799 2.36099
0.505423 3.12226
3.90301 -0.218059
-0.803995 3.11222
-3.48726 -0.488962
-0.76231 -0.0391997
-0.538903 0.605604
3.83625 -2.06421
-4.55174 0.240164
0.120966 1.80572
0.706441 3.56182
-3.37741 3.56903
2.47952 2.33158
-4.52341 0.377392
-3.37819 0.437962
0.643491 1.05046
0.757504 -2.62227
0.195801 4.14105
-0.888393 -0.819296
1.36096 -2.26931
-1.36421 4.37916
0.761457 3.92294
3.52593 3.4539
-2.53998 0.830696
-1.85003 2.42372
-1.67814 -0.919557
0.701213 3.6415
1.37793 0.0259244
0.483913 -3.45131
0.463561 -4.94023
