1.56143 3.2647
-4.53068 1.90601
-3.193 -2.82939
-3.19325 3.67437
-2.23505 -3.96
-4.59278 0.613331
-1.44221 -4.7021
-2.93648 -3.69251
0.760014 -4.24879
1.15405 -0.0471166
-1.24538 -4.17328
-2.18134 1.72969
2.70245 -3.41783
-1.1437 2.39361
-2.09392 -4.11313
-3.07534 1.97979
-0.679755 -2.07149
-3.16014 -3.09669
-2.30397 0.810828
-0.825936 -4.42759
0.21436 -2.79209
-1.01833 4.26368
-1.96726 -1.58361
-2.95859 1.35574
3.94536 -2.95707
3.48326 2.89799
-0.343726 0.878558
-1.83188 2.33111
-2.82242 -2.97952
-2.40985 1.25302
0.788312 0.688605
-4.8464 0.195472
-2.00098 2.04617
-4.34983 -1.36958
-0.0511797 -2.88009
-3.33551 3.65617
-0.655695 1.02378
-3.40712 -0.204112
-2.05243 -1.98665
-1.39671 -2.68617
-4.55257 -0.567898
-1.91083 -2.86841
1.17111 3.04465
-2.80607 -2.36957
0.17169 -3.42437
-3.33065 -2.25623
1.99955 -0.0485504
2.84694 -2.46207
0.17808 4.27816
-2.94528 -0.0345154
0.208324 2.15474
-2.58108 -0.289337
2.39117 0.333705
-4.68625 0.946558
-0.0949058 3.78702
-2.37363 2.51092
-1.33536 -4.71144
0.512726 0.490759
3.09353 3.21413
-3.72422 2.69218
2.25244 -1.35603
-0.736999 -0.931926
0.221658 -2.47213
-2.21732 -1.96935
2.33623 3.7456
0.792683 2.29194
-3.53159 3.00796
-4.36227 1.26165
-1.44408 -0.831503
-3.08819 -2.74488
1.99709 -4.37755
-3.93873 -1.00495
-3.15424 -0.333472
0.326603 1.57592
-1.06311 -2.97432
-1.50969 3.84282
-3.30908 -2.3374
-4.37403 -0.622236
-1.39293 0.478476
0.909148 0.918853
0.992384 3.09132
-2.85262 2.90244
-4.49936 -1.09589
0.311428 -2.3679
-2.69718 -3.62632
-1.84755 -3.60923
-4.27115 0.419558
-3.70826 -0.591259
-0.212927 4.54463
-0.328158 -3.66876
-1.27899 -3.24376
-0.522869 -3.08597
-2.3331 1.93807
-3.75171 1.95465
3.01912 3.52956
-4.79138 1.22301
3.11553 3.84656
-2.42416 4.12185
-3.88427 -0.0605533
-1.3972 -1.58445
-0.0363822 -2.6065
2.44816 3.99443
-0.755906 -2.7484
1.307 -3.11145
2.29664 2.04806
2.37109 -0.311043
-3.58991 -1.67009
-2.65058 3.41924
0.603944 -3.02635
-0.499671 3.08784
-1.73205 -3.92719
-3.25218 -3.05193
-0.359812 -0.427397
4.50445 0.586398
-3.20541 -2.2495
-4.60754 -1.31017
0.0243712 -2.19014
0.209038 -3.38081
-0.621655 -0.147168
3.50778 -2.29538
-2.75521 -0.746893
0.296146 -4.14148
3.59591 3.31208
-0.761449 0.816389
0.509206 -3.55393
-1.54481 -3.09549
-3.36327 1.30074
1.21655 1.34017
0.341715 -4.01534
-1.61138 -2.23196
0.162965 3.92173
-1.0657 -4.3845
3.36446 -3.34045
1.80182 3.64725
-0.621741 -4.36765
-4.72643 1.30837
-1.89733 -3.01806
-0.901606 4.8709
0.744742 3.05656
-1.56902 2.96432
-4.1246 -2.22123
3.87339 -2.52887
-4.26581 -0.519668
-3.09542 3.3131
0.131685 -1.57826
-3.07113 -1.2999
-3.54029 1.01981
-1.0691 3.27457
2.2327 -1.33107
2.01404 2.63515
-2.86962 2.03034
-2.35625 -1.26926
-3.06434 1.28148
1.94597 -2.49632
-1.08516 -0.239181
-4.39155 -2.20174
-1.90488 -3.97259
1.00129 2.78556
0.188356 -3.33504
1.168 1.44251
-3.06769 -2.33848
-2.02812 2.94296
-1.39521 -0.607895
0.122693 -1.66863
-1.87295 -4.42687
-3.6978 -2.81995
1.22941 2.42056
0.121214 2.68594
0.147233 -1.20641
-3.99601 1.3042
-1.71546 3.15311
3.02877 -2.21077
-1.9278 0.625764
-4.16874 -0.605038
-1.63776 4.55302
-3.63639 -2.25459
3.60332 1.85216
-4.24696 -1.48827
-3.14465 -1.3176
0.260743 -0.824297
-2.89038 3.72631
-3.71378 -1.12426
-2.46573 -0.49192
-3.264 2.59846
1.84382 -2.1587
-4.43713 -1.42819
-4.39662 -2.09971
-4.3517 -1.41736
2.24172 -2.12337
-3.08057 -3.83977
0.746837 -1.44249
4.16023 -2.6224
-4.05409 2.26115
-0.963859 -0.722723
-0.73914 0.179148
2.72843 -1.78187
-2.91976 2.98154
-0.696464 2.87047
-0.546727 -0.32333
-2.38715 -3.0933
1.4479 2.96477
-3.61992 -0.10657
0.653819 -4.6111
-1.04434 3.4728
-1.04783 3.72683
1.63036 -2.38112
1.09834 -0.496874
-4.13917 0.116672
-1.96919 3.52412
0.0920303 3.47927
-3.23498 -2.97581
-1.14918 0.150159
-0.899486 -0.647051
1.90525 3.56291
-1.87124 1.7487
-3.99084 2.52864
0.954226 -2.85964
-1.80695 -3.01089
1.69731 3.02731
-1.53984 2.25096
0.129121 3.21315
0.763143 -2.31076
0.783328 4.63922
-0.729432 -0.755859
-0.50072 -4.16425
3.98574 1.78886
-0.332837 -0.749139
-3.29995 -3.35129
2.61619 4.12139
-4.06144 0.00326692
-4.32618 -0.340281
-0.76873 -1.42699
-0.331588 0.979549
-4.79008 0.320545
1.21223 4.24335
-2.74062 4.1435
-3.1672 0.189281
-4.72071 -0.628097
4.10863 2.06967
-1.11269 0.882329
0.284326 1.99824
-0.192959 -4.34041
-1.54604 2.04893
0.208479 -0.447921
-2.2104 1.37135
0.783897 -3.83944
0.831234 -4.20677
-0.173451 4.62224
-1.29574 0.363533
-2.97541 0.203503
-3.09979 0.623381
-1.57074 2.20753
-0.162848 4.17051
-0.628384 -1.07971
-0.995802 0.803344
-4.33743 2.46671
-4.06847 1.16569
-3.97152 2.01667
-2.92551 -2.78512
-2.08845 -3.53108
2.72967 -3.47843
4.48852 -1.72286
-0.162462 -0.725838
-1.37697 3.8612
3.68795 1.78193
0.70125 -2.8397
-3.18321 1.69007
-4.34417 -0.450745
-3.24207 -1.28367
-0.99111 -4.17945
0.100234 0.922705
-2.08084 4.32786
-3.38272 -1.36804
0.324177 2.53547
2.50891 2.53423
0.820351 -3.04249
1.05963 3.57609
3.10095 3.31333
-1.82652 1.70618
2.28795 -1.97977
3.93754 -1.06285
-0.27712 -4.40183
-4.61217 0.33891
-1.93839 0.970453
2.30408 4.38574
-2.30304 2.84026
0.451355 -3.81713
1.07043 3.52548
0.792706 -1.76813
-0.781228 1.26299
-0.154255 0.225585
0.381038 -2.24852
2.89591 3.97197
0.365449 3.36499
-2.8989 -0.792815
-1.56734 -0.509469
0.699401 4.22252
-0.8864 -3.62832
-1.27499 -2.24332
0.561504 -0.325025
-3.29715 2.2846
1.69177 2.70931
-1.75132 -3.41594
-1.37349 4.39192
-4.25155 -1.20524
-4.29073 -1.70694
-0.0998681 1.62563
-2.49215 1.24032
-2.94995 -3.99915
-4.57336 -1.76559
-4.03007 -1.97896
-0.943333 2.6034
-2.23848 -0.828131
1.97483 -3.57315
1.04555 3.93715
0.172175 -0.0172186
-4.63256 1.21387
-0.736157 -1.0607
0.754144 -2.53137
3.5827 -0.190907
-4.73718 -0.042948
1.14495 2.92255
-2.80953 3.64925
-0.25177 -1.2558
0.251893 4.32882
-1.22667 -4.16566
0.76893 1.59707
-4.2241 1.55578
1.27931 -3.91598
-3.76829 2.29378
1.26111 -4.74795
0.563348 4.2422
-3.8009 -1.19005
-4.19548 -1.27963
-2.04652 2.51079
-4.86867 -0.705017
-2.92813 -1.00185
-4.30143 1.38697
-0.564773 4.17859
1.04023 -0.498372
0.617868 0.158849
-0.870796 1.9099
-3.06164 1.11512
0.743089 -1.02214
-2.58421 0.324248
0.557376 0.381643
1.71738 4.65472
-1.50846 -3.90328
3.00252 3.43048
0.734351 -3.08488
-1.40143 -3.46513
-1.87392 4.45009
2.78654 -3.39769
-1.52803 -0.79027
0.210357 3.97272
1.39322 3.83429
-4.59862 1.01841
-3.63065 -0.150699
1.07072 3.53695
3.24072 3.75645
-3.92937 -1.57723
-1.32525 -2.35208
-2.39358 3.76567
0.0498504 -4.43488
-0.281247 4.77801
-1.54987 0.348817
0.467715 -4.92159
-2.72688 -2.28616
-4.40306 -0.899215
1.10804 1.4398
0.977837 -2.92447
-1.27914 -0.821165
-2.14652 -3.5875
-3.13326 -1.42819
-4.22408 1.42993
-0.0882143 -2.61419
0.946797 1.98372
-3.99617 0.663424
-3.25303 -3.6739
-1.10905 -3.68295
-1.67009 -2.60794
-1.2228 -2.38649
-2.95604 1.38847
-3.2076 1.16523
-4.1673 1.03862
-1.67651 3.03029
0.0747008 3.75859
4.24551 1.17734
3.99129 -1.84202
-4.57896 -0.522389
-3.09629 -0.546027
-4.19712 1.30626
-1.43718 -2.43623
-3.20122 -1.04853
-3.16572 -0.929765
-0.974806 3.76424
1.63747 -3.43642
0.85281 0.649253
-4.73688 -0.393767
-1.39031 -2.92256
2.49306 -2.92879
2.14394 -3.47205
1.04947 -0.813249
-1.4074 3.73989
-4.62579 1.26358
0.726015 3.86985
-2.40357 3.3499
-1.70826 3.50258
-0.191342 -4.74949
-2.5499 3.37699
-2.33149 -1.24843
-1.40336 -0.101398
-2.7249 0.861584
-0.82148 -0.25638
-0.331255 -2.21052
-3.78966 1.01301
0.585511 -1.09759
-0.44664 -2.45547
-0.335589 3.57645
-4.57834 0.311062
0.243041 3.90745
-2.86578 2.35686
0.870547 2.59619
-1.28801 -0.420777
-1.93607 -4.6089
-2.27685 2.87438
-1.99001 1.04747
-2.51649 -3.172
-3.11343 -2.66486
-4.37251 1.01391
0.839678 -0.460311
-1.41906 -4.14846
-0.86362 3.75936
3.54667 2.35395
-3.51413 0.175723
-3.97139 -2.08898
-2.89861 1.0407
-0.143043 -3.49337
-0.20739 0.75042
1.97513 -1.21242
-3.49048 3.12461
2.34479 -3.04208
-3.55511 -1.32691
-4.54041 0.782409
-2.38836 4.28055
-1.35849 -2.51233
-1.22117 -3.97286
-4.57558 0.548049
-1.45293 2.7205
-4.59843 1.67203
-0.957139 2.40733
4.58713 -1.82911
-1.04856 -0.95078
-0.997136 3.45559
1.25449 1.31179
2.87775 -1.39066
-3.01134 -1.36847
-2.38899 -0.779894
-1.5502 -1.59401
-3.14212 -1.98702
-0.195504 2.43609
-2.22085 1.66468
1.52817 3.61381
-1.61909 -2.16852
-0.0781108 3.07849
-3.52949 1.30005
0.633296 -0.247429
-2.27001 -2.13999
3.22423 3.34267
0.173375 -3.70845
4.75139 0.998439
0.313848 1.16323
-4.63045 1.12069
2.1788 3.63514
-2.30412 2.41706
2.1595 2.23807
-4.25853 -0.340118
0.237351 2.37585
-2.61748 -2.71808
-1.80994 0.561772
-4.36753 -0.429761
1.80452 -3.27107
-2.48062 -0.621055
-2.06044 -1.13539
0.756255 -0.49129
2.8017 2.15433
-3.99938 1.86075
3.40609 -2.00901
2.59953 0.899011
0.504338 4.31686
0.373697 -3.45315
-3.23989 -2.6032
-4.64946 1.72496
-0.51814 -3.72797
-3.36269 0.685028
-3.53021 -1.51589
0.495193 -4.40963
0.844666 -3.89753
3.4611 0.575976
2.33153 4.02046
1.06818 -3.57267
-2.74492 -0.1209
-1.52105 -0.902402
-2.91214 3.61145
-4.04425 -0.151237
-0.472851 4.09193
-4.76218 0.556588
0.382027 2.4955
-2.53321 -1.80977
-3.18073 1.19921
-4.37695 -1.98415
-3.15379 -2.70717
-0.212542 2.34621
1.85301 -0.912632
-4.52125 -1.70156
-1.827 3.15163
-2.30562 -0.635291
-2.26826 -0.537136
2.37577 3.04589
-3.86245 3.13907
-4.58538 0.533546
-1.76183 2.17104
-3.97303 -0.258194
1.14781 0.704352
-1.68859 0.530394
1.33515 2.22491
-1.26048 -4.08029
-0.617136 -2.31435
-0.538717 -3.18538
2.29168 2.63767
-3.13556 -1.18461
-1.34561 -3.49048
0.980535 2.75442
-1.43684 0.00891908
-4.26959 -1.42794
2.137 -2.3279
-0.663722 2.08126
1.5933 -2.27053
-0.765429 2.60196
1.23465 2.28458
-4.2513 -2.33463
-0.669789 3.57279
1.66657 -4.56131
-1.14736 -4.33974
-1.25749 -4.40651
4.26689 1.69046
-3.51022 1.56808
-3.59377 -0.947719
-1.39629 3.74877
2.6598 -1.8113
-3.04747 1.98937
-1.78433 0.348029
-0.87724 -3.13419
-3.62961 -3.35501
-0.91703 1.75292
-4.22013 1.82145
0.754207 -2.00934
-4.47907 -1.17862
-1.40584 -4.16675
-4.12759 -1.32315
0.737903 -0.0332671
-2.60179 3.77489
-4.34588 -1.3178
-4.10518 2.55678
2.90218 -1.76663
1.81883 0.620339
-2.38344 -3.15142
-2.24801 -0.702673
-4.00538 -2.29237
1.33508 -1.3352
4.35802 1.91855
-3.99128 0.144752
-2.65292 0.312379
0.44118 3.46213
0.356042 -4.90691
-2.48061 1.77525
-1.20554 -2.21379
-0.705837 -2.78743
0.839188 1.72586
-2.60013 -3.3447
1.65895 -2.7616
1.58323 -0.527894
-3.81669 -1.31413
-0.760097 -4.81876
-3.97305 -1.57268
-2.57888 -3.80019
-1.33596 0.81938
3.03122 -0.786404
-3.40287 0.46951
2.97476 -0.844208
1.63168 2.82878
-3.85163 2.5171
-2.30945 -4.09048
-2.34018 3.54645
-2.15765 3.72925
0.236455 -1.50984
-0.958355 1.01108
0.0753572 0.907606
-3.39743 -3.18426
-1.44347 3.79653
2.73904 -1.31735
3.20388 -2.3567
-1.44154 -0.524394
-0.541978 1.28312
-2.12203 -3.42736
-1.62301 -2.6178
-2.15529 -2.87922
-3.25262 -2.88486
2.20035 0.165761
0.82146 -1.56853
-4.14547 0.757484
1.17604 -2.3637
-2.84406 2.84494
-4.0494 1.98334
-1.19807 -1.84818
-2.9816 1.66597
0.521698 3.42643
2.67119 3.97409
-1.68929 -4.70075
-3.83055 -0.525503
1.22461 3.74325
-0.905844 -2.71863
-1.21572 -4.18962
-1.58694 -2.32115
-3.41991 1.93747
-2.70186 -1.05189
-2.19063 1.65776
-4.26364 2.4319
2.05489 2.13648
3.84171 2.86835
-2.21207 3.3766
3.10555 1.35003
-3.25011 1.52979
-2.46106 4.09842
-1.77177 2.98763
-1.42838 1.06448
2.4566 2.92162
-4.35049 -0.600057
-0.567126 0.399291
-2.60689 -0.386991
-2.19039 2.61026
0.0115263 -3.12454
-4.01648 1.20698
-4.4213 0.89241
-2.05923 2.92121
0.563954 -3.45792
-0.037902 -1.95936
-0.910945 3.9915
-1.49599 3.45358
-2.25495 -2.64554
-3.66331 0.848363
1.46555 0.194058
-4.09156 2.22871
-1.06846 -3.56563
-3.86607 0.282058
-3.39795 1.27684
-4.10222 -0.51309
-3.3195 0.0816036
-0.779957 -3.02656
-0.0420939 4.05971
-0.827054 -3.02684
-2.318 -0.461814
3.80709 2.18404
-3.08941 -1.34783
-3.28505 1.63159
0.142699 3.15513
-0.193385 -0.246164
-1.85194 1.19664
1.71566 4.2155
-1.95339 -1.15624
4.43756 2.1273
0.663532 -4.64032
-2.74962 -1.51672
-3.93892 2.99908
-3.93797 2.92744
-3.33748 -0.905483
-1.77091 -2.18506
-0.943626 3.13634
-1.14712 -2.02707
-1.72522 2.82532
-0.0925504 -3.93063
0.205712 -1.75313
-0.443853 -1.58555
-3.75641 1.39825
-4.26183 0.19524
1.15588 3.21007
-2.00534 -3.93673
-1.70714 4.00426
-0.563881 -3.8628
-1.85936 -2.34103
-2.67371 2.15563
2.42843 -0.657543
-3.72161 -1.1705
-0.301651 0.59679
-1.20161 -1.9554
-4.0723 2.03961
2.09213 -2.67115
-3.8138 -0.436544
3.03395 3.26265
-2.1201 0.333303
2.32344 3.89579
1.84356 0.162598
-0.0158476 0.240978
-2.18224 2.57146
0.303935 -4.78528
-0.89506 -3.89561
-2.55945 3.93959
2.25495 -2.56027
0.960242 0.279517
2.0067 -1.73275
-2.69166 1.01301
-2.24746 -0.491815
-3.58157 1.43971
-2.65206 0.172675
-1.27158 0.755401
-2.71603 -2.39007
3.65373 -3.03273
-1.23812 -0.159235
-3.77752 1.88787
1.49325 -1.593
-4.45521 1.79456
2.75574 -2.49004
-3.61018 1.0391
0.516951 2.89075
-1.06959 -3.24913
-4.37897 -0.458984
-1.75577 -3.30528
-0.820112 3.05599
-4.21801 -0.478553
0.611706 3.05573
-1.25288 -0.223886
1.54062 1.06856
-3.98777 0.467967
-0.360836 3.26958
-0.490452 -1.04815
0.16218 3.42014
1.54337 -4.71697
-4.30398 2.34832
-0.119819 -0.400815
-2.3509 0.371145
-0.380888 -4.82288
-2.76119 0.839888
-0.0201502 1.47346
-1.08503 3.18012
-1.27248 -3.43742
0.835302 0.489327
3.17836 -3.54805
-3.63546 2.79271
-0.471504 3.70937
-2.95203 1.31884
0.348402 0.166034
-0.813927 3.78506
-4.22748 1.08474
-2.41524 4.1903
0.772833 -1.01046
-3.468 0.140601
1.98323 -1.28927
-0.69798 2.11485
0.276176 3.38079
-4.24423 -1.89274
0.331014 2.36163
1.83132 1.12194
3.43355 3.05665
-4.22683 0.833946
-3.64551 0.36674
-4.15793 -0.793369
-0.875061 -1.9373
-2.47334 -2.63473
-3.32497 3.24782
-0.688943 -3.29642
-4.79989 0.41369
-0.459197 1.97969
-0.484476 0.836829
-1.8012 -2.977
-3.62752 -2.97081
-2.69682 -2.00841
-3.13814 -1.70948
0.939254 -0.980382
-1.37796 -4.30913
2.93905 2.44237
-4.25011 -0.974028
1.95074 -0.447108
-1.92258 2.94233
0.0893185 2.36067
2.1215 2.77708
-2.90194 -3.7206
-3.27243 3.32354
0.718071 1.70161
-4.09079 2.71104
-3.65773 -0.476454
0.710342 4.11098
0.381404 3.80343
0.232336 2.90807
-0.185974 -4.98496
-0.901329 2.01609
-4.12977 -0.464603
-0.834253 0.180683
-3.0696 -1.74259
-2.29955 -3.19635
-2.50776 0.896064
-1.35788 1.61064
-4.18964 -1.13094
-3.18614 -0.858522
1.68526 -1.56832
-3.29617 2.32821
2.0195 3.72632
-4.70483 -0.748794
-1.66583 -0.583941
-0.998301 -3.05932
-2.13025 -2.63642
-0.831759 0.970655
-1.23552 -0.0594119
-4.27504 -0.937754
0.474321 2.33762
2.57862 3.07016
3.5995 -0.339544
-0.893086 -0.819436
-0.426667 -2.26548
-2.56805 2.93975
-3.60812 -2.71246
0.69768 1.12496
-3.90499 -0.318075
-2.92327 -1.69653
0.118276 0.766355
-2.01371 3.51312
3.04992 1.88053
3.62434 3.03603
-2.87574 -0.479502
3.22447 1.86917
-4.76547 0.459287
-2.33883 -3.00061
-3.45536 2.26167
1.6388 0.592495
1.28709 -0.501617
-0.773998 1.40686
2.86569 1.16603
2.02197 -3.81139
0.132309 3.84021
1.65242 -4.34209
-4.85902 0.389293
-4.48702 -0.313071
0.62487 4.08042
-0.425874 2.11762
-3.68169 -2.10688
-2.88812 -0.70323
-2.4719 0.507949
-0.313712 1.68873
1.58755 2.98394
3.17269 2.85099
2.36522 0.185424
4.36107 -1.19046
0.155601 -4.24361
0.284752 -3.43429
-2.59604 2.97615
3.43043 1.79634
2.50387 2.00573
-0.692962 -3.62137
0.372264 4.57526
-4.49225 0.0585389
-1.61994 -2.52192
0.0595303 -4.09614
-1.95052 -1.34075
1.89579 2.11992
3.47575 -1.96982
3.80331 -0.70404
-0.7298 -1.98742
-0.806949 3.01693
-4.6974 -0.676322
1.94177 -0.729741
4.03682 -0.746
-4.3411 -0.842525
2.18303 -2.71014
-2.03242 -0.851558
-1.01041 3.67117
-1.8665 -1.12212
0.929567 0.222205
-2.08069 0.688579
-3.99962 1.63737
-3.96 -1.50517
-0.347458 0.703584
3.98759 1.38312
2.2575 -2.92109
0.029571 -3.66186
-1.90622 1.26852
-3.7532 -2.78969
-0.27422 -2.81539
4.48293 -0.897518
-2.08961 3.63109
-4.21463 2.02955
-0.879177 -1.87314
2.89721 3.18264
-3.7727 -2.58961
-0.496474 -0.465255
-0.300844 -0.0628598
1.43527 -4.04425
-2.32778 -2.91262
-0.175588 1.74289
-1.71872 0.929699
0.175938 2.89442
-1.38438 -4.2349
-3.95282 -2.77278
1.71561 1.36595
-3.67848 -3.22579
-1.61651 -1.50106
-4.34456 0.851068
-2.64726 -2.74093
-1.04752 4.40388
0.395667 -2.86067
1.91223 -0.778828
-3.02665 -0.392773
-1.30745 -4.77619
3.28787 2.45665
-2.81701 -3.72515
-0.6957 -1.84325
-3.22584 2.09824
-1.82411 -0.760865
-1.7834 1.91281
-0.659204 -1.59822
-0.370649 -0.233425
-4.41714 -1.16628
-1.53388 -3.47989
-3.17125 2.40096
1.9057 -2.85223
-1.63581 3.58238
-1.56363 4.26773
2.516 2.94148
3.62984 3.30186
-4.37916 1.29106
-2.89503 0.569858
1.19392 -2.56206
-1.57255 1.65546
0.00643815 3.23972
-0.169995 3.61085
-0.880909 -0.743296
-3.72248 -2.69921
3.06687 -0.557447
1.97796 -2.45577
-2.26626 -4.07915
-3.85263 2.76197
-2.78005 2.99159
-1.78461 -0.773976
-0.488635 -1.18016
-2.47877 4.28048
-4.74937 -1.18593
-0.224076 3.36933
0.775845 -3.55571
-3.74488 0.216914
-1.96735 2.61109
3.63291 2.16096
1.44907 4.2031
1.02901 -2.02045
-0.961581 4.65345
-0.440238 2.70972
0.796125 -4.24807
1.91117 0.399705
2.30341 -1.86801
-2.29567 1.33569
-1.75607 -0.709764
-2.52866 1.92499
-1.0179 -1.00823
-1.00077 -0.175606
-1.78793 2.82688
-2.16304 3.682
-3.46715 1.20728
0.504012 0.00240982
-1.1904 1.12732
-2.4992 3.98202
-1.32953 0.365416
-0.126706 -3.83594
0.221357 -0.615847
-3.51149 2.9819
-0.100224 -0.829248
-2.46506 1.69901
-0.82014 0.48863
-1.05552 -2.34801
-2.08342 -4.26703
-1.2467 2.91952
2.51285 -2.37916
-3.57287 -1.22961
-3.53327 -2.84817
0.137903 -0.163184
1.13212 1.76535
3.46303 -1.65128
-3.31547 0.536766
-1.16613 -2.98101
-0.133626 4.07576
-4.30358 2.50732
4.49317 -1.73463
1.34253 0.00723553
-1.92199 -1.95302
3.92654 2.74192
-2.7872 -0.159846
-3.8979 -2.01113
-4.52696 -0.930417
-4.0764 -2.13573
0.335913 3.77579
-0.964154 4.04796
-0.772292 -4.1762
-0.71618 2.90297
2.56199 1.14486
2.12629 1.09827
-1.36317 4.72046
-0.674837 -3.24343
-0.462502 4.54804
-2.71501 -2.07269
-4.33635 1.17467
-4.71251 -1.20605
2.60797 3.85911
-1.17891 -1.5111
-0.802352 3.84221
-0.908716 3.32202
-0.160652 4.03794
-0.896248 2.61816
-3.52777 3.28252
1.66488 -4.24621
-0.00630286 -0.184581
0.719133 0.887798
-2.23583 -1.6816
-2.6976 0.359863
-0.299112 -1.93924
-1.48423 1.90824
-2.39676 -1.87306
-0.120037 -4.44092
-2.31642 2.09005
0.928401 -0.319031
-0.667476 1.9586
1.63854 -2.51899
-2.6184 1.91962
-0.901497 2.74884
0.189713 2.00096
-0.147034 3.64882
-1.42441 -3.79172
3.49129 -3.35151
-4.28764 -0.0873852
-0.128884 4.82448
-0.789011 -1.50397
-3.20337 -2.05196
-4.59396 -0.297527
-2.79665 -2.07879
0.280057 0.304102
-2.02479 0.55039
-3.1566 1.31289
-3.38323 -1.20537
1.18662 -0.590286
-3.0133 2.31643
-3.95614 2.27384
-0.987382 -1.78513
0.670034 2.42082
-2.3479 1.90262
-2.63393 -4.1337
4.85512 -0.694407
-0.937101 1.43614
-2.76876 -2.16444
-4.15745 -1.42275
-2.74992 -1.99695
1.9573 -2.29073
-1.16727 -4.74583
2.43792 -3.22226
-3.99402 -0.931138
-4.79928 -0.83532
-4.6685 0.645715
-4.33123 -2.16041
0.57705 2.30556
-3.79375 -1.91505
-3.71561 0.96312
2.64887 3.90487
-2.82759 2.20823
-1.51437 -0.0220497
-4.40598 0.0617703
1.26825 3.62092
-4.58007 -0.86093
-1.60991 -0.57471
-0.901187 2.28883
-0.859862 -0.61057
-1.745 -4.04543
-4.5734 1.64178
-1.56823 0.132183
-0.4966 0.854766
-3.96395 1.8085
-2.61309 -0.615178
-3.9006 -3.09977
2.52851 -2.75049
0.344084 3.08627
-1.35659 0.434222
4.30002 1.67967
-3.25888 -2.6274
2.71571 3.17908
-1.47929 1.31513
-2.64841 -0.801122
0.131423 1.9666
-2.4256 -0.701966
-1.02917 -1.1782
-3.60554 0.508886
-4.4201 1.56856
-2.46143 -2.23228
-2.33126 0.650778
-1.66574 -3.36775
-2.3691 -2.62612
0.035928 -2.21189
1.71142 -2.68398
2.51146 1.68601
-0.658138 -1.83474
-4.38953 -2.01026
2.03715 -3.81017
-2.55203 4.01984
-4.87415 0.349601
1.42355 3.51565
0.361778 -2.2137
-2.15245 -1.60631
3.93911 -2.74927
-4.55643 -0.268129
-3.38783 1.36067
-3.14868 -0.413992
0.405293 -4.69584
0.0610532 0.362831
-3.67377 -0.730593
-1.43152 2.03881
-0.116598 -2.69915
0.590772 -2.69554
-2.40047 -2.13539
-1.80139 -3.83743
-4.27686 -2.06718
2.08869 -1.21008
0.153135 -0.536189
-3.21582 -3.12663
-4.14987 -2.27512
3.94479 -2.88909
-2.16996 -2.88486
-4.85429 -0.908327
-1.42063 -1.30853
-0.175212 -2.1363
0.187182 2.50142
-4.36263 -1.21039
0.980461 -1.27324
-1.46301 -0.0294307
-3.13086 -3.66624
-2.38336 2.20006
-2.76654 -0.120763
2.73622 -3.25696
-0.840876 -4.19064
-4.41619 -1.23426
3.29669 -3.49669
4.43965 -0.529582
2.20665 -0.548034
-3.69784 -2.62829
0.111169 -4.61865
-3.15375 1.99284
2.50091 2.42217
0.513339 -0.0352037
1.38123 -3.35926
-0.070625 4.49188
-4.61583 -0.0346942
-2.08512 0.601549
-3.30533 -2.57898
3.40799 3.13701
2.2152 -3.56869
-3.08859 3.09081
1.77583 -4.6112
0.570301 -2.8458
0.11617 3.96771
-2.33913 -2.56848
1.80433 -4.23172
0.138974 -0.391983
0.991899 -4.5697
0.524397 2.79917
-3.39418 2.30524
-2.773 0.665411
-2.9117 3.61922
-2.02486 4.48148
-0.423469 4.38777
-4.09951 -1.94434
-1.51967 3.12913
-0.128977 -4.67649
1.13643 2.67484
3.46757 -2.15957
-2.23865 2.28545
-0.764264 -3.05096
1.15346 2.98824
-2.21311 0.923166
-2.82762 2.59386
-3.74386 -1.48512
-2.24543 0.781467
2.30213 3.26248
4.02084 -0.818659
-2.48216 3.2839
-3.63746 1.99703
-1.28475 -0.523053
-4.12307 -2.18696
-3.55013 3.28618
4.03622 1.99089
-2.93339 3.01414
0.245881 -3.06393
0.614631 4.13376
-2.60561 -2.02333
-0.589026 1.60245
4.33856 -2.42069
2.41082 -2.62487
4.16945 -1.98691
0.34055 1.82671
-1.89641 -3.35768
3.85791 0.81838
-1.07043 0.590309
-3.01364 -3.71578
-4.35841 1.48609
-1.4178 1.66937
0.668676 -1.77662
0.734794 -1.96697
-4.63065 0.514074
0.409841 -3.96228
2.5142 -3.61036
-3.46522 2.15395
-4.72689 -0.835582
-3.43174 -2.35345
-0.434513 -3.79348
-3.96692 -1.48672
0.740148 -0.788272
-0.574896 -0.6353
-2.26964 3.00919
0.262098 -2.79452
-2.69188 -1.93582
-1.66506 -1.15823
-1.93401 3.17351
-1.55041 -1.55357
-4.65785 -0.597758
-0.382843 -2.67842
-3.93191 0.768021
1.87173 -0.788265
-1.82468 -4.05709
-2.54181 0.0451821
-1.48691 4.66062
-0.917361 -1.42874
-4.02502 0.815103
1.61698 -2.75851
-2.09286 1.44423
-0.423965 -0.452942
-2.58375 -1.75799
-1.32289 -0.256105
-0.396411 4.36868
-0.485493 -1.83714
3.63429 -2.71039
1.86469 3.61301
1.86304 -0.211077
-3.55364 -1.40261
-1.73382 -0.0466718
-3.04703 -0.104899
-4.41925 1.23823
0.380861 -4.70582
-2.20959 2.86758
-2.03921 0.328562
0.969829 1.14603
-2.36112 4.20759
-4.39293 -1.48965
-1.77084 4.52884
-0.465302 3.39609
-2.23578 4.38497
-2.61675 2.60693
0.216865 -4.88398
0.707256 -4.46582
-2.49664 -1.27044
-3.38972 -1.01746
-2.77884 -0.864933
-2.25739 4.01017
-4.27643 -2.12851
4.00748 -0.226893
-2.95708 -0.206705
2.77724 3.01659
-2.92603 -0.370565
2.02578 2.63334
-3.4498 1.36411
4.66644 0.552146
-2.11033 -3.66776
-1.39902 -3.97285
3.76492 2.69795
0.212686 -3.58546
-4.84684 -0.91509
-0.262679 -4.58997
3.92932 -1.16805
-2.99516 0.747332
-2.28632 -3.68067
2.02696 -3.2084
-1.53742 -0.162495
-0.429367 2.62161
-1.9864 1.81629
0.254603 2.97148
-0.840389 -1.60002
-2.81321 -2.4536
1.14668 3.89659
-0.149401 4.87991
-2.091 0.987545
-3.01226 0.246085
-4.63826 1.25
-3.49318 1.50572
-2.88837 0.653263
-3.03253 1.76557
1.03584 1.16263
-2.76982 -3.48716
3.17175 -2.85785
-3.31464 -1.28763
0.309085 3.82917
-3.56794 -3.10334
-1.08017 4.28912
-2.44669 2.86861
3.55058 -0.984342
-3.51433 0.743542
1.29282 0.220858
-0.789672 2.07244
-4.4901 0.125567
2.19276 2.48336
-0.0310371 0.418076
-0.420456 0.877648
3.8631 -2.41412
-0.403733 -1.98909
-2.80245 0.74756
1.26754 -0.443071
-4.23262 0.935786
-2.33628 1.24339
-0.156728 -2.21339
0.247464 1.86548
-1.19706 3.51806
-1.49402 3.42287
1.46768 -1.87424
-2.61188 -1.94574
-3.75471 0.0519025
0.359576 -4.06382
-2.48293 -3.12728
-2.74621 -3.58321
-2.64907 3.69686
-3.3037 0.814175
3.62238 1.91362
3.57095 0.154363
1.83449 1.32507
-2.98438 -3.1745
-0.919837 0.385555
0.472533 4.00176
-1.37213 -1.76976
-4.58873 -0.22047
-3.49198 0.0604977
-2.37595 -0.163898
-1.41852 1.03117
-4.62756 0.230784
-2.97672 2.74802
-2.99154 -1.17059
-2.98456 3.00023
-4.20263 1.86321
-2.32688 -4.16823
-3.12593 1.14613
-2.85586 3.06052
0.705266 -2.28865
-2.06025 -2.63692
3.03923 -1.70245
-3.35957 2.64641
-3.65981 1.8373
1.9561 2.76823
-0.712456 1.9773
1.45337 4.25325
-1.07468 -1.126
-2.07598 -3.76696
-1.05934 -4.04648
0.642724 -0.253624
-3.94919 0.140852
-4.0432 -2.23411
-3.65566 0.091307
-2.79849 -4.00661
1.15279 1.48509
-1.59188 3.21984
0.334836 2.45309
0.606167 2.72539
-0.178504 -3.7529
-3.58243 -3.32322
-3.76033 -0.327644
2.54306 -2.75089
-4.85672 -0.219994
-4.57304 -0.509051
2.57471 3.8794
-1.10897 -3.01434
-2.47438 2.46418
-4.31249 1.33271
0.0843783 -4.47083
0.497865 -4.27501
-4.78507 -0.905415
4.11831 -0.54841
-2.21038 -2.44358
3.54383 -2.89526
-1.39294 -2.2576
-3.79666 -2.54629
-4.12074 2.1213
-3.8393 -2.99961
2.66236 3.13842
-4.65087 1.24555
3.55033 -2.60024
-1.67211 4.61374
0.483424 0.691123
-2.32261 -0.192063
-3.9149 -2.5859
-2.10875 -2.61774
-1.66386 -4.5882
0.714801 -3.78656
-3.27797 0.807618
-4.22436 1.91407
-0.132036 -4.72685
-2.06682 -2.04648
-2.70338 3.84662
-4.92074 -0.0882425
-2.89535 -1.29175
-1.22892 -2.03082
-2.18915 3.55727
1.41832 1.63602
-1.20738 0.648703
-1.80503 -2.56489
0.322862 3.04053
-3.60737 0.356841
-4.54507 1.37649
-1.36726 -2.10241
0.701016 -1.95804
0.104936 1.64691
3.35535 -2.84069
2.66364 -4.17199
4.22839 -0.630811
-1.53362 0.514343
-0.988988 -3.58266
-2.67645 0.73995
-0.743578 4.55057
-2.92117 -2.89018
-2.22854 1.40567
-0.388251 4.08188
0.476256 1.85886
-1.98021 -0.328053
-3.03622 -3.47703
-2.10081 0.951371
3.90817 -2.99809
-0.48993 3.1201
1.90572 -1.7423
0.655029 3.8767
-1.75672 2.45793
-0.166943 3.02446
0.606952 -4.57107
-0.207648 1.42957
0.000580532 -2.69675
2.20992 3.56621
1.76053 2.67684
-3.82319 1.41151
0.356202 -3.63829
-0.19351 -4.06103
-1.17024 -1.6752
2.92579 2.01917
0.696182 3.82725
2.11363 -0.795931
-3.41481 -1.49183
-3.95965 -0.339629
4.62518 -1.81091
0.408644 0.662911
-4.56114 0.129844
2.29366 -1.95218
0.679043 2.32478
2.14658 -1.80905
0.147164 -4.31487
2.58623 0.632805
-4.05938 -1.34096
-3.09181 0.0137419
-0.493212 -1.66145
1.29334 1.61219
1.54481 1.79761
-0.0518861 -1.07744
2.73042 2.62554
-0.0665998 0.589702
-1.4674 1.79041
0.0733981 -0.0984356
-0.492728 0.834807
-2.70881 0.0961844
3.10877 -3.11003
4.80041 1.37809
-2.75323 -1.93928
-1.69082 -1.6478
-0.44887 3.01321
-3.42878 1.58117
0.393766 2.46028
-0.489187 -0.678844
-4.32624 0.245001
-4.33994 0.160928
-4.30499 -0.480254
0.208569 -2.48524
2.64443 3.96635
-3.90163 -2.95606
-4.35002 0.332016
-2.71045 -2.7871
-1.76377 -3.86695
-4.27999 -2.09339
-1.40056 2.46912
-2.4041 -0.846654
0.45937 1.2978
2.14589 -1.48377
-2.49626 -3.43147
-1.04721 3.05713
-2.79611 3.78833
-3.98446 2.95974
-4.14909 1.47215
-2.13153 -0.4079
2.17442 1.17452
-2.40633 -2.17009
0.88589 -1.45888
-0.256711 -2.43795
-1.39259 -1.25081
-1.21922 -3.83569
1.5866 -3.63133
-3.49201 2.20376
0.21649 0.582876
-2.88474 -1.43568
-0.436909 0.838879
-2.49904 -0.31491
1.42793 -4.05734
1.21007 3.69535
-3.27585 -0.405349
2.51652 -0.734912
-0.991135 -4.64493
-3.37627 1.85606
1.28271 4.29862
-0.476494 -1.34373
2.31641 4.27915
0.575429 3.90716
-0.259753 0.217891
4.29346 0.823586
-2.35955 1.73512
-1.04675 3.59074
0.461222 -0.142105
-1.13536 -2.38946
-0.537055 -3.91275
-0.446179 3.47376
1.08342 0.454214
1.0531 -4.8274
-2.73263 0.00912666
3.6856 2.78778
-0.277156 4.73509
0.470174 4.65096
1.43822 3.11284
-0.265775 3.32187
2.60473 3.35845
-3.42475 -1.34108
-1.43068 -2.29871
-4.15849 -0.549778
1.50537 0.905398
2.07899 -2.54302
0.70178 4.62912
-2.34588 1.75558
-0.0688522 2.55931
-1.84589 -0.767758
-3.67908 0.150774
-1.86451 3.94272
-2.97288 0.688314
1.59477 1.65908
-0.297041 1.01922
-2.44081 2.47388
-3.55125 -0.956685
-1.17042 -2.48975
-4.61637 1.02188
-0.187969 4.13498
-1.7135 4.23025
-1.10005 2.94201
1.67048 -0.469938
0.616137 1.56062
-2.68618 1.71814
-1.99055 0.941342
3.97607 2.86151
2.2748 4.00893
3.80534 2.97207
-1.71242 3.54833
3.80195 -1.70711
-1.50101 2.18374
-3.54467 -1.04919
1.23658 4.55554
-3.44277 -0.936554
1.56559 -1.98134
-4.1042 -0.129563
-2.67323 1.2695
-1.45646 -1.03053
-2.84835 -3.15847
-0.722472 4.86787
0.722438 -1.99228
-2.74306 1.34551
-4.07261 2.12447
0.826034 -2.6283
-1.78267 0.543167
1.64514 0.166602
-4.37578 2.21969
-2.77658 0.306955
-1.12476 2.52383
0.960964 3.39264
-0.609751 2.70776
-1.73239 -2.84997
-1.69568 -4.61729
-2.48346 -0.417366
-3.19082 -3.60148
-2.37889 -3.40361
1.66433 3.24544
-1.81892 3.55262
-4.27033 0.262123
-0.43516 -4.90584
-0.48107 -4.67229
-2.14989 2.74732
-3.99176 -1.2954
0.404252 4.46259
-2.43536 -2.80013
-1.64974 2.62341
2.41536 2.57875
-3.19303 0.942323
-1.70219 1.78889
-2.49401 2.08986
-0.218247 -4.66203
-1.8926 2.44913
1.22535 -1.10183
-2.21747 4.3832
1.15539 4.23334
-1.2117 -2.85054
1.33028 -3.27553
-1.73877 -4.31353
0.886199 0.37021
1.22228 -4.00575
-1.21838 -2.88716
-3.14588 -3.12553
-2.59744 -0.713048
-4.71661 0.0377576
-4.75691 -0.382821
-4.07567 -1.82392
2.37128 2.9532
-4.6384 0.444527
0.373754 -0.624251
-0.0573353 3.43554
0.645923 -0.0999915
-0.168986 3.41052
-4.83258 0.183206
0.754346 -0.113066
-1.78334 -0.115981
-0.234547 -3.27913
-4.42459 1.12808
-1.26626 3.466
0.626841 3.21924
-2.12645 -3.78508
0.458459 -2.02554
-0.249981 -3.83224
-2.57993 -2.78013
2.70716 2.32666
-3.70171 -1.77606
0.69297 -1.28323
-0.642221 0.195557
-1.7757 -4.11302
-4.51267 -1.34564
-4.44585 1.16617
-0.795422 4.397
-3.69406 -1.57434
-1.2583 3.0067
1.51368 3.64261
0.876078 -2.45585
-0.615145 -4.78406
-1.13414 -4.2017
-1.32779 -0.785648
-2.0687 -3.52746
0.922972 4.08665
-0.671661 -1.48727
-3.3797 -2.1099
1.22839 -1.08437
-3.63855 1.47892
2.08365 -0.0882833
-2.9973 -3.24565
-1.08338 0.665619
0.722645 -3.41228
4.70462 0.887786
-0.817422 -4.84568
0.515061 3.10044
2.46676 4.11024
-3.77099 -1.76274
-1.89411 -0.589256
-0.829569 1.82351
-0.557894 1.19174
0.41817 -3.29959
4.61717 -1.84798
-0.862262 3.72902
-1.0271 4.827
-0.933801 -4.83228
1.05216 -2.86374
-2.53241 2.01926
0.163118 2.58614
-0.434416 -0.479659
-3.41965 1.11054
1.42561 -0.835644
-4.50124 -0.479688
0.557175 4.03149
-1.80244 -3.16771
-0.965596 -0.935838
-1.92754 0.63201
0.948636 -3.71679
-3.70044 -0.169323
1.6774 -1.65384
1.08467 3.63339
-1.83229 -2.29779
0.336707 3.6968
2.03956 -0.534706
-4.80864 0.0163426
3.66984 2.30028
1.44442 3.06568
-2.93916 3.05424
-3.89298 1.17208
-4.17833 1.54227
0.202671 -2.75218
-0.474191 1.93636
-2.06576 3.75796
3.28435 2.02075
0.686948 -3.00184
-2.19404 0.0120729
0.0364382 4.02828
-2.40704 3.33081
-2.43389 4.34164
-4.28818 0.616644
1.2116 -4.48811
-0.950567 -1.70864
1.77537 1.94299
3.93438 -2.41175
1.66985 -3.03373
-1.13885 -0.0620863
-2.29861 -4.3461
-2.85063 0.0693174
1.28526 -3.48262
-2.74154 3.29681
-1.55704 4.21366
0.0126101 0.160311
-0.755375 3.08417
-1.72162 -2.99062
0.728191 -1.65797
3.37417 -2.55187
-1.10976 -0.306786
-1.56966 1.15488
4.45457 -2.26909
-1.75708 2.04661
-0.0808002 -3.41625
-2.05514 0.148272
3.96874 -1.95136
0.903797 -4.43519
1.555 -1.22295
-4.79306 -1.2973
-2.68994 -1.57632
-1.75353 0.460805
3.32959 -1.96111
0.488718 2.38457
2.38509 3.40555
-2.82914 -1.3685
2.23792 -2.67615
0.460998 -4.151
-1.28051 1.50874
-4.24965 0.0789915
-3.0749 1.16118
-0.888246 -2.72306
2.06334 -2.5103
-0.23519 -1.04229
0.51251 -2.49471
3.2631 -3.47023
-0.743535 1.75368
0.735506 -4.31049
3.93174 2.32659
-4.15235 1.84419
0.859262 3.92906
-3.45555 2.55514
0.166822 3.62714
0.786954 -3.24962
1.57395 3.40107
0.959798 -0.146003
-3.15124 1.55316
-2.5568 0.697465
-2.9188 1.59317
0.706559 4.27322
-1.02933 1.89262
-0.835161 -4.38922
-4.00755 1.03293
-3.03026 0.724992
-3.8337 -2.23527
-3.52079 3.53207
0.847902 -1.92076
1.85653 1.60906
2.57255 -0.452661
-2.1116 0.111877
-1.57378 3.2536
2.93856 -3.2523
0.412981 -4.97318
0.296705 4.2036
-2.81866 -0.855857
-2.75032 0.574695
-3.39157 2.83725
-1.84971 4.02422
1.23605 2.6712
-2.01012 -3.63299
-3.37874 -0.300217
1.53138 -1.97458
0.437672 3.1715
-3.43051 -0.27656
-2.67867 1.83531
2.23176 -3.59541
1.79536 -2.83481
-1.97022 -0.188542
-0.13839 3.50678
-3.54921 1.8979
0.998689 2.30287
0.807922 4.45524
-2.07209 3.47735
-4.36179 1.45863
3.91379 -0.28852
-1.12529 0.149755
1.2392 -1.24908
-2.63267 -1.15055
-1.40539 1.59065
-0.324794 1.13025
-2.02076 -0.972554
2.5953 -1.97283
-2.216 2.39632
-0.931722 -0.398555
-3.62754 -1.1045
-3.45757 -3.05094
-3.58468 2.58597
-1.69003 4.3635
-1.57281 -1.82685
-0.359247 4.58717
-1.09426 -2.88386
-2.69967 -3.38832
-0.414161 -2.32088
4.56755 0.330806
4.05283 2.67663
0.951561 1.69242
0.820337 -0.0012584
0.364495 2.60324
0.00303589 -3.37424
-2.59425 -1.28388
-0.127022 2.83235
-3.1556 -3.04896
-1.99832 4.12896
1.69873 4.40709
-0.303528 -0.080311
-4.04006 -2.50173
-2.83156 -2.26832
0.907023 -2.79902
-1.06201 -2.63799
-2.08914 1.16347
-3.86084 1.67792
1.18184 3.54897
-3.1142 1.68826
-3.09165 2.69594
-4.14809 -2.17709
-1.87578 -2.02883
-2.49967 1.52109
-4.01971 -1.40404
1.57601 -2.16287
-4.10553 -0.756434
-2.03998 -1.14562
-2.93102 -3.04018
-4.88922 -0.0879382
-2.49594 -3.94504
-0.639484 2.44379
-0.599709 -0.0879405
-3.59925 3.22635
0.332138 -3.68577
-4.48638 1.56907
-1.82453 1.59247
-1.52642 -2.26886
-4.42606 -1.27983
0.430994 -0.27794
0.815824 -0.194213
-2.7591 0.907778
-1.29629 -2.61903
0.502056 3.20646
-3.83514 2.77886
0.505923 -3.6958
-3.40567 2.79681
-4.28703 -0.598568
0.167297 3.87883
-1.4126 -3.00068
1.96796 -3.04922
-3.93912 -1.74359
-4.43177 1.05352
-2.43005 0.502832
-3.36067 -3.58581
-0.617853 3.27117
-1.59625 2.93049
-4.46976 -2.19639
-4.27435 2.22136
4.19279 -0.294662
-2.32033 -0.816908
2.34218 1.49809
-2.51186 1.06764
-4.26573 -0.423651
-1.50908 -4.53402
1.63403 -2.4808
-1.45399 -0.440378
-0.914241 1.05199
0.396557 4.38391
-2.2876 -0.982141
-4.04937 2.39988
-1.72192 1.13194
0.0853936 -3.17476
-0.740264 3.95177
0.97568 -0.79276
-3.45034 1.02387
-2.70235 -1.11419
-1.93928 1.55292
-2.71662 2.21342
0.279948 -3.53782
1.19015 2.94371
-1.83517 -4.27103
-3.48699 2.18247
-3.09324 -1.56684
2.8594 2.79351
-4.94067 0.33025
-1.00213 2.99105
-4.32774 0.493517
-1.46347 0.428886
3.10926 -2.36959
-0.858117 4.73661
0.602156 -0.368657
-4.90538 0.732908
-1.77125 4.66328
-2.69601 3.863
-1.33898 2.87388
-2.73134 -1.90112
-3.74688 -2.2106
-2.10017 -3.36018
-3.36614 -1.94222
-0.306142 4.87915
0.86065 -4.73363
-4.23638 1.75367
-2.95542 3.27459
4.85977 0.0572354
2.45342 -0.831507
0.371793 2.86563
1.65272 -0.0430921
0.500136 2.81624
-2.83322 0.726908
-1.59879 0.991369
0.204273 -1.12474
-2.13427 2.59296
-2.78138 -2.94746
-1.99719 -2.67606
-0.612097 2.51265
3.00883 3.66205
0.0789265 -4.25343
-1.12406 0.308384
-3.17208 0.596228
0.293509 -3.84107
1.16954 -0.713784
1.83268 1.13781
4.35772 -1.32912
-2.71634 0.527406
4.25328 -0.982063
-0.89307 -0.654603
-0.333613 2.32899
1.24868 2.33216
4.20888 -0.345331
-0.694964 -0.331845
0.162939 1.26257
-3.19709 -3.07488
-0.954589 -3.03764
1.80094 4.53937
0.692481 -2.10549
-0.439806 -2.25969
1.00616 -0.994067
-2.56094 1.48564
0.769581 -3.13283
1.31223 -4.31738
-2.90559 -0.0280063
0.686145 3.44526
-2.19404 -2.32524
-1.78104 -2.94892
-4.39555 1.97919
-2.71605 -0.75
-4.12337 -1.40835
1.15339 -0.505477
-2.06151 2.11787
0.293003 0.156914
-3.13818 0.905235
-1.60219 -1.04063
-4.38161 -2.39591
-2.45658 -3.11333
-0.631105 -4.74943
1.37556 0.313652
1.95952 4.41623
0.0102603 -2.29804
-4.36726 -1.1082
-3.43662 0.533548
-3.04209 2.93896
-3.46889 2.21007
-4.16947 2.4127
2.7735 1.83929
-0.984748 1.73468
-2.09238 -0.40968
-3.43794 2.10611
-2.9428 0.222533
-3.84493 -0.683279
-1.32287 3.35024
1.42417 3.73058
-0.699089 3.45205
-2.74896 -3.69532
-2.75126 -2.5427
-4.21216 -0.632589
-1.36735 4.49724
-2.68026 -1.78192
-2.03456 3.77396
-3.46245 -3.54361
0.862503 -3.96882
-1.17098 -1.72969
-0.174393 -1.66985
-1.44636 -4.08045
-0.542079 3.87397
-1.78764 -1.95476
0.0830015 2.24923
0.142018 -0.553901
-0.0973004 -2.61803
1.7134 2.94238
0.50446 1.08043
0.156132 -3.84396
-3.13873 3.34272
0.416275 2.38875
-0.91651 1.77646
-1.1006 1.52221
-1.99513 1.24404
-0.198056 -2.98353
-1.25251 4.39958
2.20973 -1.6772
2.89554 0.634128
-3.05603 2.78028
-1.09401 -3.82275
-2.83493 3.78841
-2.70594 -1.29506
-2.49914 -0.695113
1.97511 3.34739
-2.25746 -4.00915
2.91014 -2.11565
0.524764 1.06148
-3.36854 -2.8595
-4.08931 2.23433
-0.158378 -1.27391
-3.68625 -0.00966137
-4.69291 1.41563
-3.2465 -0.822467
0.355991 -1.68043
4.60563 1.40348
-0.325725 0.354205
0.363207 3.84182
-2.54151 1.96653
-0.551839 1.19796
-3.79995 -2.96597
-3.39992 -2.65279
-1.41704 2.65519
-4.00692 -2.5314
-1.45921 -4.49239
-4.20622 2.48152
0.764043 1.27207
-0.648746 -1.833
-3.17859 -3.16489
0.477504 -2.90113
-3.27903 -2.47827
3.25633 2.27214
-1.30738 4.19008
0.187306 1.78185
1.27754 0.862707
-1.5201 -2.32321
-3.88981 0.51397
0.556691 0.00113
-2.551 -1.73984
-4.93486 0.148396
3.24058 -1.77023
-4.53134 0.0466346
-4.15844 -2.18666
-1.78084 -2.16357
-4.06418 -0.369976
3.09786 1.65798
-3.19871 -0.567648
0.134636 0.188468
-2.74891 4.05614
-2.88024 -3.05006
-0.896118 -1.18582
-1.98583 1.56147
1.66832 -0.991065
-1.58986 -2.64786
-4.57597 1.26969
-0.288619 4.47989
-0.167467 -0.315075
-2.13135 -3.23634
2.02017 1.99595
-1.97076 1.09251
-1.55338 -3.17398
-2.21576 -1.47026
2.98921 -2.91346
-2.46589 3.34034
1.57637 -3.58526
-3.81045 2.70693
-3.62472 2.51673
-2.42113 -2.30939
2.87252 3.91284
4.03477 2.3641
-4.13727 1.15435
-2.08746 -2.13622
1.36132 -2.29289
0.757681 1.75058
1.43127 4.08997
0.566054 -4.1237
-2.35953 -1.9843
-4.42791 1.93802
-0.287731 2.31685
-2.3411 1.90024
-1.97641 -1.19586
-2.39883 2.13673
-3.82613 -1.17536
2.71262 -2.83138
3.15754 1.1414
1.68464 -2.34243
-1.97517 -0.445281
-3.05449 -1.26919
-4.44591 -0.806142
-4.32415 2.36876
1.72141 3.53506
0.115309 -2.15087
1.34668 4.53866
3.80224 3.00149
-4.33207 1.34118
-1.37283 3.0391
1.52 -2.63021
0.235597 -4.85881
-0.271438 -2.31308
0.653907 -2.2467
-1.21272 -4.61285
-0.898537 0.80469
1.89726 4.46843
-2.88961 -4.01256
3.32361 2.99069
0.596708 -1.55211
-3.43699 -0.766637
-1.42368 4.30286
-4.51868 1.52149
-1.35507 3.76099
-2.17691 -0.616496
-0.572888 -2.35013
-4.72114 1.0768
-3.22135 -2.22211
-2.33444 -4.14587
-3.68051 0.495285
-1.02303 -4.66082
3.54943 -3.09229
-3.9708 -2.34118
-0.849373 3.62886
-1.56346 -4.13064
-3.05302 -3.39721
0.00163484 2.04942
-1.4 -0.439461
0.00375807 4.6207
-2.97004 2.186
-0.774228 -3.81023
-3.46819 0.271076
-2.76934 -4.04077
-3.6751 0.561266
1.74996 -1.38252
1.06366 -1.08813
3.43179 3.22381
-1.38965 -0.601536
-0.898072 1.8187
0.244314 2.64903
-1.63834 3.31418
4.60475 1.62661
-1.33221 4.19694
-3.38207 2.37043
1.70349 2.28706
-1.39184 3.29081
-0.584609 -0.845408
0.99031 2.28193
0.854304 -0.266836
-1.40497 4.7018
0.478297 0.567512
0.10146 -3.48745
-4.46012 1.37734
0.523104 4.61174
0.27843 2.01485
-0.0370065 1.53907
0.389988 1.19573
-3.06229 1.44675
-3.5067 2.94024
3.08762 -3.09616
0.516811 -2.6825
-4.1616 1.79115
0.739059 -1.79822
-3.17252 2.17566
2.34914 1.90074
-3.22261 -0.255558
0.791574 4.23518
-3.71797 -2.83734
0.700089 4.40211
-4.8657 1.14295
-2.94076 0.864994
-1.0396 2.83392
-2.57393 2.80192
-2.0902 3.83233
-4.16997 -0.56579
-3.59752 3.11943
2.08095 4.36528
-1.84919 -0.00426299
-3.11583 3.18949
2.42371 3.13045
-0.499362 0.866331
-0.0163509 -3.76138
-0.478359 2.50609
-2.39844 3.87708
-1.43278 0.69581
-1.12929 -0.710374
-1.49383 -2.50907
-4.77225 0.0640194
-2.43649 2.94711
1.48221 4.08257
0.904373 -3.20412
-1.74107 1.25756
-4.67221 0.508429
-2.22654 2.75849
-3.31335 3.20866
1.76198 2.94509
0.66104 1.45171
1.20011 3.50239
-2.86432 -1.53674
-1.40173 -1.58923
3.18201 -0.589418
-2.8645 2.49284
-1.93805 0.392866
-1.90017 1.22103
-0.211627 -1.93582
-3.40531 -1.42286
2.19901 0.495606
-2.67949 3.19568
-4.50291 -0.475267
-1.30445 0.622416
-4.40045 -1.71631
-1.08725 1.47619
0.077092 -3.10561
-3.12746 -1.61275
-1.2624 0.866114
-1.9052 -3.39415
-3.70449 -2.63125
-3.64801 0.40257
-2.31075 -0.355053
-3.45449 -1.52658
2.59889 -3.06408
-2.97146 0.926975
-2.73952 -2.05676
-2.06301 -2.83186
-0.335901 -4.96683
-2.48001 -0.404714
-1.40849 -4.45447
-3.56004 -0.70248
-0.524247 -4.29838
-0.607877 1.42013
1.15451 -1.79582
-1.11563 3.63524
-2.87487 0.530431
2.42214 -4.31519
-3.95592 -1.80753
-0.639584 -3.76131
-3.2317 -1.37589
-3.82474 -0.579449
-2.83835 1.26456
-2.31841 -0.2507
-2.3083 2.64232
-0.519434 4.58897
0.0509139 0.359666
-0.952493 1.32587
-1.64473 4.69527
-0.724224 4.60575
-2.30906 -2.37186
-0.251055 -4.38868
-4.02545 0.841924
-0.368165 -0.284839
-2.18468 -2.2916
2.34997 3.77606
-1.33701 -3.9077
4.07301 -0.823904
3.12583 -1.1262
0.151181 4.61148
-0.429702 3.02945
-3.84017 1.7516
-1.22871 -1.15416
-0.807794 3.0913
-3.44248 -3.04577
-2.9279 0.231463
2.26134 2.65969
-0.6053 4.76351
-0.992798 -0.838032
1.32946 0.315287
1.7243 -4.6643
-0.204251 3.1857
-2.06731 -3.31535
-1.88688 -3.8948
0.140789 -3.48017
-2.92549 -2.58781
-4.19532 -2.4124
-1.81754 2.62063
1.82619 0.341204
-4.14745 -2.46609
-4.61475 -0.299905
0.0483587 -4.5585
-3.49736 -1.77287
1.90131 4.44288
3.02038 -2.63692
1.15845 -3.46223
-3.79963 -2.96622
1.58573 -4.62054
2.65598 -3.7051
0.358175 2.39133
-2.99855 -2.25459
-4.82872 -0.438593
-0.874255 3.38639
-3.38748 -0.670041
-0.621614 -2.90789
-1.08362 4.15101
-4.11225 -2.11906
1.12058 0.680375
-2.5252 0.430492
-3.03571 -3.4723
-0.29875 1.38994
0.801237 2.93349
0.694745 -2.48882
-2.57367 -4.03632
-3.4442 -1.43628
0.23193 -0.585907
4.75015 -0.869068
0.393015 0.131511
0.128162 -4.42706
1.16127 -3.21682
-2.59837 -1.22454
2.20159 -3.29929
1.17855 -1.10006
-3.70769 0.641527
-3.6545 -1.50877
-3.53049 -0.313367
-4.63423 1.84739
-4.77174 -1.00654
-2.03713 -1.07287
1.28763 1.74707
-4.82262 -0.142106
4.52664 -0.203896
-3.81407 -2.55227
-2.53197 0.603458
-2.37365 -0.0791927
-4.29227 -0.283735
0.11137 4.16383
-1.73809 -1.98926
3.75935 -2.16648
-0.234022 2.23626
2.17462 -0.700597
-4.49754 1.97804
-0.175839 0.91708
-3.5742 1.05521
-1.82329 -3.55735
-2.09665 -3.15501
0.594192 -0.727225
-1.0004 4.41154
-3.05273 0.412847
-0.170262 -1.52214
1.01634 0.364777
1.00881 1.02945
-2.21194 -2.43604
0.909623 3.21805
-3.70125 -2.17629
-2.0151 2.03823
-3.69697 -2.09827
0.206087 4.34184
-1.41765 -1.30357
-1.12601 1.70229
0.337807 -0.672764
-1.93375 1.61286
-4.58774 -0.452335
0.148106 4.95958
0.463594 -1.88178
-2.01117 -1.57691
-2.24159 0.278332
-0.838268 -4.1254
0.684533 -2.9459
-2.0119 1.57237
-2.84823 -1.10335
-0.00330554 0.232622
-3.23692 -0.578015
-4.74158 1.51849
1.49816 0.818571
-0.490083 1.9269
-3.86532 1.6879
-2.74856 -1.48323
-1.92066 -3.93915
2.34781 -3.5203
-2.79197 -2.53477
1.07098 3.59068
1.69536 -3.35012
1.55124 -0.41594
2.35697 -0.48551
-3.4843 2.41495
0.0507187 -1.65592
1.39715 4.19493
-1.56945 -1.1763
-0.69105 -4.11361
-2.19163 1.77411
-2.1484 1.72723
-0.797048 0.750451
-2.72964 1.99705
4.56359 1.56639
-1.32764 3.43385
-2.20961 4.4602
-0.590514 1.16534
1.87967 -3.02016
1.85931 3.54207
-2.59236 0.994713
-0.561619 -1.83886
-2.99151 -2.32685
-2.5687 -3.85428
-2.5309 0.150095
0.536116 -1.77345
-2.50907 1.30993
0.106353 1.5885
-2.29027 2.46584
-3.09064 -3.87176
-2.16556 0.323011
-0.00332909 1.98037
0.193099 -1.71569
-4.34805 0.844853
2.27034 -3.14245
2.81897 -0.522411
-1.81815 3.46726
-1.79971 -1.92528
0.929355 -1.77722
-2.36684 -1.37308
-0.417221 3.26325
0.360509 -0.767049
-4.10158 1.58683
-4.16153 1.52982
1.628 -4.68755
-2.09954 3.78367
-0.692853 -0.207876
-0.506892 0.793288
-1.93977 2.59263
-1.02536 -0.0164681
-0.914356 -4.80894
-0.110797 3.82982
0.564495 4.75342
-0.377137 -2.27805
-4.24895 2.52337
1.88199 -1.21878
1.80091 -2.53961
3.43948 -1.95133
-0.732785 2.71721
-0.0366822 2.91979
1.61699 3.91502
-2.85454 2.13754
-0.196179 1.64166
-4.46799 -1.85146
-2.18587 0.51672
-4.23209 -1.94581
-4.29504 -0.152412
-0.610262 3.36243
0.448922 -4.59343
2.12123 0.585265
-3.97645 -1.54349
-2.67265 -0.130697
-4.40732 1.57265
-0.162108 -2.48612
-3.85271 0.268727
-3.90817 -1.50282
-2.1992 -0.300619
-0.646402 2.57139
1.79727 3.79462
4.03784 2.67522
3.44578 -0.758949
-2.83742 3.5935
0.83543 -0.496248
-1.20163 -3.78443
1.39875 -3.08058
-4.69107 -1.12888
-2.63074 1.07519
2.3236 2.439
-3.70884 -2.68508
-3.50569 1.28755
-2.98909 1.09883
2.29506 3.95027
-3.37329 2.51073
-4.67504 1.26528
-0.451728 3.12884
-4.23452 2.09813
-2.1863 -3.28125
-4.18232 2.59564
-0.222769 1.29743
-1.92708 1.98187
3.6276 2.50178
2.1797 3.98429
-3.20563 3.61546
-0.928815 -1.50083
-2.45587 -3.62366
0.771131 -3.2751
1.55379 3.34643
2.05361 2.43907
-3.98834 1.33946
-3.33929 -1.48768
-4.17667 2.17399
-4.08759 1.15813
1.14511 -2.85495
-3.3737 2.28398
-2.76916 0.437604
-1.5289 -4.3002
-2.22626 2.45386
-3.63516 1.50518
-3.06391 2.91693
-4.5769 1.10189
0.631151 1.73168
-2.71775 2.47603
-3.0974 -1.02925
-2.73809 -1.275
-2.56553 0.109243
-2.42163 0.509319
-3.8449 -0.441174
-3.58724 -1.02485
-3.06178 3.61838
-2.45814 2.11556
-4.52542 -0.935441
-3.26263 -0.111718
-4.43725 -1.46643
