0 1
1 2
2 3
3 4
4 5
5 6
6 7
7 8
8 9
9 10
10 11
11 12
12 13
13 14
14 15
15 16
16 17
17 18
18 19
19 20
20 21
21 22
22 23
23 24
24 25
25 26
26 27
27 28
28 29
29 30
30 31
31 32
32 33
33 34
34 35
35 36
36 37
37 38
38 39
39 40
40 41
41 42
42 43
43 44
44 45
45 46
46 47
47 48
48 49
49 50
50 51
51 52
52 53
53 54
54 55
55 56
56 57
57 58
58 59
59 60
60 61
61 62
62 63
63 64
64 65
65 66
66 67
67 68
68 69
69 70
70 71
71 72
72 73
73 74
74 75
75 76
76 77
77 78
78 79
79 80
80 81
81 82
82 83
83 84
84 85
85 86
86 86
87 87
88 88
89 89
90 90
91 91
92 92
93 93
94 94
95 95
96 96
97 97
98 98
99 99
100 100
101 101
102 101
103 102
104 103
105 104
106 105
107 106
108 107
109 108
110 109
111 110
112 111
113 112
114 113
115 114
116 115
117 116
118 117
119 118
120 119
121 120
122 121
123 122
124 123
125 124
126 125
127 126
128 127
129 128
130 129
131 130
132 130
133 131
134 132
135 133
136 133
137 134
138 135
139 136
140 137
141 138
142 137
143 138
144 139
145 140
146 141
147 142
148 142
149 143
150 143
151 144
152 145
153 146
154 147
155 148
156 149
157 150
158 151
159 151
160 152
161 153
162 154
163 154
164 155
165 156
166 157
167 157
168 158
169 159
170 160
171 161
172 162
173 163
174 164
175 165
176 166
177 167
178 168
179 169
180 170
181 171
182 171
183 171
184 171
185 172
186 173
187 173
188 174
189 175
190 176
191 177
192 178
193 179
194 180
195 181
196 181
197 182
198 183
199 184
200 185
201 186
202 186
203 186
204 187
205 186
206 187
207 187
208 188
209 188
210 189
211 190
212 191
213 192
214 193
215 194
216 195
217 196
218 197
219 197
220 198
221 198
222 199
223 199
224 200
225 201
226 202
227 203
228 204
229 204
230 205
231 206
232 206
233 207
234 208
235 209
236 210
237 211
238 212
239 212
240 212
241 212
242 213
243 214
244 215
245 215
246 216
247 217
248 218
249 219
250 220
251 221
252 222
253 222
254 223
255 222
256 223
257 224
258 224
259 225
260 226
261 226
262 227
263 228
264 229
265 230
266 231
267 231
268 232
269 233
270 234
271 235
272 235
273 236
274 237
275 237
276 238
277 239
278 239
279 239
280 240
281 240
282 241
283 240
284 240
285 241
286 242
287 242
288 242
289 242
290 243
291 243
292 243
293 243
294 243
295 244
296 245
297 246
298 247
299 247
300 248
301 249
302 249
303 250
304 250
305 251
306 251
307 251
308 251
309 252
310 252
311 253
312 253
313 254
314 254
315 255
316 256
317 256
318 256
319 257
320 257
321 257
322 257
323 257
324 257
325 258
326 259
327 260
328 261
329 262
330 263
331 264
332 265
333 266
334 266
335 266
336 265
337 266
338 267
339 268
340 269
341 270
342 270
343 270
344 271
345 271
346 270
347 271
348 272
349 271
350 272
351 273
352 274
353 275
354 275
355 274
356 275
357 276
358 276
359 276
360 277
361 278
362 278
363 279
364 279
365 280
366 281
367 281
368 282
369 282
370 282
371 282
372 283
373 284
374 285
375 286
376 286
377 287
378 288
379 289
380 290
381 290
382 291
383 292
384 292
385 293
386 294
387 295
388 294
389 295
390 296
391 297
392 297
393 298
394 299
395 300
396 301
397 302
398 302
399 303
400 304
401 305
402 306
403 306
404 306
405 306
406 307
407 308
408 309
409 309
410 309
411 310
412 311
413 311
414 311
415 312
416 313
417 313
418 314
419 315
420 316
421 317
422 317
423 318
424 319
425 317
426 318
427 318
428 319
429 319
430 319
431 319
432 320
433 321
434 322
435 323
436 323
437 323
438 324
439 325
440 326
441 327
442 327
443 328
444 328
445 329
446 330
447 331
448 331
449 332
450 333
451 334
452 334
453 334
454 335
455 336
456 337
457 336
458 337
459 338
460 339
461 340
462 340
463 338
464 339
465 340
466 340
467 338
468 339
469 340
470 340
471 340
472 341
473 342
474 343
475 344
476 345
477 344
478 345
479 345
480 345
481 346
482 346
483 347
484 347
485 346
486 345
487 345
488 346
489 346
490 345
491 345
492 345
493 344
494 345
495 346
496 346
497 345
498 345
499 345
500 346
501 347
502 347
503 347
504 347
505 347
506 347
507 348
508 349
509 350
510 351
511 352
512 353
513 354
514 354
515 354
516 355
517 356
518 357
519 358
520 358
521 359
522 359
523 360
524 361
525 360
526 361
527 362
528 362
529 363
530 363
531 363
532 364
533 364
534 363
535 364
536 363
537 364
538 364
539 363
540 364
541 364
542 363
543 363
544 364
545 364
546 365
547 362
548 363
549 362
550 363
551 363
552 364
553 364
554 364
555 365
556 365
557 366
558 367
559 368
560 368
561 367
562 368
563 368
564 365
565 366
566 367
567 367
568 367
569 366
570 366
571 365
572 366
573 366
574 367
575 368
576 368
577 368
578 368
579 367
580 368
581 368
582 368
583 368
584 369
585 370
586 370
587 371
588 370
589 369
590 369
591 369
592 369
593 369
594 369
595 370
596 369
597 370
598 370
599 369
600 370
601 371
602 372
603 372
604 373
605 372
606 372
607 373
608 374
609 374
610 374
611 375
612 375
613 375
614 376
615 376
616 377
617 376
618 377
619 378
620 379
621 379
622 379
623 380
624 380
625 381
626 381
627 380
628 381
629 382
630 383
631 383
632 384
633 384
634 384
635 384
636 385
637 386
638 387
639 387
640 388
641 389
642 387
643 388
644 389
645 390
646 391
647 392
648 392
649 389
650 389
651 386
652 387
653 386
654 385
655 386
656 386
657 387
658 388
659 388
660 387
661 388
662 387
663 388
664 389
665 390
666 389
667 390
668 391
669 391
670 388
671 388
672 388
673 388
674 389
675 389
676 387
677 388
678 388
679 388
680 389
681 390
682 391
683 391
684 392
685 393
686 394
687 395
688 396
689 396
690 396
691 397
692 398
693 399
694 400
695 401
696 400
697 398
698 399
699 399
700 399
701 398
702 397
703 396
704 395
705 395
706 395
707 395
708 395
709 394
710 394
711 395
712 394
713 392
714 393
715 393
716 394
717 394
718 395
719 396
720 395
721 396
722 397
723 396
724 397
725 397
726 398
727 399
728 398
729 398
730 399
731 398
732 397
733 398
734 398
735 397
736 397
737 396
738 396
739 397
740 397
741 398
742 399
743 400
744 401
745 401
746 400
747 400
748 401
749 401
750 401
751 401
752 400
753 401
754 401
755 397
756 397
757 398
758 398
759 397
760 396
761 397
762 398
763 397
764 397
765 398
766 398
767 398
768 398
769 398
770 398
771 399
772 399
773 400
774 399
775 399
776 400
777 399
778 399
779 399
780 400
781 400
782 400
783 401
784 400
785 400
786 401
787 401
788 401
789 402
790 401
791 401
792 402
793 403
794 404
795 404
796 404
797 404
798 404
799 404
800 404
801 405
802 404
803 404
804 405
805 406
806 404
807 404
808 405
809 406
810 407
811 408
812 409
813 410
814 410
815 410
816 411
817 412
818 413
819 412
820 412
821 412
822 411
823 409
824 408
825 407
826 408
827 408
828 407
829 407
830 408
831 408
832 409
833 409
834 407
835 407
836 407
837 407
838 408
839 406
840 405
841 403
842 401
843 402
844 402
845 402
846 402
847 401
848 401
849 402
850 402
851 402
852 400
853 399
854 399
855 400
856 401
857 400
858 401
859 398
860 399
861 400
862 399
863 398
864 398
865 398
866 399
867 399
868 400
869 400
870 401
871 402
872 402
873 402
874 403
875 404
876 405
877 405
878 405
879 406
880 406
881 406
882 407
883 406
884 406
885 406
886 407
887 407
888 406
889 407
890 407
891 407
892 407
893 408
894 407
895 408
896 407
897 407
898 408
899 409
900 408
901 409
902 408
903 409
904 410
905 410
906 410
907 410
908 410
909 410
910 411
911 412
912 411
913 410
914 411
915 411
916 410
917 411
918 411
919 412
920 411
921 411
922 412
923 413
924 414
925 415
926 416
927 417
928 417
929 418
930 419
931 419
932 419
933 420
934 420
935 418
936 418
937 418
938 419
939 420
940 420
941 419
942 420
943 419
944 419
945 420
946 419
947 419
948 420
949 421
950 422
951 423
952 423
953 423
954 422
955 420
956 421
957 422
958 422
959 422
960 421
961 421
962 420
963 421
964 420
965 420
966 420
967 420
968 421
969 422
970 422
971 423
972 423
973 423
974 424
975 424
976 421
977 421
978 422
979 420
980 421
981 420
982 421
983 422
984 422
985 423
986 423
987 424
988 424
989 424
990 423
991 422
992 422
993 422
994 422
995 422
996 422
997 423
998 423
999 424
1000 424
1001 424
1002 425
1003 426
1004 425
1005 426
1006 426
1007 426
1008 427
1009 426
1010 424
1011 425
1012 425
1013 426
1014 426
1015 427
1016 426
1017 427
1018 428
1019 425
1020 425
1021 426
1022 425
1023 426
1024 426
1025 426
1026 425
1027 426
1028 426
1029 426
1030 425
1031 425
1032 425
1033 426
1034 424
1035 425
1036 425
1037 426
1038 426
1039 427
1040 428
1041 429
1042 429
1043 430
1044 427
1045 426
1046 425
1047 424
1048 424
1049 422
1050 423
1051 423
1052 424
1053 422
1054 423
1055 423
1056 424
1057 425
1058 425
1059 424
1060 424
1061 425
1062 425
1063 426
1064 426
1065 425
1066 425
1067 424
1068 424
1069 424
1070 424
1071 423
1072 421
1073 422
1074 420
1075 421
1076 421
1077 421
1078 422
1079 423
1080 424
1081 425
1082 426
1083 426
1084 427
1085 428
1086 427
1087 428
1088 429
1089 429
1090 430
1091 431
1092 432
1093 433
1094 434
1095 435
1096 435
1097 436
1098 436
1099 437
1100 438
1101 437
1102 437
1103 438
1104 439
1105 439
1106 440
1107 440
1108 440
1109 439
1110 440
1111 441
1112 441
1113 442
1114 443
1115 442
1116 440
1117 440
1118 439
1119 439
1120 439
1121 439
1122 440
1123 441
1124 442
1125 442
1126 443
1127 444
1128 444
1129 443
1130 443
1131 443
1132 444
1133 445
1134 446
1135 447
1136 447
1137 446
1138 447
1139 447
1140 448
1141 449
1142 447
1143 447
1144 446
1145 444
1146 442
1147 443
1148 444
1149 444
1150 444
1151 444
1152 445
1153 443
1154 444
1155 444
1156 445
1157 445
1158 444
1159 444
1160 444
1161 444
1162 445
1163 446
1164 446
1165 447
1166 448
1167 448
1168 449
1169 449
1170 448
1171 448
1172 448
1173 447
1174 448
1175 448
1176 447
1177 446
1178 445
1179 446
1180 446
1181 446
1182 447
1183 444
1184 445
1185 446
1186 444
1187 443
1188 444
1189 443
1190 444
1191 443
1192 443
1193 444
1194 445
1195 445
1196 445
1197 444
1198 445
1199 443
1200 442
1201 443
1202 443
1203 444
1204 445
1205 446
1206 446
1207 446
1208 447
1209 446
1210 447
1211 446
1212 447
1213 447
1214 447
1215 448
1216 448
1217 448
1218 448
1219 447
1220 448
1221 448
1222 449
1223 450
1224 450
1225 450
1226 451
1227 450
1228 451
1229 452
1230 453
1231 454
1232 455
1233 455
1234 455
1235 456
1236 456
1237 457
1238 458
1239 458
1240 458
1241 459
1242 459
1243 459
1244 458
1245 458
1246 459
1247 460
1248 458
1249 459
1250 460
1251 459
1252 459
1253 460
1254 459
1255 459
1256 460
1257 460
1258 459
1259 459
1260 458
1261 458
1262 459
1263 460
1264 460
1265 461
1266 461
1267 462
1268 462
1269 463
1270 464
1271 465
1272 466
1273 466
1274 467
1275 468
1276 469
1277 469
1278 469
1279 469
1280 470
1281 470
1282 470
1283 470
1284 470
1285 470
1286 471
1287 471
1288 471
1289 472
1290 471
1291 469
1292 470
1293 471
1294 470
1295 469
1296 470
1297 471
1298 471
1299 472
1300 472
1301 472
1302 473
1303 469
1304 470
1305 470
1306 471
1307 471
1308 470
1309 471
1310 470
1311 469
1312 468
1313 468
1314 469
1315 469
1316 469
1317 469
1318 469
1319 470
1320 470
1321 471
1322 471
1323 472
1324 472
1325 472
1326 472
1327 472
1328 471
1329 471
1330 472
1331 473
1332 474
1333 474
1334 474
1335 474
1336 474
1337 474
1338 474
1339 474
1340 475
1341 475
1342 476
1343 476
1344 477
1345 478
1346 477
1347 477
1348 476
1349 476
1350 476
1351 476
1352 477
1353 477
1354 476
1355 475
1356 476
1357 477
1358 478
1359 477
1360 476
1361 475
1362 475
1363 475
1364 474
1365 473
1366 472
1367 473
1368 472
1369 472
1370 473
1371 474
1372 474
1373 474
1374 475
1375 476
1376 477
1377 477
1378 477
1379 477
1380 477
1381 478
1382 478
1383 478
1384 479
1385 480
1386 478
1387 479
1388 479
1389 480
1390 479
1391 480
1392 481
1393 481
1394 481
1395 482
1396 481
1397 481
1398 481
1399 482
1400 482
1401 483
1402 481
1403 481
1404 482
1405 483
1406 483
1407 483
1408 483
1409 484
1410 484
1411 483
1412 483
1413 484
1414 485
1415 486
1416 485
1417 486
1418 487
1419 487
1420 488
1421 487
1422 487
1423 488
1424 489
1425 489
1426 486
1427 487
1428 485
1429 485
1430 486
1431 487
1432 487
1433 487
1434 487
1435 487
1436 487
1437 487
1438 485
1439 484
1440 482
1441 480
1442 480
1443 480
1444 478
1445 479
1446 480
1447 481
1448 479
1449 479
1450 479
1451 479
1452 480
1453 480
1454 480
1455 479
1456 479
1457 479
1458 479
1459 480
1460 481
1461 482
1462 482
1463 482
1464 481
1465 479
1466 480
1467 479
1468 479
1469 480
1470 481
1471 481
1472 482
1473 483
1474 483
1475 484
1476 484
1477 485
1478 485
1479 485
1480 485
1481 486
1482 486
1483 486
1484 486
1485 483
1486 484
1487 485
1488 485
1489 484
1490 484
1491 484
1492 485
1493 486
1494 487
1495 486
1496 485
1497 483
1498 483
1499 481
1500 482
1501 482
1502 480
1503 479
1504 479
1505 479
1506 477
1507 478
1508 478
1509 478
1510 479
1511 478
1512 478
1513 478
1514 477
1515 475
1516 476
1517 477
1518 477
1519 477
1520 478
1521 478
1522 479
1523 479
1524 480
1525 480
1526 478
1527 479
1528 480
1529 481
1530 482
1531 482
1532 483
1533 483
1534 484
1535 484
1536 484
1537 485
1538 485
1539 485
1540 485
1541 486
1542 485
1543 486
1544 486
1545 486
1546 487
1547 487
1548 487
1549 487
1550 485
1551 486
1552 486
1553 485
1554 486
1555 485
1556 486
1557 486
1558 485
1559 484
1560 484
1561 484
1562 484
1563 484
1564 484
1565 484
1566 482
1567 482
1568 482
1569 480
1570 480
1571 480
1572 480
1573 481
1574 480
1575 480
1576 481
1577 482
1578 482
1579 482
1580 483
1581 483
1582 483
1583 483
1584 484
1585 485
1586 486
1587 487
1588 487
1589 487
1590 487
1591 487
1592 488
1593 489
1594 489
1595 486
1596 486
1597 487
1598 487
1599 486
1600 486
1601 487
1602 488
1603 488
1604 489
1605 490
1606 490
1607 491
1608 492
1609 490
1610 490
1611 489
1612 490
1613 491
1614 492
1615 492
1616 492
1617 492
1618 491
1619 492
1620 490
1621 491
1622 491
1623 491
1624 490
1625 490
1626 490
1627 490
1628 489
1629 488
1630 489
1631 489
1632 490
1633 489
1634 489
1635 490
1636 489
1637 489
1638 490
1639 488
1640 487
1641 487
1642 487
1643 488
1644 488
1645 488
1646 489
1647 489
1648 489
1649 489
1650 490
1651 491
1652 491
1653 492
1654 493
1655 493
1656 494
1657 495
1658 495
1659 492
1660 493
1661 492
1662 491
1663 492
1664 491
1665 491
1666 492
1667 491
1668 492
1669 493
1670 494
1671 494
1672 494
1673 493
1674 494
1675 494
1676 495
1677 495
1678 495
1679 495
1680 495
1681 496
1682 496
1683 497
1684 498
1685 498
1686 497
1687 497
1688 497
1689 496
1690 497
1691 497
1692 496
1693 494
1694 495
1695 495
1696 496
1697 497
1698 498
1699 499
1700 500
1701 500
1702 500
1703 500
1704 500
1705 498
1706 499
1707 500
1708 501
1709 499
1710 498
1711 499
1712 500
1713 500
1714 501
1715 501
1716 500
1717 500
1718 501
1719 502
1720 503
1721 502
1722 502
1723 500
1724 500
1725 501
1726 502
1727 503
1728 502
1729 502
1730 501
1731 502
1732 502
1733 503
1734 504
1735 505
1736 506
1737 507
1738 508
1739 508
1740 509
1741 508
1742 509
1743 510
1744 510
1745 511
1746 512
1747 513
1748 512
1749 510
1750 510
1751 510
1752 510
1753 510
1754 510
1755 511
1756 512
1757 513
1758 512
1759 511
1760 511
1761 512
1762 512
1763 512
1764 513
1765 513
1766 513
1767 514
1768 514
1769 514
1770 515
1771 515
1772 516
1773 517
1774 516
1775 516
1776 516
1777 517
1778 513
1779 514
1780 515
1781 515
1782 514
1783 512
1784 512
1785 513
1786 512
1787 513
1788 513
1789 513
1790 513
1791 510
1792 509
1793 509
1794 509
1795 510
1796 510
1797 511
1798 512
1799 512
1800 512
1801 512
1802 513
1803 514
1804 515
1805 516
1806 516
1807 517
1808 517
1809 517
1810 517
1811 516
1812 515
1813 515
1814 514
1815 514
1816 514
1817 513
1818 514
1819 512
1820 512
1821 512
1822 510
1823 509
1824 510
1825 511
1826 510
1827 510
1828 510
1829 511
1830 511
1831 511
1832 510
1833 511
1834 511
1835 512
1836 510
1837 509
1838 510
1839 511
1840 509
1841 509
1842 509
1843 508
1844 508
1845 507
1846 505
1847 505
1848 504
1849 505
1850 505
1851 505
1852 506
1853 506
1854 506
1855 506
1856 505
1857 506
1858 506
1859 504
1860 505
1861 505
1862 505
1863 504
1864 504
1865 503
1866 503
1867 503
1868 502
1869 503
1870 504
1871 503
1872 504
1873 505
1874 503
1875 504
1876 504
1877 503
1878 503
1879 504
1880 505
1881 505
1882 504
1883 502
1884 501
1885 502
1886 499
1887 498
1888 499
1889 498
1890 498
1891 496
1892 494
1893 495
1894 495
1895 495
1896 495
1897 494
1898 495
1899 496
1900 496
1901 496
1902 496
1903 495
1904 494
1905 494
1906 495
1907 496
1908 497
1909 498
1910 499
1911 499
1912 500
1913 499
1914 500
1915 499
1916 499
1917 497
1918 496
1919 497
1920 498
1921 498
1922 497
1923 495
1924 495
1925 494
1926 494
1927 494
1928 493
1929 494
1930 492
1931 491
1932 492
1933 493
1934 493
1935 493
1936 494
1937 493
1938 493
1939 493
1940 492
1941 491
1942 489
1943 489
1944 489
1945 488
1946 489
1947 489
1948 489
1949 488
1950 489
1951 490
1952 489
1953 490
1954 491
1955 490
1956 489
1957 490
1958 490
1959 491
1960 492
1961 491
1962 492
1963 492
1964 491
1965 492
1966 493
1967 493
1968 494
1969 495
1970 495
1971 494
1972 495
1973 495
1974 496
1975 496
1976 497
1977 497
1978 498
1979 497
1980 498
1981 498
1982 499
1983 499
1984 500
1985 499
1986 500
1987 498
1988 498
1989 498
1990 499
1991 500
1992 500
1993 501
1994 499
1995 500
1996 500
1997 499
1998 500
1999 501
2000 502
2001 503
2002 501
2003 501
2004 501
2005 502
2006 501
2007 500
2008 500
2009 500
2010 501
2011 502
2012 503
2013 503
2014 503
2015 501
2016 500
2017 500
2018 497
2019 496
2020 496
2021 496
2022 497
2023 496
2024 496
2025 493
2026 494
2027 493
2028 493
2029 493
2030 493
2031 491
2032 491
2033 490
2034 488
2035 487
2036 486
2037 486
2038 487
2039 488
2040 489
2041 489
2042 490
2043 491
2044 492
2045 493
2046 493
2047 493
2048 494
2049 493
2050 494
2051 493
2052 494
2053 495
2054 496
2055 497
2056 498
2057 497
2058 496
2059 495
2060 494
2061 495
2062 496
2063 497
2064 495
2065 495
2066 496
2067 497
2068 496
2069 496
2070 495
2071 494
2072 495
2073 496
2074 497
2075 496
2076 497
2077 496
2078 497
2079 498
2080 498
2081 498
2082 499
2083 500
2084 501
2085 500
2086 499
2087 499
2088 499
2089 500
2090 498
2091 499
2092 495
2093 495
2094 496
2095 496
2096 496
2097 497
2098 496
2099 497
2100 496
2101 497
2102 497
2103 493
2104 492
2105 493
2106 491
2107 492
2108 492
2109 493
2110 492
2111 493
2112 494
2113 493
2114 494
2115 495
2116 495
2117 495
2118 494
2119 493
2120 494
2121 495
2122 494
2123 495
2124 494
2125 492
2126 493
2127 494
2128 494
2129 494
2130 494
2131 495
2132 496
2133 495
2134 493
2135 493
2136 493
2137 492
2138 492
2139 491
2140 491
2141 489
2142 489
2143 490
2144 489
2145 490
2146 491
2147 492
2148 493
2149 492
2150 492
2151 493
2152 493
2153 493
2154 493
2155 494
2156 495
2157 496
2158 497
2159 496
2160 495
2161 495
2162 493
2163 494
2164 495
2165 493
2166 494
2167 493
2168 494
2169 494
2170 495
2171 496
2172 495
2173 494
2174 493
2175 494
2176 495
2177 496
2178 496
2179 495
2180 494
2181 495
2182 496
2183 495
2184 494
2185 493
2186 494
2187 494
2188 495
2189 495
2190 496
2191 496
2192 496
2193 496
2194 496
2195 497
2196 496
2197 495
2198 495
2199 493
2200 492
2201 492
2202 492
2203 492
2204 491
2205 492
2206 493
2207 494
2208 495
2209 494
2210 494
2211 495
2212 495
2213 496
2214 497
2215 498
2216 498
2217 497
2218 498
2219 497
2220 497
2221 498
2222 499
2223 500
2224 501
2225 502
2226 500
2227 500
2228 500
2229 498
2230 499
2231 500
2232 500
2233 500
2234 499
2235 499
2236 495
2237 495
2238 496
2239 497
2240 495
2241 496
2242 494
2243 495
2244 495
2245 496
2246 496
2247 497
2248 497
2249 495
2250 496
2251 495
2252 495
2253 494
2254 495
2255 496
2256 496
2257 496
2258 497
2259 496
2260 494
2261 495
2262 495
2263 494
2264 494
2265 493
2266 494
2267 493
2268 494
2269 494
2270 495
2271 496
2272 494
2273 494
2274 495
2275 493
2276 492
2277 493
2278 493
2279 493
2280 494
2281 493
2282 494
2283 493
2284 493
2285 494
2286 495
2287 493
2288 493
2289 492
2290 491
2291 491
2292 491
2293 491
2294 489
2295 489
2296 488
2297 486
2298 486
2299 486
2300 487
2301 486
2302 487
2303 487
2304 485
2305 486
2306 486
2307 487
2308 487
2309 488
2310 488
2311 488
2312 487
2313 487
2314 486
2315 487
2316 486
2317 487
2318 488
2319 488
2320 488
2321 489
2322 490
2323 490
2324 491
2325 490
2326 491
2327 490
2328 490
2329 489
2330 489
2331 488
2332 489
2333 489
2334 490
2335 490
2336 490
2337 490
2338 491
2339 492
2340 493
2341 492
2342 491
2343 492
2344 492
2345 493
2346 492
2347 493
2348 493
2349 492
2350 491
2351 492
2352 491
2353 490
2354 489
2355 490
2356 491
2357 490
2358 490
2359 489
2360 490
2361 490
2362 491
2363 491
2364 490
2365 488
2366 488
2367 488
2368 489
2369 487
2370 487
2371 487
2372 487
2373 487
2374 486
2375 487
2376 487
2377 485
2378 486
2379 485
2380 485
2381 483
2382 484
2383 484
2384 485
2385 484
2386 482
2387 481
2388 482
2389 480
2390 480
2391 481
2392 481
2393 482
2394 483
2395 483
2396 484
2397 484
2398 484
2399 485
2400 485
2401 484
2402 481
2403 482
2404 482
2405 479
2406 479
2407 479
2408 477
2409 477
2410 477
2411 477
2412 477
2413 477
2414 477
2415 478
2416 479
2417 479
2418 480
2419 480
2420 479
2421 480
2422 481
2423 481
2424 482
2425 483
2426 483
2427 483
2428 482
2429 480
2430 481
2431 480
2432 480
2433 481
2434 482
2435 482
2436 482
2437 481
2438 482
2439 482
2440 481
2441 480
2442 480
2443 479
2444 479
2445 479
2446 479
2447 480
2448 481
2449 482
2450 482
2451 483
2452 483
2453 483
2454 482
2455 482
2456 481
2457 481
2458 479
2459 480
2460 481
2461 481
2462 482
2463 481
2464 481
2465 480
2466 480
2467 481
2468 481
2469 481
2470 482
2471 483
2472 483
2473 482
2474 482
2475 482
2476 481
2477 482
2478 482
2479 483
2480 483
2481 483
2482 484
2483 484
2484 484
2485 483
2486 483
2487 484
2488 485
2489 484
2490 484
2491 484
2492 485
2493 486
2494 485
2495 484
2496 483
2497 484
2498 484
2499 481
2500 481
2501 482
2502 483
2503 483
2504 483
2505 482
2506 482
2507 483
2508 484
2509 485
2510 483
2511 484
2512 482
2513 483
2514 484
2515 485
2516 486
2517 485
2518 484
2519 483
2520 482
2521 481
2522 480
2523 481
2524 482
2525 482
2526 483
2527 483
2528 483
2529 482
2530 483
2531 481
2532 480
2533 481
2534 480
2535 480
2536 480
2537 481
2538 481
2539 481
2540 481
2541 482
2542 481
2543 482
2544 479
2545 480
2546 479
2547 479
2548 477
2549 475
2550 476
2551 476
2552 476
2553 477
2554 476
2555 473
2556 473
2557 473
2558 472
2559 472
2560 472
2561 472
2562 473
2563 473
2564 474
2565 475
2566 475
2567 476
2568 476
2569 476
2570 476
2571 477
2572 478
2573 478
2574 479
2575 479
2576 478
2577 479
2578 479
2579 480
2580 480
2581 481
2582 481
2583 478
2584 479
2585 479
2586 480
2587 481
2588 481
2589 482
2590 483
2591 484
2592 483
2593 483
2594 481
2595 481
2596 481
2597 481
2598 481
2599 481
2600 482
2601 482
2602 481
2603 478
2604 478
2605 479
2606 480
2607 480
2608 479
2609 480
2610 480
2611 480
2612 480
2613 479
2614 479
2615 479
2616 480
2617 479
2618 479
2619 480
2620 479
2621 478
2622 478
2623 477
2624 477
2625 476
2626 474
2627 474
2628 474
2629 472
2630 472
2631 471
2632 469
2633 469
2634 470
2635 469
2636 468
2637 469
2638 468
2639 469
2640 469
2641 469
2642 468
2643 469
2644 470
2645 469
2646 470
2647 471
2648 471
2649 471
2650 470
2651 470
2652 469
2653 467
2654 468
2655 468
2656 467
2657 468
2658 468
2659 468
2660 467
2661 468
2662 468
2663 469
2664 468
2665 469
2666 467
2667 466
2668 465
2669 463
2670 463
2671 463
2672 463
2673 464
2674 463
2675 463
2676 460
2677 459
2678 460
2679 461
2680 461
2681 461
2682 462
2683 463
2684 464
2685 463
2686 463
2687 463
2688 462
2689 462
2690 462
2691 462
2692 463
2693 463
2694 464
2695 464
2696 465
2697 463
2698 464
2699 465
2700 466
2701 466
2702 467
2703 466
2704 466
2705 467
2706 468
2707 468
2708 469
2709 470
2710 468
2711 468
2712 467
2713 467
2714 465
2715 464
2716 465
2717 466
2718 467
2719 466
2720 464
2721 465
2722 466
2723 466
2724 467
2725 467
2726 468
2727 465
2728 464
2729 463
2730 463
2731 464
2732 464
2733 463
2734 462
2735 462
2736 463
2737 464
2738 464
2739 464
2740 465
2741 465
2742 464
2743 464
2744 465
2745 466
2746 466
2747 463
2748 463
2749 464
2750 465
2751 465
2752 463
2753 462
2754 463
2755 462
2756 463
2757 463
2758 463
2759 462
2760 462
2761 460
2762 460
2763 460
2764 461
2765 460
2766 459
2767 460
2768 461
2769 461
2770 460
2771 459
2772 458
2773 457
2774 455
2775 453
2776 454
2777 454
2778 454
2779 454
2780 455
2781 454
2782 453
2783 453
2784 454
2785 453
2786 452
2787 453
2788 454
2789 455
2790 456
2791 454
2792 455
2793 455
2794 456
2795 456
2796 457
2797 458
2798 458
2799 456
2800 457
2801 458
2802 457
2803 458
2804 459
2805 459
2806 460
2807 459
2808 458
2809 457
2810 457
2811 458
2812 458
2813 459
2814 459
2815 460
2816 460
2817 460
2818 457
2819 458
2820 458
2821 458
2822 459
2823 460
2824 456
2825 457
2826 457
2827 458
2828 459
2829 459
2830 458
2831 459
2832 460
2833 459
2834 458
2835 459
2836 460
2837 460
2838 460
2839 460
2840 459
2841 459
2842 459
2843 459
2844 460
2845 461
2846 462
2847 462
2848 461
2849 462
2850 463
2851 463
2852 464
2853 465
2854 466
2855 467
2856 468
2857 469
2858 470
2859 471
2860 470
2861 470
2862 471
2863 472
2864 473
2865 473
2866 474
2867 472
2868 472
2869 472
2870 473
2871 474
2872 475
2873 475
2874 474
2875 474
2876 473
2877 472
2878 473
2879 473
2880 473
2881 474
2882 475
2883 472
2884 471
2885 467
2886 467
2887 467
2888 468
2889 468
2890 468
2891 469
2892 468
2893 469
2894 469
2895 469
2896 470
2897 470
2898 468
2899 468
2900 467
2901 466
2902 466
2903 467
2904 465
2905 465
2906 466
2907 467
2908 468
2909 467
2910 467
2911 468
2912 468
2913 468
2914 469
2915 469
2916 470
2917 470
2918 469
2919 467
2920 467
2921 467
2922 468
2923 469
2924 468
2925 467
2926 465
2927 463
2928 462
2929 462
2930 463
2931 464
2932 465
2933 466
2934 466
2935 465
2936 465
2937 465
2938 466
2939 467
2940 468
2941 469
2942 470
2943 470
2944 471
2945 472
2946 473
2947 473
2948 473
2949 472
2950 471
2951 470
2952 470
2953 470
2954 470
2955 470
2956 469
2957 470
2958 470
2959 469
2960 469
2961 469
2962 467
2963 468
2964 469
2965 470
2966 471
2967 470
2968 471
2969 472
2970 473
2971 474
2972 475
2973 474
2974 473
2975 474
2976 473
2977 474
2978 473
2979 473
2980 472
2981 472
2982 472
2983 473
2984 473
2985 472
2986 473
2987 474
2988 475
2989 475
2990 473
2991 472
2992 473
2993 474
2994 474
2995 475
2996 474
2997 474
2998 473
2999 473
3000 471
3001 471
3002 471
3003 472
3004 471
3005 472
3006 473
3007 474
3008 474
3009 475
3010 475
3011 475
3012 475
3013 475
3014 475
3015 476
3016 476
3017 476
3018 477
3019 478
3020 479
3021 480
3022 480
3023 480
3024 480
3025 481
3026 481
3027 481
3028 482
3029 481
3030 480
3031 481
3032 482
3033 483
3034 483
3035 483
3036 482
3037 481
3038 482
3039 481
3040 480
3041 480
3042 481
3043 480
3044 480
3045 480
3046 480
3047 479
3048 480
3049 480
3050 481
3051 481
3052 480
3053 478
3054 479
3055 480
3056 479
3057 478
3058 477
3059 476
3060 475
3061 476
3062 476
3063 475
3064 475
3065 476
3066 476
3067 476
3068 475
3069 476
3070 477
3071 478
3072 477
3073 478
3074 478
3075 478
3076 477
3077 477
3078 477
3079 476
3080 476
3081 475
3082 476
3083 476
3084 477
3085 478
3086 479
3087 480
3088 481
3089 482
3090 481
3091 481
3092 482
3093 481
3094 480
3095 481
3096 481
3097 482
3098 483
3099 483
3100 484
3101 485
3102 486
3103 483
3104 483
3105 481
3106 481
3107 482
3108 482
3109 480
3110 480
3111 481
3112 482
3113 481
3114 481
3115 482
3116 483
3117 484
3118 484
3119 485
3120 485
3121 484
3122 485
3123 485
3124 486
3125 487
3126 488
3127 489
3128 488
3129 489
3130 488
3131 489
3132 488
3133 488
3134 488
3135 488
3136 487
3137 487
3138 486
3139 486
3140 487
3141 486
3142 486
3143 484
3144 484
3145 485
3146 484
3147 485
3148 485
3149 486
3150 486
3151 487
3152 486
3153 485
3154 486
3155 487
3156 488
3157 488
3158 489
3159 490
3160 491
3161 492
3162 493
3163 493
3164 493
3165 494
3166 494
3167 495
3168 495
3169 495
3170 495
3171 495
3172 495
3173 496
3174 496
3175 496
3176 497
3177 497
3178 494
3179 494
3180 495
3181 496
3182 496
3183 496
3184 495
3185 494
3186 495
3187 495
3188 492
3189 491
3190 492
3191 492
3192 492
3193 492
3194 493
3195 493
3196 493
3197 494
3198 492
3199 492
3200 492
3201 493
3202 494
3203 492
3204 492
3205 491
3206 491
3207 492
3208 493
3209 492
3210 493
3211 494
3212 494
3213 493
3214 494
3215 494
3216 493
3217 493
3218 493
3219 492
3220 493
3221 493
3222 493
3223 491
3224 492
3225 491
3226 492
3227 492
3228 492
3229 492
3230 493
3231 491
3232 492
3233 493
3234 493
3235 491
3236 491
3237 490
3238 491
3239 492
3240 493
3241 491
3242 490
3243 490
3244 490
3245 491
3246 490
3247 490
3248 490
3249 489
3250 490
3251 489
3252 488
3253 488
3254 489
3255 488
3256 489
3257 489
3258 490
3259 491
3260 491
3261 492
3262 492
3263 493
3264 494
3265 494
3266 494
3267 491
3268 491
3269 492
3270 492
3271 491
3272 489
3273 488
3274 488
3275 488
3276 488
3277 487
3278 488
3279 489
3280 489
3281 490
3282 490
3283 490
3284 490
3285 491
3286 492
3287 493
3288 493
3289 493
3290 493
3291 493
3292 494
3293 495
3294 495
3295 495
3296 494
3297 494
3298 495
3299 495
3300 495
3301 496
3302 496
3303 497
3304 496
3305 497
3306 498
3307 497
3308 496
3309 495
3310 496
3311 497
3312 495
3313 495
3314 494
3315 495
3316 494
3317 494
3318 494
3319 494
3320 495
3321 496
3322 495
3323 494
3324 493
3325 493
3326 494
3327 495
3328 496
3329 496
3330 497
3331 498
3332 499
3333 499
3334 500
3335 500
3336 501
3337 502
3338 503
3339 501
3340 500
3341 501
3342 502
3343 498
3344 499
3345 499
3346 498
3347 499
3348 499
3349 497
3350 498
3351 499
3352 500
3353 501
3354 502
3355 502
3356 502
3357 503
3358 501
3359 502
3360 502
3361 502
3362 499
3363 499
3364 498
3365 499
3366 500
3367 498
3368 496
3369 495
3370 496
3371 497
3372 496
3373 497
3374 495
3375 495
3376 494
3377 494
3378 494
3379 495
3380 494
3381 495
3382 494
3383 494
3384 492
3385 493
3386 493
3387 493
3388 493
3389 494
3390 495
3391 495
3392 495
3393 495
3394 496
3395 497
3396 496
3397 495
3398 494
3399 494
3400 494
3401 493
3402 493
3403 493
3404 491
3405 491
3406 491
3407 490
3408 491
3409 490
3410 491
3411 490
3412 491
3413 490
3414 490
3415 490
3416 490
3417 490
3418 490
3419 489
3420 490
3421 490
3422 489
3423 490
3424 491
3425 491
3426 492
3427 491
3428 492
3429 491
3430 491
3431 491
3432 490
3433 489
3434 490
3435 491
3436 492
3437 491
3438 492
3439 491
3440 490
3441 490
3442 491
3443 491
3444 491
3445 491
3446 492
3447 493
3448 493
3449 492
3450 491
3451 491
3452 491
3453 491
3454 491
3455 492
3456 490
3457 491
3458 488
3459 488
3460 489
3461 490
3462 490
3463 491
3464 491
3465 492
3466 492
3467 493
3468 492
3469 493
3470 492
3471 491
3472 492
3473 492
3474 493
3475 494
3476 495
3477 496
3478 497
3479 498
3480 498
3481 499
3482 497
3483 496
3484 497
3485 496
3486 497
3487 498
3488 497
3489 498
3490 497
3491 498
3492 496
3493 496
3494 497
3495 498
3496 499
3497 499
3498 500
3499 500
3500 500
3501 501
3502 501
3503 502
3504 502
3505 503
3506 503
3507 503
3508 503
3509 502
3510 501
3511 501
3512 502
3513 503
3514 503
3515 504
3516 505
3517 504
3518 505
3519 505
3520 505
3521 505
3522 502
3523 502
3524 503
3525 503
3526 504
3527 505
3528 505
3529 506
3530 506
3531 507
3532 505
3533 506
3534 504
3535 505
3536 505
3537 504
3538 504
3539 504
3540 505
3541 505
3542 505
3543 506
3544 505
3545 504
3546 505
3547 506
3548 507
3549 507
3550 508
3551 509
3552 509
3553 509
3554 509
3555 508
3556 508
3557 507
3558 508
3559 505
3560 506
3561 504
3562 505
3563 506
3564 505
3565 504
3566 505
3567 506
3568 505
3569 505
3570 505
3571 506
3572 507
3573 507
3574 506
3575 506
3576 506
3577 506
3578 505
3579 505
3580 506
3581 505
3582 505
3583 505
3584 501
3585 502
3586 501
3587 500
3588 498
3589 499
3590 499
3591 499
3592 499
3593 500
3594 501
3595 501
3596 502
3597 501
3598 502
3599 501
3600 502
3601 502
3602 503
3603 504
3604 503
3605 504
3606 505
3607 506
3608 506
3609 504
3610 505
3611 506
3612 507
3613 507
3614 508
3615 509
3616 508
3617 509
3618 508
3619 507
3620 507
3621 507
3622 505
3623 506
3624 506
3625 507
3626 508
3627 507
3628 508
3629 509
3630 510
3631 511
3632 510
3633 508
3634 509
3635 509
3636 510
3637 511
3638 511
3639 512
3640 513
3641 513
3642 512
3643 512
3644 511
3645 511
3646 511
3647 511
3648 510
3649 509
3650 509
3651 509
3652 508
3653 508
3654 506
3655 506
3656 504
3657 503
3658 503
3659 502
3660 499
3661 500
3662 500
3663 500
3664 501
3665 502
3666 501
3667 502
3668 502
3669 503
3670 502
3671 503
3672 502
3673 497
3674 496
3675 497
3676 497
3677 497
3678 494
3679 495
3680 496
3681 496
3682 496
3683 496
3684 497
3685 498
3686 499
3687 498
3688 496
3689 497
3690 498
3691 499
3692 498
3693 499
3694 499
3695 499
3696 500
3697 499
3698 498
3699 498
3700 499
3701 500
3702 500
3703 501
3704 502
3705 503
3706 503
3707 503
3708 504
3709 504
3710 504
3711 504
3712 504
3713 504
3714 504
3715 504
3716 505
3717 503
3718 504
3719 503
3720 503
3721 502
3722 501
3723 501
3724 500
3725 501
3726 501
3727 502
3728 500
3729 501
3730 502
3731 501
3732 502
3733 500
3734 501
3735 501
3736 498
3737 497
3738 498
3739 499
3740 499
3741 499
3742 499
3743 500
3744 500
3745 497
3746 497
3747 498
3748 497
3749 498
3750 497
3751 496
3752 496
3753 495
3754 495
3755 496
3756 494
3757 495
3758 493
3759 494
3760 495
3761 494
3762 494
3763 495
3764 495
3765 494
3766 491
3767 490
3768 490
3769 491
3770 490
3771 490
3772 491
3773 490
3774 489
3775 488
3776 487
3777 486
3778 487
3779 488
3780 487
3781 487
3782 488
3783 488
3784 489
3785 489
3786 489
3787 488
3788 487
3789 486
3790 483
3791 481
3792 482
3793 481
3794 482
3795 482
3796 480
3797 481
3798 480
3799 480
3800 480
3801 481
3802 481
3803 480
3804 479
3805 480
3806 481
3807 481
3808 482
3809 482
3810 482
3811 482
3812 483
3813 482
3814 483
3815 483
3816 483
3817 482
3818 483
3819 484
3820 484
3821 485
3822 486
3823 485
3824 486
3825 487
3826 487
3827 487
3828 487
3829 488
3830 488
3831 487
3832 488
3833 488
3834 488
3835 489
3836 488
3837 488
3838 488
3839 489
3840 490
3841 489
3842 489
3843 489
3844 488
3845 488
3846 487
3847 488
3848 489
3849 490
3850 490
3851 491
3852 492
3853 493
3854 493
3855 493
3856 493
3857 493
3858 493
3859 493
3860 493
3861 492
3862 490
3863 491
3864 491
3865 492
3866 492
3867 493
3868 492
3869 493
3870 493
3871 494
3872 495
3873 496
3874 496
3875 496
3876 496
3877 496
3878 495
3879 496
3880 496
3881 496
3882 495
3883 495
3884 496
3885 497
3886 497
3887 498
3888 499
3889 498
3890 499
3891 499
3892 500
3893 498
3894 497
3895 498
3896 497
3897 496
3898 496
3899 497
3900 496
3901 496
3902 495
3903 494
3904 494
3905 494
3906 488
3907 487
3908 487
3909 488
3910 486
3911 486
3912 485
3913 485
3914 483
3915 484
3916 484
3917 483
3918 484
3919 484
3920 485
3921 486
3922 486
3923 487
3924 488
3925 488
3926 489
3927 490
3928 487
3929 488
3930 489
3931 489
3932 490
3933 491
3934 492
3935 491
3936 491
3937 491
3938 492
3939 491
3940 491
3941 492
3942 491
3943 490
3944 491
3945 491
3946 491
3947 490
3948 491
3949 492
3950 493
3951 494
3952 495
3953 495
3954 495
3955 496
3956 496
3957 496
3958 497
3959 496
3960 495
3961 495
3962 495
3963 496
3964 497
3965 498
3966 497
3967 496
3968 496
3969 495
3970 496
3971 496
3972 497
3973 497
3974 496
3975 496
3976 496
3977 497
3978 498
3979 499
3980 500
3981 498
3982 498
3983 498
3984 497
3985 497
3986 495
3987 494
3988 495
3989 496
3990 496
3991 497
3992 497
3993 497
3994 498
3995 497
3996 496
3997 497
3998 498
3999 499
4000 498
4001 498
4002 496
4003 496
4004 497
4005 495
4006 495
4007 492
4008 492
4009 492
4010 492
4011 492
4012 491
4013 491
4014 491
4015 491
4016 491
4017 492
4018 492
4019 493
4020 492
4021 491
4022 489
4023 490
4024 488
4025 486
4026 486
4027 487
4028 487
4029 488
4030 488
4031 487
4032 488
4033 489
4034 490
4035 491
4036 492
4037 493
4038 494
4039 495
4040 495
4041 495
4042 496
4043 496
4044 496
4045 497
4046 497
4047 497
4048 496
4049 497
4050 498
4051 499
4052 500
4053 500
4054 501
4055 502
4056 503
4057 503
4058 503
4059 503
4060 504
4061 504
4062 504
4063 504
4064 502
4065 502
4066 501
4067 499
4068 500
4069 501
4070 502
4071 498
4072 499
4073 498
4074 498
4075 497
4076 496
4077 497
4078 498
4079 498
4080 498
4081 499
4082 499
4083 499
4084 499
4085 499
4086 497
4087 498
4088 497
4089 498
4090 496
4091 497
4092 497
4093 497
4094 495
4095 494
4096 493
4097 493
4098 494
4099 494
4100 495
4101 495
4102 496
4103 495
4104 495
4105 494
4106 494
4107 494
4108 494
4109 494
4110 495
4111 496
4112 496
4113 497
4114 497
4115 498
4116 498
4117 496
4118 496
4119 497
4120 496
4121 494
4122 492
4123 492
4124 493
4125 494
4126 494
4127 494
4128 494
4129 492
4130 493
4131 494
4132 494
4133 493
4134 493
4135 494
4136 493
4137 492
4138 493
4139 494
4140 492
4141 492
4142 493
4143 493
4144 494
4145 495
4146 494
4147 494
4148 493
4149 493
4150 493
4151 493
4152 493
4153 493
4154 492
4155 492
4156 492
4157 491
4158 492
4159 492
4160 491
4161 491
4162 492
4163 491
4164 491
4165 490
4166 490
4167 490
4168 489
4169 488
4170 487
4171 488
4172 488
4173 489
4174 488
4175 489
4176 490
4177 491
4178 490
4179 489
4180 490
4181 490
4182 491
4183 490
4184 488
4185 488
4186 486
4187 487
4188 487
4189 488
4190 488
4191 489
4192 490
4193 491
4194 491
4195 491
4196 491
4197 492
4198 490
4199 490
4200 490
4201 490
4202 491
4203 491
4204 489
4205 487
4206 488
4207 489
4208 488
4209 488
4210 488
4211 487
4212 486
4213 486
4214 487
4215 486
4216 487
4217 487
4218 487
4219 488
4220 487
4221 487
4222 487
4223 487
4224 488
4225 488
4226 489
4227 489
4228 489
4229 489
4230 489
4231 487
4232 488
4233 488
4234 488
4235 487
4236 486
4237 484
4238 484
4239 485
4240 484
4241 485
4242 484
4243 482
4244 482
4245 481
4246 482
4247 483
4248 484
4249 484
4250 485
4251 486
4252 486
4253 486
4254 487
4255 487
4256 487
4257 487
4258 487
4259 486
4260 487
4261 488
4262 489
4263 489
4264 490
4265 489
4266 488
4267 488
4268 489
4269 489
4270 489
4271 490
4272 489
4273 489
4274 489
4275 490
4276 491
4277 492
4278 491
4279 490
4280 489
4281 490
4282 490
4283 491
4284 492
4285 492
4286 490
4287 491
4288 490
4289 489
4290 489
4291 488
4292 488
4293 489
4294 489
4295 490
4296 489
4297 489
4298 489
4299 490
4300 489
4301 488
4302 489
4303 490
4304 491
4305 491
4306 491
4307 491
4308 492
4309 492
4310 493
4311 494
4312 495
4313 494
4314 494
4315 495
4316 495
4317 496
4318 497
4319 497
4320 497
4321 497
4322 498
4323 499
4324 499
4325 500
4326 499
4327 498
4328 499
4329 499
4330 499
4331 500
4332 500
4333 499
4334 498
4335 499
4336 499
4337 498
4338 499
4339 499
4340 498
4341 498
4342 495
4343 496
4344 496
4345 496
4346 497
4347 496
4348 496
4349 496
4350 494
4351 494
4352 495
4353 494
4354 495
4355 496
4356 496
4357 495
4358 496
4359 497
4360 497
4361 495
4362 492
4363 493
4364 493
4365 493
4366 494
4367 495
4368 494
4369 495
4370 495
4371 496
4372 494
4373 495
4374 495
4375 494
4376 492
4377 493
4378 494
4379 493
4380 494
4381 495
4382 496
4383 496
4384 496
4385 496
4386 494
4387 493
4388 492
4389 492
4390 492
4391 492
4392 493
4393 493
4394 492
4395 491
4396 490
4397 491
4398 490
4399 490
4400 491
4401 491
4402 491
4403 492
4404 493
4405 491
4406 492
4407 493
4408 493
4409 492
4410 491
4411 491
4412 492
4413 493
4414 492
4415 493
4416 493
4417 494
4418 495
4419 494
4420 492
4421 492
4422 493
4423 494
4424 494
4425 495
4426 496
4427 494
4428 494
4429 494
4430 495
4431 495
4432 495
4433 496
4434 495
4435 495
4436 496
4437 496
4438 497
4439 497
4440 498
4441 498
4442 497
4443 498
4444 498
4445 497
4446 497
4447 496
4448 497
4449 497
4450 496
4451 495
4452 494
4453 494
4454 494
4455 494
4456 495
4457 496
4458 497
4459 498
4460 498
4461 499
4462 499
4463 499
4464 500
4465 500
4466 499
4467 500
4468 499
4469 500
4470 501
4471 502
4472 501
4473 502
4474 502
4475 503
4476 502
4477 500
4478 499
4479 500
4480 501
4481 499
4482 496
4483 495
4484 494
4485 495
4486 494
4487 494
4488 494
4489 493
4490 492
4491 492
4492 491
4493 491
4494 490
4495 491
4496 490
4497 491
4498 491
4499 489
4500 489
4501 488
4502 489
4503 489
4504 489
4505 489
4506 490
4507 490
4508 490
4509 491
4510 490
4511 490
4512 490
4513 490
4514 491
4515 491
4516 489
4517 488
4518 488
4519 489
4520 488
4521 489
4522 489
4523 490
4524 488
4525 489
4526 490
4527 491
4528 491
4529 492
4530 492
4531 492
4532 492
4533 491
4534 491
4535 490
4536 488
4537 488
4538 487
4539 486
4540 486
4541 485
4542 486
4543 485
4544 485
4545 484
4546 485
4547 484
4548 484
4549 485
4550 485
4551 485
4552 485
4553 482
4554 481
4555 479
4556 477
4557 477
4558 477
4559 477
4560 478
4561 478
4562 477
4563 477
4564 478
4565 477
4566 476
4567 475
4568 475
4569 476
4570 476
4571 477
4572 476
4573 476
4574 477
4575 476
4576 477
4577 478
4578 478
4579 478
4580 479
4581 479
4582 479
4583 479
4584 480
4585 480
4586 480
4587 481
4588 481
4589 481
4590 479
4591 480
4592 481
4593 480
4594 480
4595 480
4596 480
4597 479
4598 479
4599 479
4600 480
4601 480
4602 479
4603 479
4604 480
4605 479
4606 480
4607 480
4608 481
4609 481
4610 482
4611 481
4612 479
4613 476
4614 476
4615 477
4616 476
4617 475
4618 476
4619 476
4620 477
4621 477
4622 478
4623 476
4624 476
4625 475
4626 474
4627 474
4628 474
4629 474
4630 471
4631 471
4632 469
4633 470
4634 471
4635 470
4636 469
4637 470
4638 469
4639 468
4640 468
4641 469
4642 470
4643 470
4644 468
4645 469
4646 470
4647 471
4648 471
4649 471
4650 472
4651 473
4652 474
4653 474
4654 475
4655 475
4656 476
4657 477
4658 478
4659 478
4660 478
4661 479
4662 480
4663 480
4664 481
4665 482
4666 483
4667 483
4668 484
4669 485
4670 484
4671 483
4672 484
4673 484
4674 482
4675 483
4676 482
4677 482
4678 483
4679 484
4680 483
4681 484
4682 484
4683 484
4684 483
4685 482
4686 483
4687 484
4688 483
4689 483
4690 483
4691 484
4692 484
4693 484
4694 485
4695 486
4696 487
4697 487
4698 488
4699 489
4700 489
4701 490
4702 489
4703 490
4704 490
4705 491
4706 491
4707 492
4708 493
4709 494
4710 493
4711 494
4712 493
4713 492
4714 493
4715 494
4716 495
4717 495
4718 495
4719 494
4720 495
4721 496
4722 497
4723 498
4724 497
4725 496
4726 496
4727 496
4728 496
4729 497
4730 498
4731 499
4732 500
4733 501
4734 501
4735 498
4736 499
4737 500
4738 499
4739 497
4740 497
4741 498
4742 497
4743 498
4744 499
4745 500
4746 500
4747 500
4748 499
4749 500
4750 500
4751 501
4752 501
4753 501
4754 502
4755 502
4756 503
4757 504
4758 502
4759 503
4760 502
4761 501
4762 502
4763 503
4764 504
4765 504
4766 505
4767 506
4768 507
4769 507
4770 508
4771 506
4772 506
4773 506
4774 506
4775 507
4776 508
4777 507
4778 508
4779 507
4780 506
4781 507
4782 508
4783 508
4784 509
4785 510
4786 511
4787 512
4788 512
4789 512
4790 513
4791 513
4792 514
4793 515
4794 516
4795 517
4796 518
4797 518
4798 519
4799 518
4800 516
4801 517
4802 516
4803 516
4804 514
4805 514
4806 514
4807 515
4808 516
4809 516
4810 517
4811 517
4812 516
4813 515
4814 515
4815 515
4816 516
4817 516
4818 517
4819 515
4820 513
4821 512
4822 513
4823 513
4824 513
4825 512
4826 513
4827 514
4828 512
4829 511
4830 512
4831 512
4832 513
4833 512
4834 512
4835 513
4836 513
4837 513
4838 513
4839 514
4840 515
4841 516
4842 517
4843 518
4844 519
4845 520
4846 519
4847 518
4848 518
4849 518
4850 519
4851 518
4852 518
4853 517
4854 517
4855 517
4856 517
4857 517
4858 516
4859 515
4860 514
4861 514
4862 514
4863 514
4864 513
4865 510
4866 509
4867 509
4868 510
4869 510
4870 510
4871 510
4872 511
4873 509
4874 508
4875 508
4876 509
4877 509
4878 510
4879 511
4880 510
4881 511
4882 512
4883 512
4884 512
4885 513
4886 513
4887 512
4888 512
4889 513
4890 513
4891 512
4892 513
4893 514
4894 514
4895 512
4896 513
4897 514
4898 514
4899 513
4900 514
4901 514
4902 515
4903 516
4904 517
4905 517
4906 516
4907 516
4908 517
4909 517
4910 518
4911 518
4912 519
4913 519
4914 520
4915 521
4916 522
4917 521
4918 521
4919 520
4920 521
4921 521
4922 521
4923 521
4924 522
4925 522
4926 523
4927 522
4928 522
4929 522
4930 521
4931 520
4932 521
4933 520
4934 520
4935 519
4936 519
4937 517
4938 517
4939 516
4940 516
4941 515
4942 514
4943 514
4944 515
4945 516
4946 515
4947 516
4948 516
4949 516
4950 517
4951 518
4952 518
4953 517
4954 518
4955 518
4956 518
4957 519
4958 520
4959 520
4960 520
4961 520
4962 519
4963 517
4964 517
4965 518
4966 518
4967 518
4968 518
4969 517
4970 517
4971 515
4972 516
4973 517
4974 517
4975 518
4976 517
4977 517
4978 513
4979 514
4980 514
4981 515
4982 516
4983 517
4984 516
4985 515
4986 514
4987 515
4988 515
4989 514
4990 515
4991 516
4992 517
4993 518
4994 519
4995 515
4996 514
4997 513
4998 514
4999 514
5000 515
5001 515
5002 516
5003 515
5004 515
5005 516
5006 517
5007 517
5008 516
5009 514
5010 515
5011 513
5012 513
5013 513
5014 513
5015 513
5016 513
5017 512
5018 513
5019 513
5020 513
5021 514
5022 515
5023 516
5024 516
5025 516
5026 516
5027 517
5028 512
5029 512
5030 513
5031 514
5032 513
5033 514
5034 514
5035 515
5036 516
5037 516
5038 515
5039 516
5040 517
5041 518
5042 517
5043 517
5044 517
5045 517
5046 518
5047 519
5048 517
5049 517
5050 517
5051 518
5052 519
5053 518
5054 519
5055 517
5056 518
5057 517
5058 517
5059 518
5060 519
5061 520
5062 517
5063 516
5064 517
5065 518
5066 517
5067 516
5068 517
5069 517
5070 518
5071 518
5072 518
5073 518
5074 519
5075 520
5076 519
5077 519
5078 519
5079 518
5080 519
5081 519
5082 520
5083 520
5084 518
5085 519
5086 518
5087 518
5088 518
5089 516
5090 516
5091 513
5092 513
5093 514
5094 515
5095 514
5096 515
5097 515
5098 515
5099 516
5100 517
5101 517
5102 518
5103 519
5104 519
5105 517
5106 518
5107 518
5108 517
5109 516
5110 516
5111 515
5112 514
5113 514
5114 514
5115 514
5116 514
5117 514
5118 514
5119 514
5120 514
5121 515
5122 515
5123 515
5124 514
5125 510
5126 510
5127 511
5128 511
5129 512
5130 513
5131 513
5132 514
5133 513
5134 513
5135 510
5136 507
5137 507
5138 507
5139 506
5140 506
5141 507
5142 508
5143 507
5144 508
5145 509
5146 509
5147 510
5148 509
5149 509
5150 508
5151 509
5152 510
5153 510
5154 508
5155 508
5156 507
5157 507
5158 507
5159 506
5160 507
5161 508
5162 509
5163 510
5164 511
5165 512
5166 513
5167 513
5168 509
5169 507
5170 506
5171 507
5172 508
5173 508
5174 509
5175 507
5176 507
5177 505
5178 506
5179 507
5180 507
5181 507
5182 505
5183 505
5184 506
5185 506
5186 506
5187 507
5188 507
5189 506
5190 506
5191 506
5192 507
5193 507
5194 508
5195 507
5196 508
5197 507
5198 508
5199 509
5200 509
5201 508
5202 505
5203 504
5204 504
5205 504
5206 504
5207 504
5208 504
5209 503
5210 502
5211 502
5212 503
5213 504
5214 505
5215 506
5216 506
5217 505
5218 504
5219 505
5220 506
5221 507
5222 506
5223 507
5224 507
5225 507
5226 508
5227 509
5228 510
5229 507
5230 508
5231 509
5232 510
5233 511
5234 512
5235 512
5236 511
5237 512
5238 513
5239 514
5240 515
5241 515
5242 514
5243 514
5244 515
5245 516
5246 517
5247 517
5248 516
5249 517
5250 517
5251 518
5252 518
5253 519
5254 518
5255 519
5256 520
5257 519
5258 518
5259 518
5260 519
5261 517
5262 518
5263 517
5264 518
5265 519
5266 520
5267 520
5268 521
5269 521
5270 521
5271 521
5272 521
5273 520
5274 521
5275 519
5276 519
5277 519
5278 520
5279 520
5280 520
5281 520
5282 521
5283 521
5284 521
5285 520
5286 521
5287 519
5288 520
5289 520
5290 520
5291 518
5292 517
5293 517
5294 517
5295 518
5296 519
5297 519
5298 517
5299 518
5300 518
5301 519
5302 519
5303 518
5304 518
5305 516
5306 516
5307 517
5308 516
5309 515
5310 516
5311 517
5312 518
5313 517
5314 517
5315 515
5316 513
5317 514
5318 514
5319 512
5320 509
5321 509
5322 509
5323 509
5324 508
5325 506
5326 506
5327 506
5328 507
5329 506
5330 507
5331 507
5332 508
5333 508
5334 508
5335 507
5336 508
5337 507
5338 506
5339 506
5340 507
5341 506
5342 507
5343 508
5344 509
5345 510
5346 511
5347 511
5348 511
5349 512
5350 512
5351 512
5352 512
5353 513
5354 514
5355 515
5356 516
5357 517
5358 516
5359 516
5360 516
5361 516
5362 517
5363 518
5364 517
5365 516
5366 516
5367 514
5368 515
5369 513
5370 512
5371 513
5372 514
5373 514
5374 513
5375 513
5376 513
5377 511
5378 511
5379 511
5380 511
5381 512
5382 508
5383 506
5384 503
5385 500
5386 499
5387 500
5388 499
5389 500
5390 499
5391 497
5392 497
5393 497
5394 497
5395 497
5396 498
5397 498
5398 497
5399 497
5400 496
5401 497
5402 497
5403 498
5404 494
5405 495
5406 495
5407 495
5408 495
5409 496
5410 496
5411 495
5412 496
5413 495
5414 496
5415 494
5416 495
5417 495
5418 495
5419 494
5420 494
5421 495
5422 495
5423 494
5424 493
5425 493
5426 493
5427 494
5428 495
5429 496
5430 495
5431 495
5432 496
5433 494
5434 495
5435 496
5436 496
5437 497
5438 498
5439 497
5440 497
5441 498
5442 499
5443 499
5444 499
5445 498
5446 499
5447 497
5448 496
5449 496
5450 497
5451 496
5452 496
5453 496
5454 495
5455 495
5456 496
5457 496
5458 497
5459 497
5460 497
5461 497
5462 497
5463 497
5464 497
5465 497
5466 496
5467 497
5468 498
5469 499
5470 500
5471 500
5472 499
5473 500
5474 499
5475 496
5476 496
5477 497
5478 497
5479 496
5480 496
5481 497
5482 497
5483 498
5484 499
5485 500
5486 501
5487 501
5488 499
5489 500
5490 501
5491 500
5492 500
5493 498
5494 499
5495 500
5496 500
5497 501
5498 501
5499 499
5500 500
5501 500
5502 501
5503 501
5504 502
5505 503
5506 503
5507 504
5508 504
5509 503
5510 504
5511 505
5512 506
5513 506
5514 505
5515 504
5516 504
5517 505
5518 506
5519 504
5520 505
5521 505
5522 506
5523 507
5524 507
5525 507
5526 507
5527 504
5528 503
5529 503
5530 504
5531 503
5532 504
5533 504
5534 503
5535 502
5536 501
5537 502
5538 502
5539 502
5540 503
5541 504
5542 504
5543 503
5544 502
5545 502
5546 503
5547 503
5548 503
5549 504
5550 505
5551 505
5552 506
5553 505
5554 504
5555 505
5556 506
5557 507
5558 507
5559 508
5560 508
5561 509
5562 508
5563 509
5564 509
5565 510
5566 510
5567 508
5568 508
5569 507
5570 507
5571 508
5572 506
5573 507
5574 508
5575 509
5576 509
5577 510
5578 511
5579 510
5580 508
5581 508
5582 509
5583 510
5584 511
5585 511
5586 511
5587 510
5588 510
5589 509
5590 509
5591 509
5592 509
5593 510
5594 511
5595 512
5596 512
5597 513
5598 512
5599 512
5600 512
5601 512
5602 512
5603 511
5604 510
5605 511
5606 511
5607 508
5608 507
5609 505
5610 506
5611 505
5612 505
5613 504
5614 505
5615 506
5616 505
5617 506
5618 506
5619 506
5620 507
5621 508
5622 507
5623 506
5624 505
5625 505
5626 505
5627 506
5628 507
5629 507
5630 508
5631 509
5632 508
5633 508
5634 508
5635 508
5636 507
5637 507
5638 508
5639 508
5640 508
5641 509
5642 510
5643 510
5644 511
5645 511
5646 512
5647 513
5648 511
5649 512
5650 512
5651 512
5652 513
5653 514
5654 515
5655 515
5656 515
5657 515
5658 515
5659 515
5660 515
5661 515
5662 516
5663 517
5664 518
5665 518
5666 519
5667 520
5668 519
5669 517
5670 517
5671 518
5672 519
5673 518
5674 519
5675 519
5676 520
5677 521
5678 521
5679 521
5680 521
5681 521
5682 521
5683 521
5684 520
5685 520
5686 521
5687 521
5688 521
5689 521
5690 520
5691 521
5692 521
5693 522
5694 519
5695 519
5696 516
5697 516
5698 511
5699 510
5700 509
5701 510
5702 511
5703 512
5704 513
5705 514
5706 513
5707 513
5708 514
5709 512
5710 511
5711 511
5712 510
5713 510
5714 511
5715 511
5716 512
5717 511
5718 511
5719 511
5720 511
5721 512
5722 512
5723 511
5724 511
5725 510
5726 508
5727 508
5728 507
5729 507
5730 508
5731 504
5732 504
5733 505
5734 505
5735 506
5736 506
5737 505
5738 505
5739 505
5740 505
5741 506
5742 505
5743 504
5744 504
5745 504
5746 505
5747 505
5748 505
5749 505
5750 503
5751 504
5752 505
5753 506
5754 506
5755 506
5756 506
5757 506
5758 506
5759 505
5760 505
5761 506
5762 506
5763 506
5764 506
5765 506
5766 506
5767 506
5768 507
5769 507
5770 507
5771 508
5772 507
5773 508
5774 508
5775 508
5776 507
5777 508
5778 508
5779 506
5780 505
5781 506
5782 506
5783 506
5784 506
5785 507
5786 507
5787 506
5788 505
5789 506
5790 505
5791 505
5792 506
5793 503
5794 504
5795 504
5796 504
5797 504
5798 503
5799 503
5800 503
5801 502
5802 501
5803 498
5804 497
5805 498
5806 497
5807 496
5808 496
5809 497
5810 497
5811 495
5812 496
5813 496
5814 497
5815 498
5816 498
5817 498
5818 499
5819 498
5820 497
5821 496
5822 496
5823 496
5824 497
5825 497
5826 497
5827 498
5828 498
5829 498
5830 498
5831 498
5832 499
5833 499
5834 499
5835 499
5836 500
5837 501
5838 499
5839 499
5840 498
5841 499
5842 500
5843 500
5844 498
5845 497
5846 497
5847 496
5848 496
5849 496
5850 497
5851 498
5852 498
5853 499
5854 499
5855 499
5856 498
5857 496
5858 497
5859 498
5860 498
5861 499
5862 500
5863 500
5864 501
5865 498
5866 499
5867 500
5868 500
5869 501
5870 498
5871 498
5872 498
5873 497
5874 496
5875 495
5876 496
5877 496
5878 496
5879 494
5880 495
5881 496
5882 497
5883 497
5884 496
5885 496
5886 496
5887 496
5888 497
5889 497
5890 496
5891 495
5892 496
5893 496
5894 497
5895 498
5896 498
5897 497
5898 497
5899 498
5900 498
5901 498
5902 498
5903 497
5904 498
5905 499
5906 499
5907 499
5908 500
5909 501
5910 502
5911 502
5912 502
5913 503
5914 503
5915 503
5916 503
5917 503
5918 503
5919 503
5920 504
5921 505
5922 504
5923 502
5924 501
5925 501
5926 502
5927 502
5928 501
5929 500
5930 498
5931 497
5932 496
5933 496
5934 495
5935 494
5936 495
5937 494
5938 494
5939 495
5940 495
5941 495
5942 495
5943 493
5944 492
5945 493
5946 493
5947 493
5948 492
5949 492
5950 493
5951 494
5952 493
5953 494
5954 492
5955 493
5956 493
5957 493
5958 493
5959 494
5960 493
5961 490
5962 489
5963 489
5964 490
5965 490
5966 491
5967 492
5968 492
5969 492
5970 492
5971 491
5972 491
5973 492
5974 493
5975 494
5976 494
5977 494
5978 494
5979 494
5980 494
5981 494
5982 493
5983 492
5984 492
5985 493
5986 493
5987 494
5988 495
5989 495
5990 492
5991 490
5992 491
5993 492
5994 492
5995 492
5996 492
5997 491
5998 491
5999 492
6000 492
6001 492
6002 491
6003 492
6004 491
6005 491
6006 489
6007 488
6008 487
6009 485
6010 485
6011 486
6012 486
6013 487
6014 487
6015 487
6016 487
6017 488
6018 487
6019 488
6020 489
6021 485
6022 486
6023 487
6024 487
6025 488
6026 486
6027 487
6028 487
6029 488
6030 489
6031 489
6032 489
6033 489
6034 488
6035 487
6036 486
6037 486
6038 485
6039 484
6040 485
6041 486
6042 486
6043 487
6044 486
6045 486
6046 486
6047 486
6048 487
6049 487
6050 488
6051 487
6052 486
6053 486
6054 485
6055 486
6056 485
6057 486
6058 487
6059 488
6060 488
6061 488
6062 486
6063 483
6064 482
6065 481
6066 482
6067 482
6068 481
6069 482
6070 481
6071 481
6072 481
6073 479
6074 479
6075 480
6076 481
6077 482
6078 483
6079 484
6080 484
6081 484
6082 484
6083 484
6084 483
6085 482
6086 482
6087 482
6088 482
6089 482
6090 483
6091 484
6092 484
6093 483
6094 484
6095 484
6096 484
6097 484
6098 485
6099 484
6100 485
6101 486
6102 486
6103 487
6104 488
6105 487
6106 487
6107 488
6108 487
6109 488
6110 489
6111 489
6112 488
6113 489
6114 489
6115 490
6116 489
6117 488
6118 489
6119 489
6120 489
6121 490
6122 490
6123 491
6124 491
6125 491
6126 492
6127 493
6128 493
6129 494
6130 495
6131 494
6132 493
6133 494
6134 493
6135 493
6136 494
6137 491
6138 491
6139 492
6140 492
6141 493
6142 493
6143 492
6144 491
6145 489
6146 489
6147 490
6148 491
6149 491
6150 488
6151 489
6152 488
6153 489
6154 488
6155 488
6156 488
6157 487
6158 488
6159 488
6160 486
6161 487
6162 487
6163 487
6164 488
6165 489
6166 489
6167 490
6168 491
6169 492
6170 493
6171 494
6172 495
6173 494
6174 494
6175 494
6176 494
6177 494
6178 495
6179 495
6180 494
6181 495
6182 496
6183 496
6184 496
6185 493
6186 493
6187 494
6188 494
6189 495
6190 496
6191 497
6192 497
6193 496
6194 497
6195 497
6196 498
6197 498
6198 498
6199 499
6200 499
6201 499
6202 500
6203 501
6204 500
6205 500
6206 501
6207 501
6208 502
6209 503
6210 504
6211 505
6212 506
6213 506
6214 507
6215 505
6216 506
6217 506
6218 506
6219 505
6220 503
6221 503
6222 502
6223 503
6224 502
6225 502
6226 499
6227 500
6228 500
6229 500
6230 500
6231 500
6232 500
6233 499
6234 499
6235 499
6236 500
6237 498
6238 497
6239 496
6240 497
6241 497
6242 498
6243 498
6244 499
6245 499
6246 499
6247 500
6248 501
6249 501
6250 501
6251 500
6252 501
6253 501
6254 502
6255 502
6256 502
6257 502
6258 503
6259 504
6260 504
6261 503
6262 504
6263 504
6264 504
6265 503
6266 503
6267 502
6268 501
6269 502
6270 502
6271 503
6272 503
6273 503
6274 504
6275 504
6276 504
6277 505
6278 503
6279 502
6280 501
6281 500
6282 501
6283 501
6284 502
6285 501
6286 500
6287 501
6288 501
6289 502
6290 502
6291 500
6292 500
6293 498
6294 499
6295 499
6296 498
6297 495
6298 496
6299 497
6300 497
6301 498
6302 498
6303 497
6304 496
6305 495
6306 494
6307 493
6308 493
6309 494
6310 495
6311 494
6312 495
6313 495
6314 496
6315 495
6316 495
6317 495
6318 496
6319 497
6320 497
6321 498
6322 499
6323 500
6324 500
6325 500
6326 501
6327 501
6328 501
6329 501
6330 500
6331 501
6332 499
6333 500
6334 501
6335 499
6336 500
6337 500
6338 498
6339 499
6340 500
6341 501
6342 501
6343 501
6344 502
6345 503
6346 503
6347 503
6348 502
6349 503
6350 504
6351 503
6352 504
6353 503
6354 503
6355 502
6356 502
6357 503
6358 504
6359 505
6360 504
6361 504
6362 505
6363 503
6364 502
6365 502
6366 500
6367 498
6368 499
6369 497
6370 498
6371 497
6372 497
6373 496
6374 497
6375 498
6376 499
6377 499
6378 498
6379 499
6380 499
6381 500
6382 500
6383 499
6384 499
6385 500
6386 500
6387 499
6388 498
6389 497
6390 497
6391 496
6392 495
6393 494
6394 495
6395 493
6396 493
6397 494
6398 494
6399 493
6400 493
6401 494
6402 495
6403 495
6404 496
6405 496
6406 497
6407 496
6408 497
6409 496
6410 496
6411 495
6412 496
6413 494
6414 491
6415 489
6416 489
6417 490
6418 491
6419 492
6420 490
6421 490
6422 491
6423 492
6424 491
6425 491
6426 491
6427 491
6428 490
6429 491
6430 491
6431 492
6432 492
6433 493
6434 493
6435 494
6436 494
6437 494
6438 495
6439 495
6440 496
6441 494
6442 495
6443 495
6444 495
6445 494
6446 495
6447 495
6448 494
6449 495
6450 496
6451 494
6452 495
6453 494
6454 493
6455 492
6456 491
6457 492
6458 491
6459 490
6460 491
6461 490
6462 490
6463 490
6464 491
6465 492
6466 493
6467 491
6468 491
6469 490
6470 491
6471 492
6472 492
6473 492
6474 491
6475 491
6476 492
6477 492
6478 492
6479 491
6480 492
6481 493
6482 494
6483 494
6484 495
6485 495
6486 495
6487 494
6488 495
6489 496
6490 494
6491 495
6492 494
6493 494
6494 493
6495 493
6496 493
6497 493
6498 493
6499 493
6500 493
6501 491
6502 492
6503 492
6504 491
6505 491
6506 492
6507 492
6508 493
6509 492
6510 492
6511 491
6512 492
6513 491
6514 492
6515 492
6516 492
6517 493
6518 494
6519 494
6520 494
6521 495
6522 496
6523 497
6524 496
6525 496
6526 497
6527 498
6528 499
6529 497
6530 497
6531 498
6532 499
6533 500
6534 498
6535 499
6536 500
6537 499
6538 500
6539 501
6540 502
6541 503
6542 504
6543 504
6544 505
6545 506
6546 506
6547 507
6548 508
6549 507
6550 507
6551 505
6552 506
6553 505
6554 505
6555 505
6556 503
6557 503
6558 503
6559 503
6560 501
6561 502
6562 503
6563 502
6564 501
6565 502
6566 502
6567 502
6568 503
6569 503
6570 501
6571 501
6572 502
6573 502
6574 503
6575 503
6576 504
6577 505
6578 506
6579 506
6580 507
6581 508
6582 507
6583 506
6584 507
6585 507
6586 508
6587 508
6588 508
6589 509
6590 508
6591 509
6592 510
6593 510
6594 511
6595 512
6596 511
6597 512
6598 513
6599 514
6600 511
6601 512
6602 512
6603 511
6604 512
6605 512
6606 510
6607 510
6608 510
6609 511
6610 511
6611 512
6612 512
6613 513
6614 513
6615 514
6616 514
6617 512
6618 513
6619 514
6620 514
6621 515
6622 514
6623 514
6624 515
6625 516
6626 517
6627 513
6628 514
6629 513
6630 514
6631 515
6632 516
6633 516
6634 516
6635 516
6636 516
6637 516
6638 517
6639 516
6640 517
6641 516
6642 517
6643 518
6644 518
6645 516
6646 517
6647 517
6648 517
6649 518
6650 519
6651 518
6652 518
6653 518
6654 515
6655 516
6656 516
6657 516
6658 516
6659 517
6660 517
6661 518
6662 518
6663 518
6664 518
6665 518
6666 519
6667 518
6668 514
6669 514
6670 515
6671 515
6672 515
6673 516
6674 516
6675 515
6676 515
6677 515
6678 514
6679 513
6680 513
6681 514
6682 515
6683 515
6684 515
6685 514
6686 515
6687 515
6688 514
6689 514
6690 513
6691 514
6692 513
6693 514
6694 513
6695 514
6696 515
6697 516
6698 517
6699 517
6700 516
6701 516
6702 517
6703 518
6704 519
6705 519
6706 519
6707 515
6708 516
6709 515
6710 514
6711 513
6712 513
6713 514
6714 515
6715 516
6716 515
6717 515
6718 515
6719 514
6720 515
6721 516
6722 514
6723 513
6724 513
6725 513
6726 514
6727 515
6728 516
6729 516
6730 517
6731 517
6732 518
6733 519
6734 518
6735 517
6736 516
6737 516
6738 517
6739 516
6740 516
6741 514
6742 515
6743 515
6744 515
6745 516
6746 516
6747 515
6748 515
6749 515
6750 515
6751 515
6752 515
6753 514
6754 514
6755 514
6756 514
6757 515
6758 516
6759 516
6760 516
6761 515
6762 516
6763 516
6764 517
6765 516
6766 517
6767 517
6768 517
6769 518
6770 518
6771 518
6772 517
6773 516
6774 517
6775 514
6776 514
6777 515
6778 516
6779 517
6780 518
6781 518
6782 518
6783 516
6784 516
6785 517
6786 517
6787 517
6788 517
6789 514
6790 514
6791 515
6792 516
6793 514
6794 514
6795 515
6796 515
6797 516
6798 514
6799 514
6800 513
6801 512
6802 513
6803 513
6804 514
6805 514
6806 512
6807 513
6808 513
6809 514
6810 514
6811 514
6812 513
6813 514
6814 515
6815 513
6816 514
6817 515
6818 515
6819 516
6820 516
6821 516
6822 516
6823 517
6824 517
6825 518
6826 519
6827 516
6828 516
6829 515
6830 514
6831 512
6832 513
6833 513
6834 514
6835 515
6836 515
6837 514
6838 514
6839 514
6840 515
6841 515
6842 516
6843 514
6844 514
6845 513
6846 510
6847 510
6848 509
6849 510
6850 509
6851 509
6852 506
6853 505
6854 506
6855 507
6856 507
6857 506
6858 506
6859 506
6860 507
6861 508
6862 508
6863 508
6864 509
6865 510
6866 511
6867 510
6868 507
6869 507
6870 507
6871 507
6872 507
6873 507
6874 506
6875 505
6876 504
6877 504
6878 504
6879 505
6880 504
6881 504
6882 504
6883 505
6884 505
6885 504
6886 505
6887 500
6888 500
6889 498
6890 498
6891 499
6892 499
6893 499
6894 499
6895 499
6896 500
6897 501
6898 501
6899 499
6900 498
6901 498
6902 499
6903 498
6904 499
6905 500
6906 501
6907 500
6908 498
6909 497
6910 496
6911 494
6912 492
6913 492
6914 492
6915 493
6916 493
6917 493
6918 494
6919 494
6920 493
6921 494
6922 494
6923 494
6924 495
6925 494
6926 493
6927 494
6928 495
6929 495
6930 495
6931 493
6932 494
6933 495
6934 494
6935 494
6936 494
6937 493
6938 492
6939 492
6940 491
6941 491
6942 491
6943 490
6944 491
6945 492
6946 493
6947 494
6948 494
6949 495
6950 494
6951 494
6952 493
6953 492
6954 492
6955 493
6956 494
6957 494
6958 494
6959 495
6960 494
6961 494
6962 495
6963 494
6964 494
6965 494
6966 494
6967 495
6968 496
6969 496
6970 496
6971 496
6972 495
6973 496
6974 496
6975 496
6976 496
6977 496
6978 497
6979 497
6980 498
6981 496
6982 496
6983 497
6984 496
6985 494
6986 495
6987 496
6988 497
6989 496
6990 497
6991 497
6992 495
6993 496
6994 496
6995 495
6996 495
6997 496
6998 497
6999 497
7000 498
7001 497
7002 498
7003 497
7004 498
7005 497
7006 496
7007 493
7008 494
7009 494
7010 494
7011 494
7012 493
7013 492
7014 493
7015 493
7016 491
7017 492
7018 492
7019 493
7020 494
7021 493
7022 494
7023 494
7024 495
7025 496
7026 495
7027 494
7028 495
7029 495
7030 495
7031 493
7032 493
7033 494
7034 495
7035 496
7036 497
7037 498
7038 496
7039 496
7040 494
7041 494
7042 490
7043 491
7044 491
7045 491
7046 490
7047 491
7048 492
7049 490
7050 488
7051 487
7052 487
7053 487
7054 485
7055 486
7056 486
7057 486
7058 485
7059 485
7060 486
7061 487
7062 487
7063 487
7064 487
7065 488
7066 488
7067 487
7068 488
7069 489
7070 489
7071 489
7072 489
7073 489
7074 490
7075 491
7076 491
7077 492
7078 491
7079 491
7080 491
7081 491
7082 491
7083 490
7084 491
7085 492
7086 490
7087 491
7088 492
7089 492
7090 492
7091 492
7092 491
7093 492
7094 492
7095 492
7096 490
7097 491
7098 492
7099 491
7100 491
7101 490
7102 489
7103 490
7104 491
7105 492
7106 492
7107 491
7108 492
7109 493
7110 494
7111 494
7112 493
7113 494
7114 491
7115 492
7116 491
7117 492
7118 492
7119 493
7120 493
7121 494
7122 494
7123 495
7124 496
7125 497
7126 496
7127 496
7128 496
7129 496
7130 496
7131 497
7132 498
7133 499
7134 497
7135 496
7136 497
7137 498
7138 499
7139 498
7140 498
7141 498
7142 498
7143 499
7144 498
7145 498
7146 499
7147 499
7148 500
7149 499
7150 499
7151 499
7152 499
7153 500
7154 500
7155 501
7156 501
7157 501
7158 501
7159 501
7160 501
7161 501
7162 502
7163 502
7164 502
7165 500
7166 499
7167 499
7168 500
7169 500
7170 501
7171 502
7172 502
7173 501
7174 501
7175 500
7176 497
7177 498
7178 499
7179 500
7180 499
7181 499
7182 499
7183 499
7184 498
7185 499
7186 499
7187 499
7188 498
7189 499
7190 498
7191 498
7192 499
7193 498
7194 499
7195 498
7196 499
7197 500
7198 501
7199 502
7200 503
7201 503
7202 503
7203 503
7204 503
7205 504
7206 503
7207 504
7208 503
7209 502
7210 503
7211 504
7212 504
7213 505
7214 506
7215 505
7216 506
7217 507
7218 507
7219 506
7220 505
7221 506
7222 505
7223 503
7224 504
7225 505
7226 505
7227 506
7228 506
7229 506
7230 506
7231 504
7232 504
7233 505
7234 504
7235 502
7236 503
7237 503
7238 504
7239 503
7240 501
7241 501
7242 502
7243 500
7244 500
7245 501
7246 502
7247 501
7248 502
7249 503
7250 504
7251 503
7252 504
7253 503
7254 502
7255 503
7256 502
7257 502
7258 503
7259 503
7260 503
7261 503
7262 504
7263 504
7264 503
7265 503
7266 502
7267 502
7268 501
7269 501
7270 501
7271 500
7272 501
7273 501
7274 501
7275 499
7276 500
7277 500
7278 498
7279 497
7280 496
7281 497
7282 498
7283 497
7284 498
7285 498
7286 499
7287 500
7288 500
7289 501
7290 502
7291 501
7292 502
7293 501
7294 501
7295 502
7296 502
7297 503
7298 502
7299 503
7300 504
7301 504
7302 505
7303 506
7304 507
7305 506
7306 507
7307 507
7308 507
7309 507
7310 505
7311 505
7312 504
7313 505
7314 505
7315 505
7316 504
7317 505
7318 506
7319 506
7320 507
7321 506
7322 504
7323 504
7324 503
7325 504
7326 504
7327 504
7328 505
7329 506
7330 506
7331 505
7332 505
7333 505
7334 504
7335 505
7336 503
7337 503
7338 504
7339 504
7340 504
7341 505
7342 506
7343 506
7344 505
7345 506
7346 505
7347 504
7348 505
7349 506
7350 504
7351 504
7352 504
7353 505
7354 504
7355 505
7356 505
7357 505
7358 506
7359 503
7360 501
7361 501
7362 502
7363 503
7364 503
7365 503
7366 503
7367 504
7368 502
7369 503
7370 503
7371 502
7372 500
7373 500
7374 501
7375 499
7376 500
7377 499
7378 500
7379 501
7380 502
7381 500
7382 497
7383 498
7384 498
7385 497
7386 496
7387 497
7388 497
7389 497
7390 494
7391 493
7392 493
7393 493
7394 493
7395 492
7396 493
7397 494
7398 493
7399 493
7400 492
7401 491
7402 492
7403 492
7404 490
7405 489
7406 489
7407 490
7408 491
7409 490
7410 488
7411 489
7412 489
7413 489
7414 489
7415 488
7416 488
7417 488
7418 488
7419 488
7420 487
7421 484
7422 484
7423 483
7424 482
7425 482
7426 482
7427 482
7428 483
7429 480
7430 481
7431 478
7432 479
7433 480
7434 479
7435 479
7436 480
7437 481
7438 481
7439 482
7440 483
7441 483
7442 483
7443 483
7444 484
7445 485
7446 485
7447 482
7448 483
7449 484
7450 485
7451 485
7452 485
7453 485
7454 484
7455 485
7456 484
7457 484
7458 485
7459 486
7460 487
7461 488
7462 488
7463 487
7464 488
7465 488
7466 488
7467 489
7468 490
7469 488
7470 489
7471 490
7472 489
7473 490
7474 491
7475 490
7476 489
7477 490
7478 490
7479 489
7480 489
7481 490
7482 491
7483 492
7484 492
7485 493
7486 494
7487 495
7488 496
7489 497
7490 496
7491 497
7492 496
7493 496
7494 496
7495 496
7496 497
7497 498
7498 497
7499 496
7500 496
7501 495
7502 496
7503 497
7504 496
7505 497
7506 498
7507 498
7508 497
7509 498
7510 498
7511 497
7512 498
7513 499
7514 500
7515 499
7516 500
7517 500
7518 501
7519 501
7520 501
7521 499
7522 498
7523 497
7524 497
7525 498
7526 496
7527 497
7528 497
7529 497
7530 496
7531 497
7532 498
7533 497
7534 495
7535 496
7536 496
7537 495
7538 496
7539 496
7540 495
7541 495
7542 494
7543 495
7544 493
7545 494
7546 494
7547 493
7548 494
7549 494
7550 494
7551 494
7552 495
7553 495
7554 496
7555 496
7556 497
7557 497
7558 496
7559 496
7560 497
7561 497
7562 497
7563 498
7564 497
7565 496
7566 496
7567 497
7568 497
7569 496
7570 495
7571 494
7572 495
7573 494
7574 494
7575 494
7576 495
7577 495
7578 496
7579 496
7580 496
7581 496
7582 496
7583 497
7584 498
7585 499
7586 500
7587 501
7588 502
7589 501
7590 502
7591 502
7592 502
7593 503
7594 504
7595 502
7596 500
7597 500
7598 500
7599 501
7600 502
7601 503
7602 503
7603 503
7604 503
7605 501
7606 500
7607 501
7608 501
7609 501
7610 501
7611 502
7612 503
7613 499
7614 500
7615 501
7616 500
7617 501
7618 502
7619 503
7620 504
7621 503
7622 503
7623 503
7624 504
7625 504
7626 504
7627 505
7628 505
7629 505
7630 505
7631 504
7632 503
7633 504
7634 505
7635 505
7636 506
7637 507
7638 508
7639 507
7640 506
7641 507
7642 507
7643 507
7644 508
7645 509
7646 510
7647 509
7648 510
7649 509
7650 508
7651 508
7652 509
7653 508
7654 508
7655 507
7656 507
7657 505
7658 506
7659 504
7660 502
7661 501
7662 501
7663 502
7664 503
7665 504
7666 504
7667 504
7668 504
7669 503
7670 503
7671 503
7672 504
7673 504
7674 504
7675 503
7676 504
7677 503
7678 504
7679 502
7680 503
7681 502
7682 503
7683 504
7684 505
7685 505
7686 506
7687 506
7688 507
7689 507
7690 508
7691 509
7692 507
7693 508
7694 508
7695 507
7696 508
7697 507
7698 507
7699 506
7700 506
7701 506
7702 507
7703 507
7704 507
7705 508
7706 509
7707 510
7708 510
7709 510
7710 510
7711 511
7712 511
7713 511
7714 511
7715 512
7716 510
7717 510
7718 510
7719 511
7720 512
7721 513
7722 512
7723 513
7724 512
7725 512
7726 513
7727 514
7728 515
7729 515
7730 516
7731 516
7732 515
7733 515
7734 516
7735 516
7736 515
7737 516
7738 514
7739 513
7740 511
7741 511
7742 510
7743 510
7744 510
7745 510
7746 509
7747 509
7748 509
7749 508
7750 509
7751 509
7752 510
7753 510
7754 509
7755 508
7756 508
7757 509
7758 508
7759 507
7760 508
7761 507
7762 507
7763 505
7764 505
7765 505
7766 505
7767 506
7768 507
7769 507
7770 504
7771 504
7772 504
7773 504
7774 503
7775 503
7776 504
7777 503
7778 503
7779 502
7780 501
7781 499
7782 499
7783 499
7784 498
7785 498
7786 497
7787 496
7788 496
7789 496
7790 497
7791 497
7792 497
7793 497
7794 498
7795 499
7796 498
7797 499
7798 499
7799 500
7800 501
7801 500
7802 498
7803 497
7804 498
7805 499
7806 499
7807 500
7808 501
7809 502
7810 502
7811 500
7812 500
7813 499
7814 499
7815 500
7816 501
7817 502
7818 502
7819 503
7820 504
7821 503
7822 503
7823 503
7824 503
7825 503
7826 504
7827 503
7828 501
7829 501
7830 501
7831 502
7832 503
7833 502
7834 501
7835 501
7836 500
7837 498
7838 499
7839 500
7840 499
7841 498
7842 498
7843 498
7844 496
7845 496
7846 496
7847 497
7848 497
7849 497
7850 496
7851 495
7852 494
7853 493
7854 494
7855 495
7856 496
7857 496
7858 497
7859 496
7860 494
7861 493
7862 494
7863 494
7864 493
7865 493
7866 491
7867 491
7868 492
7869 492
7870 491
7871 492
7872 493
7873 493
7874 493
7875 494
7876 493
7877 494
7878 495
7879 494
7880 495
7881 496
7882 494
7883 495
7884 494
7885 495
7886 494
7887 492
7888 492
7889 492
7890 493
7891 494
7892 495
7893 496
7894 497
7895 497
7896 496
7897 496
7898 495
7899 496
7900 495
7901 496
7902 497
7903 496
7904 493
7905 493
7906 493
7907 493
7908 493
7909 493
7910 493
7911 494
7912 493
7913 493
7914 494
7915 495
7916 495
7917 495
7918 495
7919 494
7920 494
7921 493
7922 494
7923 494
7924 493
7925 493
7926 492
7927 490
7928 490
7929 490
7930 490
7931 491
7932 491
7933 492
7934 492
7935 492
7936 493
7937 494
7938 493
7939 492
7940 493
7941 492
7942 492
7943 492
7944 491
7945 490
7946 490
7947 490
7948 490
7949 491
7950 490
7951 490
7952 489
7953 490
7954 489
7955 489
7956 489
7957 489
7958 489
7959 489
7960 486
7961 486
7962 485
7963 486
7964 487
7965 488
7966 489
7967 487
7968 485
7969 486
7970 486
7971 486
7972 486
7973 487
7974 487
7975 486
7976 486
7977 485
7978 485
7979 483
7980 483
7981 484
7982 485
7983 485
7984 484
7985 484
7986 484
7987 484
7988 483
7989 483
7990 484
7991 483
7992 481
7993 482
7994 480
7995 480
7996 480
7997 480
7998 481
7999 482
8000 483
8001 484
8002 483
8003 484
8004 485
8005 484
8006 485
8007 485
8008 486
8009 484
8010 485
8011 486
8012 487
8013 487
8014 488
8015 488
8016 487
8017 487
8018 488
8019 488
8020 485
8021 485
8022 486
8023 486
8024 484
8025 484
8026 484
8027 484
8028 485
8029 486
8030 486
8031 487
8032 486
8033 484
8034 484
8035 483
8036 484
8037 485
8038 485
8039 486
8040 487
8041 486
8042 487
8043 487
8044 487
8045 488
8046 489
8047 490
8048 490
8049 490
8050 491
8051 491
8052 492
8053 493
8054 494
8055 494
8056 495
8057 495
8058 494
8059 494
8060 494
8061 495
8062 495
8063 496
8064 496
8065 497
8066 496
8067 496
8068 495
8069 495
8070 495
8071 494
8072 494
8073 495
8074 494
8075 495
8076 495
8077 495
8078 496
8079 494
8080 494
8081 494
8082 493
8083 493
8084 493
8085 494
8086 493
8087 491
8088 491
8089 492
8090 492
8091 492
8092 492
8093 491
8094 492
8095 491
8096 491
8097 492
8098 491
8099 492
8100 492
8101 492
8102 490
8103 489
8104 489
8105 490
8106 489
8107 490
8108 491
8109 491
8110 490
8111 491
8112 490
8113 488
8114 488
8115 487
8116 488
8117 486
8118 487
8119 488
8120 489
8121 490
8122 490
8123 490
8124 489
8125 487
8126 486
8127 485
8128 485
8129 484
8130 485
8131 486
8132 487
8133 487
8134 484
8135 484
8136 483
8137 483
8138 483
8139 483
8140 484
8141 484
8142 484
8143 485
8144 482
8145 483
8146 484
8147 482
8148 482
8149 483
8150 483
8151 484
8152 485
8153 484
8154 485
8155 486
8156 487
8157 488
8158 488
8159 489
8160 488
8161 488
8162 488
8163 488
8164 487
8165 488
8166 488
8167 489
8168 488
8169 489
8170 488
8171 489
8172 489
8173 490
8174 491
8175 492
8176 492
8177 492
8178 493
8179 492
8180 493
8181 494
8182 495
8183 496
8184 496
8185 497
8186 498
8187 498
8188 495
8189 496
8190 497
8191 495
8192 496
8193 493
8194 492
8195 493
8196 493
8197 493
8198 493
8199 494
8200 493
8201 494
8202 495
8203 496
8204 496
8205 497
8206 498
8207 499
8208 499
8209 500
8210 498
8211 499
8212 500
8213 501
8214 500
8215 497
8216 498
8217 497
8218 497
8219 497
8220 498
8221 498
8222 498
8223 497
8224 497
8225 497
8226 497
8227 498
8228 498
8229 498
8230 496
8231 496
8232 497
8233 496
8234 495
8235 494
8236 495
8237 496
8238 496
8239 496
8240 497
8241 497
8242 497
8243 495
8244 495
8245 494
8246 493
8247 494
8248 495
8249 496
8250 497
8251 497
8252 497
8253 495
8254 496
8255 495
8256 496
8257 496
8258 496
8259 497
8260 496
8261 497
8262 498
8263 499
8264 500
8265 501
8266 501
8267 501
8268 501
8269 502
8270 502
8271 502
8272 503
8273 504
8274 505
8275 505
8276 505
8277 504
8278 504
8279 505
8280 505
8281 506
8282 507
8283 505
8284 505
8285 505
8286 506
8287 502
8288 503
8289 503
8290 503
8291 503
8292 503
8293 503
8294 503
8295 504
8296 504
8297 505
8298 503
8299 504
8300 504
8301 504
8302 505
8303 504
8304 502
8305 502
8306 503
8307 504
8308 504
8309 503
8310 501
8311 502
8312 503
8313 502
8314 503
8315 502
8316 502
8317 503
8318 500
8319 499
8320 500
8321 499
8322 499
8323 499
8324 497
8325 498
8326 498
8327 497
8328 498
8329 498
8330 498
8331 498
8332 499
8333 500
8334 500
8335 501
8336 501
8337 500
8338 501
8339 501
8340 502
8341 503
8342 504
8343 504
8344 503
8345 504
8346 504
8347 505
8348 504
8349 504
8350 504
8351 502
8352 503
8353 499
8354 498
8355 496
8356 496
8357 497
8358 496
8359 495
8360 495
8361 496
8362 497
8363 498
8364 498
8365 498
8366 499
8367 500
8368 500
8369 501
8370 502
8371 503
8372 504
8373 504
8374 504
8375 504
8376 504
8377 504
8378 505
8379 505
8380 505
8381 505
8382 504
8383 505
8384 505
8385 506
8386 506
8387 507
8388 507
8389 506
8390 506
8391 507
8392 507
8393 506
8394 507
8395 508
8396 508
8397 508
8398 506
8399 507
8400 507
8401 508
8402 508
8403 508
8404 509
8405 509
8406 509
8407 510
8408 510
8409 507
8410 507
8411 508
8412 509
8413 510
8414 510
8415 510
8416 509
8417 510
8418 509
8419 506
8420 506
8421 506
8422 507
8423 507
8424 507
8425 507
8426 508
8427 508
8428 509
8429 509
8430 509
8431 509
8432 508
8433 508
8434 507
8435 508
8436 506
8437 506
8438 506
8439 505
8440 506
8441 507
8442 506
8443 506
8444 507
8445 507
8446 505
8447 505
8448 506
8449 507
8450 505
8451 505
8452 505
8453 506
8454 507
8455 506
8456 507
8457 506
8458 505
8459 506
8460 505
8461 505
8462 504
8463 505
8464 506
8465 507
8466 508
8467 507
8468 505
8469 505
8470 506
8471 506
8472 506
8473 506
8474 506
8475 506
8476 507
8477 506
8478 505
8479 506
8480 507
8481 508
8482 509
8483 510
8484 511
8485 509
8486 510
8487 509
8488 509
8489 509
8490 508
8491 508
8492 508
8493 508
8494 509
8495 510
8496 511
8497 509
8498 508
8499 507
8500 507
8501 507
8502 507
8503 506
8504 507
8505 508
8506 507
8507 508
8508 509
8509 509
8510 508
8511 507
8512 508
8513 509
8514 510
8515 509
8516 510
8517 510
8518 509
8519 509
8520 508
8521 508
8522 508
8523 508
8524 508
8525 509
8526 508
8527 507
8528 507
8529 508
8530 508
8531 509
8532 510
8533 511
8534 511
8535 512
8536 512
8537 512
8538 510
8539 510
8540 510
8541 509
8542 509
8543 510
8544 510
8545 506
8546 506
8547 506
8548 505
8549 506
8550 507
8551 508
8552 509
8553 510
8554 509
8555 506
8556 505
8557 505
8558 506
8559 506
8560 506
8561 506
8562 506
8563 507
8564 507
8565 505
8566 504
8567 505
8568 504
8569 503
8570 503
8571 503
8572 504
8573 505
8574 506
8575 503
8576 502
8577 503
8578 504
8579 500
8580 500
8581 498
8582 499
8583 500
8584 500
8585 499
8586 497
8587 498
8588 498
8589 499
8590 498
8591 498
8592 498
8593 495
8594 496
8595 497
8596 498
8597 499
8598 500
8599 501
8600 501
8601 502
8602 502
8603 502
8604 502
8605 503
8606 503
8607 504
8608 504
8609 505
8610 506
8611 506
8612 505
8613 504
8614 502
8615 502
8616 502
8617 501
8618 501
8619 502
8620 502
8621 502
8622 500
8623 500
8624 499
8625 500
8626 501
8627 502
8628 503
8629 503
8630 504
8631 504
8632 504
8633 505
8634 505
8635 504
8636 504
8637 504
8638 504
8639 505
8640 504
8641 504
8642 505
8643 504
8644 504
8645 505
8646 506
8647 506
8648 504
8649 505
8650 506
8651 507
8652 508
8653 508
8654 508
8655 509
8656 510
8657 511
8658 511
8659 512
8660 513
8661 514
8662 512
8663 511
8664 510
8665 510
8666 510
8667 510
8668 511
8669 511
8670 510
8671 510
8672 508
8673 507
8674 508
8675 508
8676 507
8677 508
8678 508
8679 508
8680 509
8681 509
8682 510
8683 510
8684 511
8685 511
8686 512
8687 510
8688 508
8689 508
8690 509
8691 510
8692 510
8693 510
8694 510
8695 511
8696 512
8697 511
8698 511
8699 512
8700 513
8701 513
8702 512
8703 510
8704 509
8705 510
8706 511
8707 510
8708 510
8709 508
8710 509
8711 509
8712 510
8713 511
8714 508
8715 508
8716 509
8717 510
8718 509
8719 510
8720 509
8721 508
8722 509
8723 509
8724 509
8725 508
8726 504
8727 504
8728 504
8729 503
8730 501
8731 501
8732 502
8733 502
8734 503
8735 503
8736 504
8737 505
8738 505
8739 506
8740 507
8741 508
8742 508
8743 508
8744 508
8745 509
8746 510
8747 510
8748 510
8749 510
8750 510
8751 508
8752 509
8753 509
8754 509
8755 508
8756 509
8757 508
8758 508
8759 507
8760 507
8761 508
8762 507
8763 508
8764 509
8765 510
8766 510
8767 511
8768 509
8769 510
8770 510
8771 510
8772 511
8773 512
8774 513
8775 512
8776 510
8777 511
8778 510
8779 510
8780 510
8781 511
8782 512
8783 513
8784 514
8785 514
8786 512
8787 513
8788 514
8789 515
8790 514
8791 514
8792 513
8793 513
8794 514
8795 515
8796 515
8797 514
8798 515
8799 516
8800 516
8801 514
8802 515
8803 516
8804 517
8805 518
8806 517
8807 517
8808 517
8809 516
8810 515
8811 516
8812 514
8813 515
8814 516
8815 515
8816 513
8817 513
8818 514
8819 513
8820 514
8821 515
8822 516
8823 516
8824 517
8825 517
8826 516
8827 515
8828 513
8829 514
8830 515
8831 516
8832 516
8833 516
8834 516
8835 516
8836 515
8837 512
8838 513
8839 511
8840 509
8841 510
8842 510
8843 510
8844 510
8845 511
8846 512
8847 511
8848 512
8849 511
8850 511
8851 512
8852 513
8853 511
8854 512
8855 512
8856 512
8857 513
8858 513
8859 512
8860 513
8861 514
8862 515
8863 515
8864 513
8865 512
8866 512
8867 512
8868 512
8869 513
8870 514
8871 514
8872 515
8873 514
8874 514
8875 515
8876 514
8877 513
8878 514
8879 514
8880 514
8881 513
8882 514
8883 513
8884 514
8885 511
8886 512
8887 510
8888 510
8889 510
8890 511
8891 511
8892 511
8893 505
8894 504
8895 504
8896 503
8897 504
8898 503
8899 504
8900 503
8901 501
8902 501
8903 500
8904 499
8905 500
8906 500
8907 501
8908 500
8909 501
8910 502
8911 501
8912 501
8913 502
8914 503
8915 504
8916 504
8917 505
8918 505
8919 506
8920 506
8921 503
8922 503
8923 504
8924 505
8925 505
8926 504
8927 504
8928 504
8929 504
8930 503
8931 504
8932 504
8933 504
8934 503
8935 502
8936 502
8937 502
8938 503
8939 502
8940 500
8941 498
8942 497
8943 498
8944 498
8945 498
8946 497
8947 497
8948 497
8949 498
8950 498
8951 498
8952 498
8953 499
8954 500
8955 500
8956 501
8957 498
8958 498
8959 498
8960 498
8961 499
8962 497
8963 497
8964 496
8965 497
8966 496
8967 497
8968 497
8969 495
8970 496
8971 496
8972 497
8973 498
8974 499
8975 498
8976 498
8977 498
8978 498
8979 498
8980 497
8981 498
8982 497
8983 498
8984 498
8985 497
8986 497
8987 498
8988 499
8989 499
8990 500
8991 500
8992 500
8993 500
8994 501
8995 502
8996 502
8997 503
8998 503
8999 504
9000 503
9001 502
9002 503
9003 503
9004 504
9005 505
9006 504
9007 504
9008 505
9009 502
9010 502
9011 503
9012 501
9013 500
9014 501
9015 501
9016 500
9017 501
9018 500
9019 500
9020 501
9021 502
9022 503
9023 503
9024 502
9025 502
9026 503
9027 503
9028 503
9029 502
9030 503
9031 504
9032 504
9033 504
9034 504
9035 505
9036 506
9037 505
9038 504
9039 504
9040 501
9041 501
9042 501
9043 500
9044 501
9045 500
9046 497
9047 497
9048 496
9049 497
9050 497
9051 498
9052 498
9053 499
9054 498
9055 497
9056 498
9057 499
9058 498
9059 499
9060 500
9061 501
9062 501
9063 501
9064 502
9065 502
9066 502
9067 503
9068 503
9069 503
9070 504
9071 504
9072 505
9073 505
9074 506
9075 506
9076 506
9077 507
9078 508
9079 509
9080 510
9081 510
9082 511
9083 512
9084 511
9085 510
9086 508
9087 509
9088 508
9089 508
9090 507
9091 507
9092 508
9093 509
9094 510
9095 511
9096 511
9097 512
9098 510
9099 510
9100 511
9101 512
9102 513
9103 514
9104 513
9105 514
9106 515
9107 516
9108 516
9109 514
9110 515
9111 516
9112 517
9113 518
9114 519
9115 520
9116 519
9117 520
9118 520
9119 520
9120 520
9121 520
9122 520
9123 520
9124 520
9125 521
9126 521
9127 521
9128 521
9129 519
9130 520
9131 521
9132 522
9133 521
9134 521
9135 521
9136 520
9137 520
9138 521
9139 521
9140 521
9141 520
9142 518
9143 518
9144 519
9145 519
9146 519
9147 519
9148 519
9149 516
9150 515
9151 515
9152 515
9153 516
9154 514
9155 513
9156 513
9157 511
9158 512
9159 513
9160 512
9161 513
9162 514
9163 514
9164 515
9165 516
9166 515
9167 516
9168 517
9169 518
9170 518
9171 517
9172 518
9173 519
9174 519
9175 519
9176 518
9177 519
9178 520
9179 520
9180 519
9181 518
9182 518
9183 519
9184 520
9185 520
9186 519
9187 518
9188 517
9189 516
9190 517
9191 516
9192 516
9193 516
9194 515
9195 515
9196 516
9197 515
9198 515
9199 513
9200 513
9201 512
9202 510
9203 509
9204 510
9205 510
9206 507
9207 507
9208 508
9209 509
9210 510
9211 510
9212 510
9213 511
9214 511
9215 512
9216 511
9217 512
9218 513
9219 514
9220 515
9221 514
9222 515
9223 515
9224 516
9225 517
9226 518
9227 519
9228 519
9229 518
9230 518
9231 518
9232 517
9233 518
9234 519
9235 519
9236 518
9237 519
9238 519
9239 518
9240 518
9241 519
9242 520
9243 518
9244 518
9245 516
9246 516
9247 516
9248 516
9249 516
9250 515
9251 515
9252 516
9253 517
9254 518
9255 518
9256 518
9257 517
9258 517
9259 518
9260 519
9261 520
9262 517
9263 517
9264 517
9265 518
9266 519
9267 519
9268 519
9269 520
9270 519
9271 520
9272 521
9273 522
9274 523
9275 521
9276 522
9277 523
9278 522
9279 519
9280 520
9281 519
9282 519
9283 519
9284 517
9285 518
9286 518
9287 519
9288 519
9289 519
9290 519
9291 520
9292 521
9293 522
9294 523
9295 524
9296 523
9297 524
9298 524
9299 524
9300 525
9301 526
9302 526
9303 525
9304 526
9305 526
9306 527
9307 527
9308 528
9309 529
9310 529
9311 529
9312 529
9313 529
9314 529
9315 528
9316 529
9317 530
9318 530
9319 529
9320 528
9321 526
9322 527
9323 526
9324 526
9325 526
9326 525
9327 526
9328 526
9329 525
9330 525
9331 525
9332 523
9333 524
9334 524
9335 523
9336 523
9337 524
9338 523
9339 524
9340 523
9341 524
9342 523
9343 522
9344 520
9345 521
9346 520
9347 521
9348 521
9349 522
9350 522
9351 522
9352 523
9353 523
9354 523
9355 524
9356 523
9357 523
9358 520
9359 521
9360 520
9361 520
9362 520
9363 520
9364 519
9365 520
9366 518
9367 519
9368 519
9369 520
9370 521
9371 519
9372 518
9373 519
9374 519
9375 517
9376 518
9377 516
9378 516
9379 516
9380 517
9381 516
9382 517
9383 518
9384 519
9385 519
9386 519
9387 518
9388 518
9389 517
9390 518
9391 519
9392 519
9393 519
9394 519
9395 520
9396 519
9397 519
9398 519
9399 520
9400 521
9401 520
9402 520
9403 519
9404 520
9405 520
9406 519
9407 519
9408 520
9409 521
9410 521
9411 522
9412 520
9413 520
9414 521
9415 522
9416 522
9417 522
9418 522
9419 523
9420 523
9421 524
9422 525
9423 525
9424 526
9425 527
9426 527
9427 528
9428 529
9429 529
9430 530
9431 531
9432 532
9433 532
9434 532
9435 532
9436 533
9437 531
9438 530
9439 528
9440 527
9441 526
9442 525
9443 524
9444 525
9445 524
9446 525
9447 523
9448 523
9449 523
9450 521
9451 522
9452 520
9453 520
9454 520
9455 520
9456 519
9457 519
9458 520
9459 520
9460 520
9461 520
9462 521
9463 521
9464 520
9465 518
9466 519
9467 519
9468 519
9469 519
9470 520
9471 521
9472 520
9473 518
9474 519
9475 519
9476 519
9477 518
9478 519
9479 520
9480 521
9481 522
9482 522
9483 521
9484 521
9485 521
9486 521
9487 520
9488 520
9489 520
9490 521
9491 522
9492 522
9493 523
9494 523
9495 524
9496 523
9497 523
9498 524
9499 522
9500 523
9501 523
9502 524
9503 523
9504 523
9505 522
9506 520
9507 521
9508 522
9509 523
9510 523
9511 524
9512 524
9513 525
9514 525
9515 524
9516 524
9517 525
9518 523
9519 522
9520 523
9521 524
9522 524
9523 524
9524 524
9525 525
9526 524
9527 523
9528 520
9529 519
9530 520
9531 521
9532 522
9533 522
9534 523
9535 521
9536 522
9537 523
9538 523
9539 524
9540 525
9541 525
9542 526
9543 527
9544 527
9545 526
9546 525
9547 526
9548 526
9549 527
9550 527
9551 527
9552 527
9553 527
9554 526
9555 527
9556 527
9557 526
9558 527
9559 527
9560 528
9561 529
9562 529
9563 530
9564 529
9565 529
9566 530
9567 530
9568 530
9569 531
9570 532
9571 532
9572 532
9573 531
9574 532
9575 533
9576 531
9577 532
9578 531
9579 532
9580 531
9581 529
9582 528
9583 528
9584 528
9585 528
9586 529
9587 530
9588 529
9589 528
9590 526
9591 524
9592 525
9593 525
9594 524
9595 525
9596 524
9597 525
9598 522
9599 522
9600 522
9601 522
9602 522
9603 522
9604 520
9605 520
9606 520
9607 521
9608 521
9609 522
9610 522
9611 520
9612 520
9613 520
9614 521
9615 521
9616 520
9617 520
9618 518
9619 518
9620 519
9621 517
9622 518
9623 518
9624 515
9625 515
9626 516
9627 515
9628 514
9629 515
9630 515
9631 515
9632 516
9633 515
9634 516
9635 516
9636 514
9637 515
9638 514
9639 513
9640 512
9641 511
9642 511
9643 510
9644 510
9645 506
9646 505
9647 505
9648 506
9649 506
9650 507
9651 508
9652 509
9653 508
9654 508
9655 508
9656 508
9657 509
9658 509
9659 508
9660 509
9661 509
9662 510
9663 509
9664 510
9665 511
9666 511
9667 511
9668 510
9669 511
9670 510
9671 509
9672 510
9673 511
9674 511
9675 512
9676 511
9677 512
9678 512
9679 512
9680 513
9681 512
9682 513
9683 514
9684 513
9685 512
9686 512
9687 513
9688 512
9689 512
9690 512
9691 513
9692 512
9693 513
9694 512
9695 512
9696 512
9697 513
9698 511
9699 512
9700 513
9701 513
9702 512
9703 513
9704 512
9705 513
9706 514
9707 513
9708 512
9709 511
9710 509
9711 509
9712 510
9713 510
9714 508
9715 507
9716 508
9717 509
9718 509
9719 509
9720 510
9721 510
9722 511
9723 511
9724 511
9725 512
9726 510
9727 509
9728 510
9729 510
9730 511
9731 511
9732 512
9733 511
9734 510
9735 511
9736 510
9737 511
9738 511
9739 511
9740 511
9741 512
9742 511
9743 512
9744 511
9745 512
9746 513
9747 513
9748 513
9749 513
9750 514
9751 515
9752 515
9753 514
9754 515
9755 516
9756 516
9757 516
9758 515
9759 513
9760 513
9761 514
9762 515
9763 516
9764 517
9765 517
9766 518
9767 519
9768 520
9769 521
9770 522
9771 522
9772 523
9773 523
9774 523
9775 522
9776 523
9777 524
9778 523
9779 523
9780 523
9781 523
9782 523
9783 522
9784 522
9785 522
9786 522
9787 523
9788 522
9789 522
9790 523
9791 524
9792 525
9793 525
9794 526
9795 527
9796 528
9797 526
9798 525
9799 526
9800 526
9801 526
9802 526
9803 526
9804 525
9805 523
9806 523
9807 524
9808 523
9809 524
9810 525
9811 525
9812 526
9813 527
9814 527
9815 528
9816 528
9817 528
9818 529
9819 530
9820 529
9821 528
9822 525
9823 525
9824 526
9825 527
9826 527
9827 527
9828 527
9829 527
9830 527
9831 527
9832 526
9833 526
9834 527
9835 528
9836 529
9837 530
9838 529
9839 528
9840 528
9841 527
9842 527
9843 528
9844 529
9845 526
9846 525
9847 524
9848 524
9849 524
9850 525
9851 525
9852 523
9853 521
9854 521
9855 521
9856 521
9857 522
9858 523
9859 524
9860 522
9861 523
9862 523
9863 523
9864 522
9865 523
9866 522
9867 522
9868 522
9869 523
9870 522
9871 522
9872 521
9873 520
9874 520
9875 520
9876 521
9877 522
9878 523
9879 523
9880 524
9881 524
9882 524
9883 525
9884 525
9885 524
9886 524
9887 524
9888 523
9889 524
9890 525
9891 526
9892 525
9893 525
9894 525
9895 526
9896 527
9897 525
9898 526
9899 527
9900 524
9901 525
9902 526
9903 525
9904 525
9905 525
9906 526
9907 525
9908 521
9909 520
9910 520
9911 521
9912 522
9913 522
9914 523
9915 522
9916 522
9917 521
9918 521
9919 522
9920 522
9921 522
9922 522
9923 523
9924 522
9925 523
9926 523
9927 523
9928 523
9929 522
9930 523
9931 524
9932 525
9933 525
9934 525
9935 526
9936 525
9937 524
9938 522
9939 523
9940 523
9941 523
9942 522
9943 523
9944 524
9945 524
9946 525
9947 525
9948 526
9949 526
9950 525
9951 526
9952 526
9953 526
9954 527
9955 528
9956 529
9957 530
9958 530
9959 527
9960 527
9961 528
9962 527
9963 527
9964 526
9965 527
9966 525
9967 524
9968 523
9969 523
9970 523
9971 524
9972 523
9973 523
9974 523
9975 522
9976 520
9977 521
9978 521
9979 520
9980 521
9981 521
9982 519
9983 520
9984 519
9985 518
9986 518
9987 517
9988 518
9989 518
9990 518
9991 518
9992 517
9993 518
9994 518
9995 518
9996 517
9997 518
9998 517
9999 517
