-2.34476 -3.99472
-2.6603 0.380626
-4.87951 0.0468827
1.26252 0.738289
-2.14385 1.64112
-2.08674 1.81962
-1.37537 -1.78315
-0.110713 0.205933
-3.69726 0.153428
-2.77559 0.132277
-2.60872 2.37945
0.358326 4.89857
-4.21274 -2.04001
0.846318 -3.68281
0.242417 0.763394
-2.50912 -0.262743
0.501152 -3.1745
-4.44125 1.99988
0.0244916 -4.12467
-4.35341 0.727934
-1.79239 0.82984
-4.39487 -1.04328
-3.26956 -1.52809
-1.30895 -3.34048
1.44738 2.98378
0.621499 -1.70547
-3.38646 3.43519
-0.0803663 -0.916111
-4.21959 -2.24755
-1.38197 1.2383
-0.429541 0.213721
0.94712 -2.30298
1.44833 -3.07397
-3.79202 2.83626
-1.30927 -0.959335
-3.90525 -0.143551
-2.69466 -1.77833
-1.22758 4.2468
-2.11616 -1.91915
1.64758 0.220631
-4.09443 -1.05458
-0.960506 -0.421067
0.80753 -1.8183
0.499 1.01219
0.395544 -4.76328
-0.261461 3.59224
-0.679095 0.792101
1.53065 -3.99945
-2.68173 -0.441037
-1.99282 3.93499
-1.01998 -4.41162
-0.101724 -2.22761
1.51814 -4.34589
-0.935636 -3.28338
-1.79108 4.03837
-1.02643 3.18886
-3.0568 3.09038
-1.909 2.30454
-2.25251 -0.00204331
-2.13652 4.0883
-4.75306 1.19931
-4.19404 1.87571
-1.16218 -1.28312
-2.2794 1.35982
-1.68124 3.87989
-1.28342 0.493527
0.668729 4.86921
-2.46659 1.98646
4.85565 -0.301928
-2.1614 -2.50136
-2.3352 2.95293
3.91936 -2.74438
-4.41547 0.0182403
3.9302 -2.61048
-0.275785 -2.92398
4.80271 0.917599
1.44474 4.71657
-2.67088 3.5953
-4.10147 -2.55336
-2.60414 -1.80405
-0.666401 -2.92232
-3.07609 3.40957
-0.827217 -4.22758
-4.02215 2.3053
-4.54382 1.45627
-3.55428 -3.33208
-2.7206 2.2238
-0.896966 -0.978535
0.840421 -3.98034
-1.37257 0.250803
-2.11699 1.66227
-3.62891 0.514987
-1.25885 4.18256
-0.561241 3.07166
1.36549 -3.42567
0.976821 3.88589
-4.02715 1.73163
-0.761394 1.04716
1.01593 -2.10535
-3.44662 -2.89419
-4.29622 -0.530797
-1.39374 -1.67219
-3.17548 2.99409
-1.03632 1.23263
-4.27165 -1.2957
-3.79803 -0.736447
0.931382 -0.648028
0.892851 -2.72348
-3.98076 -0.583168
-3.20723 1.14047
-2.3072 2.74082
1.33613 4.46614
1.66717 4.06482
-0.200069 -2.26679
0.643168 3.39973
-0.418785 0.112834
0.463979 4.27301
-0.611556 -4.90826
-1.64107 -0.102706
-4.33615 2.30787
-4.73804 0.900437
-2.18272 0.791583
-0.755611 -1.64813
-3.45103 -1.09094
0.439722 4.96562
-0.855844 4.04121
-2.57175 -3.45519
-3.47953 1.06538
-3.82042 1.5107
-0.967582 -1.43691
-1.19784 3.9179
-3.86764 0.554755
-4.89323 0.186847
0.441551 1.28842
-1.40594 -0.107084
0.927165 -3.2525
-4.07369 -2.01693
-4.66123 -0.472369
-3.99441 -1.11605
-3.31502 -0.796557
-3.00643 1.11849
1.76224 -0.878763
-2.33044 -0.488471
-2.72056 -3.12667
-0.881669 4.68806
-3.82323 -2.47569
-1.84542 2.80857
-2.94446 -0.588804
-1.30946 2.94566
1.83744 4.18466
-3.66672 -0.680853
-1.15558 -0.391437
1.75901 4.32354
-1.60165 -0.891536
-1.43578 2.85924
1.85157 -0.896586
-1.67505 -3.3877
-0.944809 0.969914
-1.32912 1.51449
-4.43716 1.91178
-3.90531 1.44277
-2.6945 4.12623
-1.82469 -2.39705
0.899235 -4.32638
-2.5179 -4.08078
-1.13735 1.81026
-0.382171 1.75895
0.0313666 2.30231
2.45013 -2.65492
-2.10322 -4.44452
0.579525 4.85971
-3.608 3.08742
-0.638914 -1.68654
-0.436199 -0.571081
-3.88294 -2.98228
-1.10364 -3.20253
-2.29774 0.459515
0.0237388 -4.25173
1.56834 0.247151
-4.92405 -0.277625
-4.7296 -0.315249
-0.764017 -0.27782
-0.817704 -1.10738
-4.8053 0.513317
-3.04283 3.93322
3.6005 -2.38735
-3.25986 -2.05699
-1.36133 -1.19114
-4.96812 0.426104
-3.11754 -1.53191
0.25719 1.53808
0.207432 2.64747
-0.177436 3.63575
-1.99999 -1.11823
-2.29921 4.25608
2.20594 0.105076
-2.38311 4.31504
-2.06188 2.24574
0.484282 -0.570736
-0.318159 -0.923891
-0.396437 1.7101
1.26506 -1.90349
-4.23896 -1.82689
-4.54241 1.33592
-1.04293 4.42673
-3.32222 0.327605
1.36495 -0.0625542
-2.6425 -3.41751
1.32114 3.72513
-2.40601 0.457573
-0.473928 3.96792
-2.35422 2.03079
-1.06293 -4.26524
-2.87967 2.75257
-0.705116 -4.34337
3.64838 -2.5636
-2.10393 3.16779
-3.27953 1.68008
0.0396442 3.35445
-3.12019 -0.93636
-3.07985 2.19805
0.067642 3.71829
-3.66822 -2.36977
-0.652143 -1.48442
-1.96693 -2.53021
-4.11547 -2.08197
0.834063 2.39998
-3.3443 0.90298
0.23931 3.10078
-4.05737 -2.28895
-3.28703 -0.871433
-3.91921 2.26501
-2.59437 -1.5113
-1.64376 -1.83371
0.5909 3.95144
-4.08957 -2.82202
-3.58239 -2.36079
-0.209332 2.30566
-3.54873 -0.800632
-0.920496 -4.78754
-0.380336 -3.50213
-0.917383 4.62017
-2.07833 0.913458
-1.06231 3.99692
-2.14448 -2.54864
0.206011 3.83684
-3.94911 0.223381
-4.21566 -1.00163
-0.534 -3.66084
-3.88995 0.280195
1.55071 -4.3832
-1.03092 -4.86127
1.94024 2.67179
-1.76955 -0.955012
1.58932 1.72987
-4.60767 0.845586
0.230145 0.118963
-3.05031 2.50455
3.02523 -1.90136
-0.872028 2.53163
-0.820181 -0.973746
-1.16948 0.211561
-3.97531 0.150902
-2.11357 -3.92973
-3.01255 -0.120741
0.30887 -1.82673
1.76764 -3.53658
0.49712 2.84351
-3.60241 -1.73501
1.77594 -3.76629
-0.74577 4.42491
-3.52096 -2.35057
-3.91738 2.2382
-2.00073 -4.13244
0.258722 2.05118
-4.02656 0.861211
1.71723 -0.727982
-3.81412 -1.24951
-4.13932 2.01682
-0.241112 -2.0904
-3.28646 -0.685161
-4.68387 1.03968
-2.06995 -0.339679
-3.68495 0.428528
-4.08273 2.57737
-4.10064 -0.411191
1.25558 -2.9281
-3.66939 -1.63901
3.11394 3.16708
-2.61881 -2.42168
-0.635289 -1.22392
-0.823792 0.106312
1.54246 3.7559
-0.76739 3.95879
-3.94966 1.71254
-2.23557 4.0577
-4.41571 -1.62434
-3.36439 0.886607
-2.88464 1.19381
2.29309 0.321816
3.20723 -1.31971
-3.46184 -3.46434
-4.34174 -2.43183
-4.11651 1.20766
-0.000934523 0.780984
-2.98012 -1.15278
-3.76321 1.42138
-2.79285 2.48608
0.388059 -1.15628
-1.6301 -0.669365
-3.70172 2.94667
-1.08923 2.45414
-0.32617 -3.63389
-4.38969 -1.4699
-1.61595 0.122458
-4.26535 1.71812
-3.84963 -2.9121
1.86708 -2.84356
-4.6739 -1.74166
0.833127 -2.49236
1.59297 -3.77596
-2.17265 1.40545
-3.22144 -3.5199
-2.95256 -2.55546
-3.55933 0.0009828
-2.02872 2.35651
-3.88258 0.754101
-0.783648 -2.56698
-2.92198 0.12183
-0.640577 -3.63069
0.0864035 -3.92796
-4.06708 -0.667217
-1.45094 -1.02798
-1.07569 -0.161925
-4.53126 0.189229
-0.644027 4.86948
-2.09144 -0.697562
-3.46787 -0.0750378
-3.8531 -2.53248
0.108651 -3.41977
-2.51235 0.367552
-1.03716 -2.12474
0.565054 -0.634545
-1.82548 -0.925327
-0.19761 2.2799
-1.039 -0.637873
-2.36532 -0.504298
-2.37117 -0.874059
-1.38453 0.365273
1.56895 0.391366
-1.32049 -0.625638
-2.63758 3.97286
0.858463 -1.06716
-0.814055 -4.53711
-4.21971 1.45929
-2.75498 4.05808
0.496193 -1.58115
-4.06032 2.3705
-2.8989 2.88238
-2.98102 2.83293
-2.81616 -1.94188
-3.31794 -0.825118
-3.41367 -1.48853
-3.0694 1.57367
-1.27637 -0.15426
-0.142984 -3.43611
-4.15426 2.19415
-3.38893 3.26597
-3.63037 -0.89166
-4.37808 0.457992
-3.97608 1.7981
-2.57193 -3.5635
-4.18124 -2.11365
-4.33435 -1.6904
-3.59315 0.404956
0.0537784 4.74768
-2.92241 -2.80104
1.90088 3.42045
-0.727385 4.11707
-0.860882 -3.48987
-4.47964 0.392893
-4.04504 -1.05281
0.525515 -2.57427
0.78874 -4.69759
-4.33404 -0.2342
0.827676 -0.907272
-4.63129 0.663309
-1.54012 -0.603937
-2.13598 4.37047
-1.94322 3.6295
2.00117 -2.36869
-0.804093 -0.0466799
-4.39083 -1.13613
-2.17423 1.91604
2.85913 2.86549
-0.942663 -2.36915
1.25091 -1.5918
1.25613 -4.31796
2.58235 2.40943
-0.814708 4.40426
-2.06917 -0.100779
-4.96087 -0.621698
-1.81739 -0.519289
-2.01398 2.22712
-3.09349 3.33008
-0.950355 4.23453
-3.07874 -1.38446
-1.7209 3.75702
-4.14767 -0.0143098
-3.59344 -2.3636
-4.80125 0.950916
-2.7661 -4.10971
-0.877435 -0.967817
-3.51887 0.126488
-3.84572 -1.06442
-3.56809 -0.0854817
-0.337239 -2.1859
-4.3064 1.25791
-3.26315 -2.15722
-2.67149 -2.54659
-3.46544 -3.04252
-1.93297 -3.29876
-0.598102 0.314667
4.35177 -0.686384
-4.4054 -0.755365
1.50935 -2.46534
3.78961 3.08264
-3.09287 -0.428935
-2.49128 0.445076
-1.63838 1.48238
0.502216 4.50473
-2.72065 0.234802
-3.75725 2.13874
2.61282 -1.46837
-3.31112 -1.31533
-2.50048 -1.2928
-3.73631 0.752839
-2.17952 -3.20687
-1.73512 -2.9528
-2.86737 0.886496
0.914014 -1.6994
-1.90001 2.03378
-3.21727 0.366926
-2.84121 1.63416
-0.285047 1.9411
-1.61101 2.60485
0.0853185 0.945698
-0.877469 0.232878
-1.92201 -2.63606
-4.67153 1.01766
-3.39351 0.634947
-2.60916 0.371739
-2.69721 -1.92106
0.907687 -4.23419
-4.08461 0.218653
-0.778722 3.39309
-4.40234 0.599318
-4.11199 -1.75212
-3.53555 0.202228
0.0912025 -3.63157
2.34732 -0.261874
-1.7896 2.80437
1.69641 1.97438
-3.41789 -0.233918
-1.58179 0.867596
-3.2134 3.50716
-3.03836 -1.63415
-3.75358 -2.93131
-2.10981 3.98842
-2.56102 -1.80876
-2.59548 -0.967366
-2.2748 1.50269
-3.78726 0.70863
2.88967 -0.800581
-4.71082 0.627311
-0.301662 -2.63807
-0.481679 2.00688
-3.15948 2.09336
-1.40668 -2.93027
-1.86575 -1.13499
-3.50308 -0.881248
-4.36637 1.28983
0.66113 -4.92773
-3.95427 -1.84561
-0.75841 -3.35396
-4.79103 -0.549218
0.488933 -2.92025
-1.83037 2.33744
1.10344 3.05445
-4.67415 0.988126
0.814118 -2.15739
-0.21882 2.80318
-0.319515 -1.37106
-0.484303 -3.48091
-4.05302 1.8331
1.00886 3.17532
-0.582637 -0.923122
-0.777364 -2.75684
-2.68009 0.283363
1.49603 0.757119
-1.48236 2.8872
-1.33001 2.34202
-1.14936 -2.54435
-0.763898 3.29828
-0.056009 4.52694
-4.0356 -2.31165
-2.13289 2.07492
-1.22656 0.668124
-2.12436 1.97135
-3.57213 1.95484
-2.2958 1.68535
-3.56284 -1.17312
-2.81096 -2.03643
3.71964 -2.46809
-3.80588 -2.85712
-0.532523 -1.69178
-0.972027 -0.660201
-2.64137 -1.00022
-2.1912 3.24115
-4.01078 0.280846
-3.67083 -2.18848
-4.63288 -1.148
-3.643 2.36427
-2.26945 -1.463
-3.73342 2.72286
-2.11844 -2.46803
-0.0853822 -4.19608
-1.81308 -2.2099
-2.43084 -0.702212
-3.46993 2.91797
-0.909209 4.14795
0.190981 4.13737
-4.27977 -2.52565
-2.82051 -2.98151
-0.758504 4.16202
-0.637615 1.55676
0.11246 1.20483
-0.618978 -3.77445
0.162009 1.41747
-1.93126 -0.239576
-0.191406 -2.71736
-2.72871 2.62869
-4.72031 -1.0597
-3.55154 1.30657
-0.72796 1.57543
-4.55003 0.871081
-1.1077 -0.250637
-4.62731 -0.28047
-1.17272 -3.27897
-2.62383 2.65532
-3.32284 -3.58886
0.405342 -0.223299
-0.649379 1.24669
-3.84365 1.29855
-3.81072 -2.0794
-3.19769 1.2905
-3.58618 -0.330257
-0.524133 0.906003
-0.398159 -0.702023
-3.10273 -2.87224
-4.09626 0.758972
-1.56983 1.51196
-0.138981 1.49204
-1.95163 -0.134151
0.26008 -0.148061
-4.1063 2.00054
-0.802694 -2.15545
-4.40736 0.183585
-4.38537 0.478186
-3.84718 -0.688331
-4.73078 -0.224641
-3.67501 2.13097
-0.614683 -4.83586
-1.70701 1.85743
1.00385 0.878686
-2.24697 0.198894
-1.26396 0.398913
-3.97039 -2.9505
-3.42905 2.00454
-2.2327 1.88993
-2.24326 -1.76175
-4.27932 -1.62301
-3.65876 0.878816
-2.0407 -0.525656
-1.89391 0.575589
0.81598 -1.08235
-3.01871 0.76869
-2.83225 -2.87793
-1.17394 -4.68048
2.48325 0.882737
-4.18847 2.7144
-1.39336 3.91009
-1.02969 4.2248
-3.45125 2.33412
-3.13982 -2.32973
1.03727 -1.62402
-3.90583 2.48578
-3.31856 -0.050257
-1.92476 -3.51799
-4.52933 0.182325
-3.85717 1.41334
-3.18576 -0.957419
-2.43319 3.7195
-1.04033 1.15487
-2.13139 -3.93696
-4.91947 -0.694655
-2.23853 1.23742
-0.451996 0.934143
-1.97156 1.5388
-3.60312 2.68873
-3.02667 2.39426
-2.52261 -0.962002
-1.9424 -1.71598
-0.678292 3.32388
-0.842218 -1.27654
-4.70948 -1.5913
-0.732313 -2.76102
-4.02217 -2.74812
-4.4193 0.37282
-3.15239 0.32836
-1.43625 4.43882
-2.98713 2.49313
-0.150567 -2.99995
-2.97537 -2.36558
-4.05649 -2.49295
-4.13817 -0.933958
-0.777574 0.597757
-2.4821 -1.98131
-2.68722 2.74973
-2.01503 -2.25238
-2.64798 2.45453
-1.05339 1.7885
-1.0311 1.2553
-2.9421 0.167835
-3.08086 -3.41199
-0.814315 0.008422
-1.56925 -2.91456
-2.90902 -1.82802
-4.69643 -0.805475
-4.58517 0.296125
-3.53881 0.932248
-3.85825 -0.771957
-3.54035 2.48739
-4.25141 1.24605
-3.61476 0.160273
-4.57301 1.00565
-3.58259 -0.0353949
-1.35614 -3.97046
-3.78389 1.85646
-1.53899 -0.736294
2.48832 3.25647
0.643002 0.435362
-3.3075 2.91179
-4.41181 -1.2045
-0.866153 -1.25259
0.299063 -3.2913
-2.37151 -1.28535
-2.70591 3.12222
-2.7319 -3.74322
-0.425187 -0.0778104
-2.65409 1.88191
-4.69991 0.873842
-3.34203 3.21544
-3.58903 0.196731
-4.40692 2.01726
-3.33633 2.99445
-3.92722 -1.27668
-3.065 -0.00565235
-1.76317 3.15522
0.145413 -1.3307
-3.64392 -0.47377
-0.435965 2.74785
-1.38015 -1.34688
-3.01488 3.85545
-3.76253 2.58773
-1.11309 2.27141
-3.76699 2.79456
0.347367 1.05782
-3.57796 0.942786
-0.666853 -4.24134
-3.52706 0.480734
-3.47902 1.68091
-0.652571 -0.130178
-2.78634 -2.66065
-4.22952 -1.23077
-1.80119 2.63411
-3.65887 -0.290857
-3.40437 -0.404146
-4.92061 -0.21448
-1.62582 2.19806
-3.57465 -0.511925
-4.94905 0.489124
-0.158454 0.309947
-4.47629 0.0977074
-2.97096 3.27646
-3.42104 -1.26534
-3.08374 -1.3548
-3.80456 -2.25769
-4.6454 0.850273
-4.22662 0.292094
-3.39616 2.51654
-1.20415 1.8514
-2.64809 -0.00403989
-3.76463 -1.62627
1.38282 -0.362105
-1.69002 2.46183
-2.45577 3.98387
-2.52576 3.78081
-2.19854 -2.66213
-2.9245 -1.4397
-4.34602 0.107514
-0.259849 -1.99361
0.599613 -1.28451
-4.15057 0.246517
-2.2316 0.587063
-2.06764 1.33408
-3.85607 -0.99805
-1.89491 0.838646
-2.22381 -1.62267
-0.866069 -0.985235
-2.65331 2.37905
-4.35997 1.7954
-2.65594 -2.22484
-3.51078 -0.83617
-3.74168 -1.33504
-1.18499 1.59567
-1.18547 3.71616
-2.4598 2.56143
-4.12891 0.140527
-3.25818 0.477964
-4.67019 0.741005
-3.44379 0.154729
-2.57311 -3.32541
-3.85852 0.243089
-3.7569 -1.4756
-0.256848 -2.04438
-3.12241 2.53772
-2.6409 2.85648
-1.56245 -2.92234
-2.24043 -1.14324
-2.75089 -3.73239
-2.41425 0.485203
0.895507 1.49096
-4.46164 -1.21622
-3.20192 -3.07893
-4.57143 0.302924
-4.75055 0.522493
-2.49521 -1.08401
-3.27177 -2.24169
-2.5829 -1.97163
-4.15639 0.877317
-4.56808 -0.742721
-2.71149 -1.08086
-2.31679 1.99476
-2.70306 -3.68591
-2.41704 0.0424442
-3.71061 -0.573763
-2.83904 1.41463
-3.30428 0.494752
-3.05129 -2.25607
-4.87619 -0.40115
-2.04221 -1.89463
-3.88367 0.592517
-4.19193 -1.64116
-4.85736 -0.466503
-1.67266 -2.15264
-4.72335 -0.978
-0.892331 -2.10626
-1.23058 3.04947
-3.29917 1.59683
-3.00342 -0.718168
-3.19214 1.84019
-3.58201 3.06666
-3.84631 -3.02499
-4.69383 -0.0631799
-3.10753 1.29913
-3.50307 2.78561
-3.92325 -2.33908
-2.59596 -1.24173
-1.48848 -1.91432
-4.1787 -0.770876
-4.62078 -1.48114
-3.24813 -0.0572892
-3.3345 -1.74502
-4.43366 -2.04324
-4.02163 -0.11368
-1.37896 -1.46803
-3.41728 -1.45773
-4.44364 1.46129
-3.12619 1.20626
-2.94559 2.55616
-2.21787 0.882287
-4.73859 0.171533
-2.36448 1.31891
-1.62609 -2.38999
-2.44038 -2.811
-0.770753 -1.51166
-3.59703 2.06315
-3.11867 -0.213554
-3.82875 -0.742327
-2.76662 0.864642
-3.922 2.92649
-3.81578 -1.98803
-4.52135 -1.018
-1.61801 3.89894
-4.81384 -0.969515
-3.72707 -0.7156
-3.54113 -2.38993
-4.17453 1.27155
-2.79758 -2.09903
-2.2604 -0.731869
-4.96385 0.325735
-1.86852 -3.35644
-2.76159 2.9367
-2.88895 0.377406
-2.78753 -0.487545
-2.52041 -1.26311
-3.67552 0.984756
0.0618311 -1.78325
-3.7347 1.77629
0.504007 0.291046
-1.41287 -1.7296
-1.82556 -3.27885
-4.92481 0.63818
-4.41134 1.03999
-3.04224 0.692652
-2.79878 -0.331023
-3.31388 -0.411636
-2.84294 1.39361
-4.38285 -0.324145
-2.89397 1.08374
-4.10592 -2.66735
-4.85205 -0.285284
-3.49505 0.350065
-4.12337 -2.58554
-4.58933 -0.897694
-1.19853 0.294254
-3.13352 1.03723
-4.63875 1.63911
-3.61254 2.98904
-2.70901 2.56176
-1.7954 -2.0549
-2.12467 2.25509
-2.67114 1.36641
-2.1951 0.483677
-4.64922 -0.548407
-4.17522 -0.494432
-2.82639 -1.28501
-3.02846 1.41571
-1.09284 -0.024525
-4.54276 0.86108
-3.93857 -1.14296
-2.34243 0.797311
-4.08266 0.707099
-3.80752 -3.16402
-1.55426 -0.320973
-4.02224 -0.77286
-4.88216 -0.411183
-2.68746 -0.459427
-0.815071 0.789387
-4.27322 2.44192
-4.67295 0.80301
-4.59854 0.0446876
-4.23696 -1.02573
-1.90888 0.440594
-2.85799 1.02366
-4.21628 0.974706
0.0110288 -0.279495
-3.85158 1.06995
-3.92476 -2.16979
-3.49533 -0.663807
-4.10184 0.486741
-2.46343 -0.0665623
-4.04653 -1.74623
-3.36873 1.66771
-4.06262 -1.34724
-4.40208 -0.446592
-3.68194 -0.539908
-4.4975 0.819907
-4.61888 -0.0562366
-4.03173 -1.71462
-4.13074 -2.28741
-3.54819 1.71064
-4.63533 0.47097
-2.46474 1.52762
-4.39296 1.98651
-2.90086 0.866277
-4.62275 -1.06398
-3.97373 -1.9497
-4.12375 1.62938
-3.70972 0.617232
-2.92267 0.318187
-3.84325 1.35885
-2.53505 -3.1834
-3.18838 1.07951
-4.61745 -1.40359
-2.72334 0.836744
-4.57343 0.120135
-4.57454 0.314892
-4.3224 -1.20126
-4.09114 0.198904
-3.23087 -0.155077
-3.71008 -2.06085
-3.59557 1.40433
-4.12358 -1.86123
-3.52223 0.574254
-1.88594 -2.09566
-4.55191 0.00436534
-3.88662 -0.757304
-4.21845 -0.11325
-4.59837 0.200402
-4.33359 0.334579
-4.78454 -0.660257
-4.37209 1.74078
-4.05512 -1.00607
-3.86894 0.240675
-4.16787 -0.525528
-3.89105 2.59078
-3.82711 1.54993
-4.68163 0.889401
-4.05045 1.29983
-4.13712 1.36397
-4.17149 0.986291
-2.42203 -1.04262
-4.26627 -0.343434
-4.40644 1.74771
-3.84009 1.66058
-4.12806 0.0925171
-4.72152 -0.612809
-3.57533 0.297054
-4.64289 0.335319
-4.47668 0.321253
-4.59475 1.36011
-4.70713 1.15771
-3.50805 -1.41099
-3.69633 -0.351162
-3.45376 -0.122798
-4.32626 0.674053
-4.78066 -0.119843
-4.36501 0.380028
-3.55415 -0.723217
-4.18051 1.48999
-3.13098 -0.0412089
-3.10183 0.0699666
-4.13994 -0.0850656
-4.85192 -0.994777
-4.90273 -0.0378392
-4.88638 0.202535
-4.23797 1.00569
-3.13642 2.47746
-4.06807 -0.813617
-4.53679 -0.213453
-4.3743 0.335373
-4.60565 0.840882
-4.13063 0.877027
-3.74649 0.0409128
-4.81523 0.760469
-3.76898 -0.480805
-4.89798 0.606226
-2.91263 0.272264
-3.62681 0.157358
-3.64524 0.366275
-4.31258 -0.160798
-4.41506 1.32761
-4.46825 -0.601442
-4.6511 -1.29875
-3.988 0.156035
-4.52069 -0.297352
-3.85248 -0.0612087
-4.786 -0.257147
-4.00172 -0.235215
-3.77504 -0.388116
-4.41464 0.0573033
-3.80161 0.135617
-4.22705 0.314787
-4.61377 0.924021
-4.15626 0.630939
-4.14514 -0.307905
-4.82249 0.218896
-4.68519 -0.268938
-4.73873 0.306983
