-2.58871 -1.97956
-4.56133 1.0965
-4.02847 0.823006
-2.10064 -0.257104
-2.7924 -0.319636
-4.49227 1.40145
-2.20654 0.126621
-1.32196 0.493869
-3.64696 -1.82825
-3.62476 0.558861
-4.59927 1.95892
-3.1566 -0.661901
-4.66578 1.17425
-4.34875 1.34659
-3.7112 0.154091
-3.40591 -0.125456
-4.53813 -0.615281
-4.5269 0.572762
-2.28056 -1.05412
-3.66559 0.829956
-4.86197 0.369787
-4.80269 -0.179338
-3.40476 0.898183
-4.41371 1.49898
-4.38459 2.33082
-4.8928 0.452861
-2.92637 -3.22458
-3.18227 1.21095
-4.74051 -1.43599
-4.88567 0.600508
-2.25791 -1.2421
-3.63985 -0.418333
-3.1132 -0.387101
-4.37791 -1.44757
-4.17907 1.19777
-4.70995 0.405617
-4.34617 1.56992
-4.78656 -0.283678
-3.36193 1.29934
-2.86984 0.551091
-4.64294 0.975453
-2.73324 1.02254
-4.70255 1.45499
-4.60807 -0.107947
-3.75518 -0.544855
-2.74517 -1.70887
-3.51272 -0.31603
-3.87744 -1.36877
-4.30744 -1.79667
-4.02655 0.54225
-2.6206 0.327092
-4.20123 0.993814
-4.36869 0.134901
-3.92251 0.540589
-4.54482 -1.0121
-4.69061 1.40492
-3.68649 1.10505
-4.43272 0.0808748
-4.52037 1.13915
-4.09652 0.0984615
-4.14763 0.551245
-3.58379 -2.79215
-4.52236 -1.41877
-3.77763 -0.716057
-4.53649 1.90045
-4.07984 0.514171
-4.74346 -0.904471
-4.24963 -0.55623
-3.06523 1.43949
-2.58549 0.708003
-4.78572 0.303638
-4.27116 -0.522739
-3.78549 -0.152654
-3.76016 0.295786
-4.91166 0.139978
-4.34101 0.0872549
-4.60349 -0.283507
-4.78493 -0.12474
-3.96684 -0.895621
-4.674 -0.486104
-4.30879 0.128191
-3.52666 -0.216894
-4.67294 0.480401
-4.47697 1.0935
-3.70403 0.256206
-4.66231 0.507115
-4.74975 -0.211845
-4.81528 -0.97235
-4.505 -0.240472
-4.33189 0.031579
-4.44674 -0.689911
-4.03301 -0.150494
-4.71461 0.0666219
-4.9252 0.362362
-4.3924 0.496357
-4.33681 0.566687
-4.82771 0.10926
-4.46892 -0.375165
-4.78346 -0.275258
-4.86173 0.180678
