0.224364 4.14632
3.91037 -1.3575
-0.61236 -1.462
-1.44243 3.51378
-3.00059 1.95417
-3.10515 0.0284305
0.461429 0.485851
-2.24338 -2.34838
-1.43257 3.99496
-0.384384 -2.05192
0.882204 -0.339936
-0.381123 -3.28032
2.6613 3.77446
-2.64182 -2.29253
-1.3316 -3.26197
1.48009 0.14624
-0.471727 -1.07895
0.85013 -4.10361
-2.18043 -0.476504
-1.79998 -0.813959
-2.1974 -1.5552
-2.07857 0.576897
-3.05662 -0.91002
0.412293 4.97081
1.75634 -3.92097
-2.78185 1.13049
1.4224 3.5019
2.32044 2.62802
3.47387 -2.80686
4.21509 2.21796
-1.98631 1.97397
2.09008 1.99204
-1.8535 3.55956
-1.29053 2.53693
-3.00073 -1.04465
-3.69123 2.73436
-2.3983 2.32757
-1.6772 -3.56584
3.76334 2.39706
-3.41201 -2.33936
1.78919 -3.95922
1.43596 -1.47195
0.579713 1.01452
4.01761 2.50482
0.641134 3.94577
1.78802 -1.03761
-1.55904 2.68398
3.49454 2.01657
-4.43934 2.13458
-2.98403 -3.51105
-0.877135 -1.22395
-1.66922 2.79582
1.53224 -4.67724
0.035682 1.68474
-3.91628 -2.12601
0.532723 -4.93801
0.568651 -0.317334
-1.14617 2.84193
-3.81663 -2.03563
3.23991 -1.60267
3.67062 -2.86584
-0.0921421 -1.17961
2.73933 -3.5649
-0.464467 -2.51533
-2.55749 -3.25728
1.74108 -3.97312
-1.27674 -1.12469
-0.614182 2.28052
-2.21543 -0.509561
-4.65412 0.621574
-1.08629 2.55618
-3.07426 1.14212
2.52462 3.46562
-3.4227 -0.711396
-3.68532 0.0748533
-0.451947 1.05114
0.347026 4.4759
-4.33051 -0.0462406
-1.00734 1.321
-4.19548 -0.81714
0.62549 -2.6777
0.192086 3.55975
-3.37127 1.26604
1.39153 3.83056
-4.23663 -1.40236
-2.93453 1.17121
-0.0281661 2.88161
-3.34801 -0.372209
-3.33292 1.80084
1.99838 -2.66182
-3.34036 -0.712906
1.44424 0.273046
-0.756596 1.29806
-3.593 0.585561
-1.21775 1.67056
-4.59412 -0.566283
-3.67886 2.30267
-0.533791 0.123694
-0.000180893 -0.389305
-2.99897 -3.82844
-3.38037 -2.70055
2.80275 2.89296
-0.63121 3.22666
0.430569 2.99776
-2.02702 1.753
-1.22488 -1.36119
4.1027 -1.21247
-1.65564 -1.04558
-0.820976 1.7459
3.30829 -3.19414
-4.11996 0.713273
-3.89063 -1.84521
-2.14281 0.38208
-1.12875 1.22433
0.232239 -0.588015
3.97727 -0.347202
-3.37381 -2.48108
-4.16056 0.0106229
1.74234 1.98461
-1.17087 3.8256
2.61146 2.19889
-2.32653 -3.60179
-0.555203 2.55639
-4.09377 -1.93672
-3.49713 2.21806
-4.19091 -0.295681
-3.02875 -3.29528
-3.57977 -2.56488
-3.19838 -0.521346
0.738879 -3.24651
1.43368 3.57589
-3.21628 3.24488
-1.98794 -3.44049
0.440507 1.03954
-1.79469 3.12072
1.85892 -2.39987
1.06226 3.309
0.438837 -4.01419
2.62177 -3.83396
2.42605 -1.70947
2.33199 3.96351
-1.05915 -3.02358
0.203753 -3.47555
1.59195 -0.696744
-2.72778 0.83273
-0.434801 1.90205
-4.13801 2.37054
0.300519 -2.48708
-1.05647 2.15481
-0.538045 -4.3719
-1.88544 -0.60272
-0.683079 -0.354504
-0.960445 -2.12406
-2.05942 -3.66585
-3.77314 -0.490219
1.30351 3.99963
-0.809941 1.15037
-2.86456 3.39198
-0.979842 -4.23218
-0.137985 -0.115733
-2.46002 3.82906
-4.21322 -0.492126
2.65793 -3.72543
-4.4686 -1.5312
-3.23506 -0.405068
-0.834278 -1.43055
1.90122 -0.564171
-0.783621 -0.879656
-4.12698 -2.77816
-4.78578 0.206419
-3.84983 0.224443
2.18831 0.917864
2.39297 -1.72568
-1.32511 -1.62736
-4.64564 1.75442
0.179678 3.86085
3.40076 2.91692
-2.41151 -2.8647
1.86054 4.35129
-0.756602 3.60005
-3.48776 -1.036
2.05505 -1.71995
-3.96938 -1.97866
2.27382 -1.08896
1.70581 3.25564
-3.90926 -0.218939
-1.34355 -4.35413
2.77055 -2.23664
-4.07427 0.224646
-3.40199 -2.3852
4.21038 1.45586
-2.50014 -0.79507
1.01613 -4.07529
-0.756925 3.52144
1.67778 -1.97685
-2.70701 1.22856
3.8021 2.19084
-1.84948 -3.21056
2.57148 -1.84084
-3.24601 -2.62864
-3.43211 1.35536
-1.49976 0.31345
0.262098 -2.75666
-4.68045 -1.12552
-1.23434 3.86729
-4.04493 -2.64141
3.03408 3.66357
1.85733 -2.798
-2.35699 0.0643905
-2.24216 -0.130528
-0.0881353 0.0313666
-0.545275 -1.36337
3.57103 1.12897
-0.523802 3.25873
-1.0543 0.294813
-1.45603 -4.09209
-0.718931 3.92398
0.37715 -2.85254
2.12414 2.20271
-3.48877 -3.01348
-3.91955 1.33074
3.65924 -2.78514
-3.46395 -3.49984
-2.54445 -3.30107
-2.90929 -4.01155
-0.681801 -3.9535
0.932324 -0.624437
2.71673 -3.73387
-1.15978 1.69515
3.27795 3.64134
1.16495 -0.674632
-2.16713 -3.82204
-4.3106 -2.43083
-2.75017 3.21201
2.03467 0.280467
-1.95308 4.36024
-2.19419 3.50902
-2.04712 1.94941
-3.34984 -0.861942
-1.03108 0.517883
-3.86944 -0.894129
-0.0749391 3.00202
-4.5189 1.86817
-0.130123 2.42875
-0.797906 -0.628147
-1.64511 1.37074
-1.53614 3.9799
-3.16861 1.23122
-0.421503 -4.93195
0.179207 -4.01244
-4.52151 0.966988
-1.53048 -1.91876
-3.09798 -1.37974
-1.28069 -3.38864
-4.4729 -1.4507
-2.99273 0.800819
3.38593 2.36615
3.77808 -2.4483
-1.0903 1.14277
-4.04004 -0.676834
-4.1704 -0.420277
-0.199149 -1.55049
-3.40539 -1.97105
2.5417 -0.296564
-1.43049 -1.40722
-2.76034 -0.308771
-3.95785 2.77991
-3.33535 -2.22402
-4.90597 0.0986852
-1.72073 2.05721
-4.49687 -1.59574
-4.25989 2.53507
0.595039 -1.11334
-0.686172 -1.70486
-2.02233 1.82776
-1.99019 -1.58726
-3.7169 0.546565
-1.33168 -2.80196
-2.9904 -0.756729
2.57775 -3.2151
-4.45333 0.927635
-0.177158 4.2409
1.99134 3.68507
-3.42304 -0.447396
-2.09281 2.67012
-3.23716 1.29743
-0.927193 4.63707
-2.01701 4.15365
0.834143 0.975718
-4.5053 -1.69941
2.72252 -2.361
-1.87277 1.97544
-3.61139 2.0125
-3.82814 -0.992027
-3.0736 1.1442
-1.08196 -1.33701
-0.702186 -3.98542
-4.71968 1.53923
-3.95274 -1.29694
0.317391 -2.75716
-3.71779 -2.34765
0.202673 -2.89302
-2.13257 -3.46793
-3.63614 2.53877
-1.36999 2.50998
-3.79209 0.872505
-2.20504 -2.2148
-1.29056 3.93383
2.46894 -3.56671
4.31877 -0.704575
3.39179 0.85716
0.870006 -3.16136
-1.86545 0.661812
0.870667 4.29467
2.80061 -3.17188
-1.18072 -1.00112
-1.27137 3.33898
-3.24542 -0.188894
-1.318 -3.27895
-2.78019 -2.93287
-4.77814 0.344032
2.04986 -1.89022
-2.02133 2.26505
-1.90298 0.500297
0.865622 -2.73286
-4.17664 -0.437047
3.88098 -2.39354
-2.91127 -0.137424
-0.645778 1.66184
-1.29954 -2.92715
-0.965558 -4.64227
0.294158 1.55622
1.37083 4.1392
-1.86316 -0.604624
-0.0486428 0.355776
3.57861 0.3548
-0.709377 -3.55097
-2.15276 -3.32391
0.0723996 -0.632843
3.91881 0.923221
-3.91475 0.529753
2.05361 3.34934
-3.13213 2.31474
0.903142 -3.79286
1.26335 2.02236
0.812082 2.7824
-1.55025 -1.57299
-4.04022 -2.43914
-4.31075 -0.178613
-1.35856 1.26522
-3.05582 1.37326
0.115164 3.38622
1.48021 -3.67834
-0.174289 2.83937
-3.83907 2.17802
0.38381 -3.91882
-3.71282 1.74412
-2.08715 -0.230072
-0.217438 2.80308
-0.349719 1.66395
-4.19095 -0.132339
-3.68283 1.53144
-0.718378 4.25205
-0.640955 -0.743275
-0.049905 4.69257
-0.478736 -3.79994
-3.18027 -3.05751
-0.412768 2.32583
-2.64739 2.83703
0.731948 -3.37051
-2.37447 3.6588
-1.61593 4.47017
-2.02649 -1.14014
-3.70624 -1.98125
0.679978 1.50711
-2.1269 0.323129
-3.48058 2.52709
-1.92902 0.861489
-2.11883 -4.0378
-2.68456 -3.29487
-2.70997 -3.83966
1.21534 -2.46401
-4.54021 1.70475
-3.39288 3.15334
-2.46816 -1.71199
0.869707 -4.91707
-3.79404 1.92748
-4.74312 -0.888164
-2.57305 -0.660423
-0.0238768 -4.54975
-2.07611 -0.606458
-0.642234 1.77562
-0.622972 -4.94721
-3.08775 -2.12751
-3.87058 -2.24519
-0.279932 -3.48798
0.190871 -3.75726
-0.877952 -4.73703
-2.66563 1.3743
2.92325 -2.22196
0.94997 -0.874235
-3.38199 1.10877
-1.16148 4.5481
-1.98059 0.634632
-1.30324 -0.451034
-1.43564 1.21616
-3.64892 1.03527
-3.71183 -0.656245
-0.558495 -1.40061
-0.115842 -2.4007
0.644095 4.8938
-3.38594 -1.18604
-2.40187 -1.41499
3.23792 1.31033
-1.30051 0.588288
-1.56869 -3.01799
-0.762921 1.36544
0.244911 -0.179222
-1.04003 4.48132
1.1773 3.18064
-3.36584 3.4283
-1.4181 -1.15438
0.525066 -0.571498
-0.466978 3.31184
-1.17339 -3.15935
0.918865 -1.7654
-0.838331 -3.90561
-0.906253 -1.6036
-3.73734 -0.858058
-4.75251 0.962881
0.787238 3.76429
1.83171 -3.14571
1.42636 -4.39361
-1.43987 -1.94183
-0.0907404 1.23294
0.26289 -2.70696
2.25766 -2.25327
-4.03894 1.10029
-0.286672 4.42831
0.806373 -0.966433
-1.22784 0.926489
-1.15034 3.49843
0.659805 3.66208
-1.25613 -0.648927
0.735992 0.258649
-0.760026 -4.18998
1.18363 3.15848
0.206197 -1.01189
-3.18115 -1.05741
-1.09363 4.15691
-0.27357 -4.24115
1.55069 -1.82946
1.07312 3.24672
-2.06708 -1.71138
-0.918837 -0.888378
-4.48157 0.0168069
0.314335 -3.53976
1.35268 -4.32047
-4.43894 -1.34922
-2.00733 4.46119
-3.33457 -2.04129
-1.0256 0.783417
0.698586 3.42982
-3.56864 3.32726
-0.249858 2.49038
-4.50573 -0.150885
-4.39772 -0.429012
-2.30094 0.65
-2.15 -0.0419998
-0.119528 -1.26594
-4.27145 2.07072
4.43189 0.0906246
-4.23701 -2.2402
-4.193 1.38822
-4.06754 -0.670295
0.405122 -4.67604
-0.670467 -2.76488
-0.756505 -0.649376
-1.54343 1.39894
2.5588 1.68168
-3.87588 -0.840791
-1.37253 -0.998737
2.04385 -0.980086
-1.51095 2.34453
4.46154 -0.699005
2.04669 -4.21221
-4.41388 0.993858
-3.52354 -1.25239
-1.92722 0.557239
-3.62403 -3.2723
-4.33751 1.42079
-3.38531 0.584603
-0.341578 -3.79607
-2.52541 2.6299
-4.9516 0.628324
-4.34676 2.028
-1.50108 0.736699
-1.64802 1.19215
-2.5181 -4.12821
3.535 -0.829891
-1.86156 2.78538
-3.76445 1.29511
-2.37304 -3.1336
-2.92659 3.38839
3.26736 0.429861
-1.73408 2.69911
2.21944 2.87088
-4.01145 1.82353
3.73709 -2.16943
-1.71582 1.45547
-0.281017 -3.1497
-0.865449 3.05047
-2.87038 -1.37302
-1.54443 -1.24714
-2.38789 -1.08763
2.50003 2.49758
-0.497098 -1.50538
-2.64695 -2.87525
1.5979 -3.5744
1.38607 -1.66255
-2.23761 2.07913
-1.60333 0.902211
-3.81679 2.39449
-1.3699 -0.544778
-4.34548 2.22995
-1.84128 -0.171471
-3.57116 -2.62075
1.65311 2.94354
-0.976227 -3.52069
-3.18921 3.54073
-4.70121 -1.43858
2.21234 -1.05228
-1.79701 -1.92446
-2.72693 0.733614
1.83366 1.26533
-2.79125 3.96536
2.40121 -2.68349
0.99388 4.57702
3.34479 2.91934
2.94711 -2.63771
-4.0962 1.6729
-2.18681 0.246887
-2.5959 4.24219
0.316972 -4.61763
-1.40138 1.04572
1.8993 -0.562138
0.751191 3.75671
-2.15535 3.34077
-0.127695 -2.08007
-4.48706 2.13164
-2.83584 0.477284
0.942104 -4.8277
-0.439422 -3.63595
-1.87769 0.965599
1.2316 -1.18174
1.80152 -2.98444
-4.56295 -1.51046
-0.259589 -0.721067
-2.55646 -0.788032
1.75517 -3.75053
1.12254 4.857
-2.44076 -0.613544
-4.50048 1.50425
-4.82225 -0.592231
-2.52887 -0.536085
3.57793 2.78073
2.78212 0.644342
-0.683215 3.74977
-1.48301 3.46301
-2.8506 3.12072
-2.20517 0.9725
-3.04842 1.36779
0.249086 -2.46242
1.79395 -1.11976
1.81716 -1.557
-1.54865 -2.14763
-0.288032 -1.96262
-2.27806 -3.88794
-4.85301 0.11447
-4.84623 -0.586101
-3.55869 2.98128
-4.26336 0.287417
3.13242 -2.96006
2.29806 -4.16763
1.71484 -2.25629
0.393755 -2.76498
-3.62929 -0.571408
1.13372 3.94461
-3.81949 2.52673
-2.55267 -2.11376
1.09656 0.0181574
0.397052 -3.42066
-4.39762 1.19304
-0.110209 -0.0342993
-4.34876 1.21407
2.21561 -1.97669
-4.58774 -0.782715
-4.86708 -0.286819
-4.08721 -2.67212
0.327771 -4.74125
1.29676 1.02595
3.27025 2.72033
0.117637 -1.70244
-4.70003 0.867411
-0.0461802 4.88178
2.02943 2.13116
2.34001 3.91616
-0.0950421 -3.66983
-0.129763 0.750834
2.87077 -2.85581
-1.82048 3.86296
-2.79862 0.96871
-3.11185 1.23986
-4.74004 -1.53489
-2.79706 0.913428
-3.71881 -2.36755
-3.059 3.24039
-2.0614 3.34516
-3.77726 -0.650385
1.17653 2.70206
-2.19913 4.10356
-0.110043 -3.68641
-3.70683 1.2347
-2.48431 -3.5833
-0.219254 -4.99461
4.37623 -2.28087
-1.45427 0.846622
2.34676 -0.861267
-0.147034 4.8813
-3.35978 1.76184
-3.75983 2.35285
-2.59536 -1.88266
-0.0316551 -0.575923
-3.18499 3.54867
-4.67439 1.49853
-2.06614 -0.0605131
-0.523819 1.74021
-3.42349 2.10047
-1.73245 1.13854
-4.54849 -1.258
2.26224 4.29968
-4.34497 -0.445223
-4.54736 1.9206
-0.246879 -1.32443
-2.99026 1.74155
-1.41051 2.09177
0.405634 4.56872
0.253172 4.16665
-3.94955 -0.842296
-4.77032 1.08616
-0.244697 4.3391
1.656 -1.11155
-2.98852 -2.56277
-2.81558 1.72552
-3.45978 0.805893
2.57552 -3.36937
0.562575 -2.64233
-2.91184 -3.72906
-4.42407 -0.287149
-2.39971 -2.90764
1.39551 0.502002
-2.21571 3.46734
-0.0506898 2.23746
-3.30144 -0.995395
-3.90678 2.7997
-2.49622 -0.300541
-4.14429 -2.26742
-0.00423485 -1.96871
-0.396637 3.77743
-0.538756 -0.169345
-3.23734 1.45536
0.767469 -2.38599
-1.84589 3.04601
-1.72413 -0.85993
2.5235 3.01661
-0.206067 1.54793
-2.02949 -4.13877
1.68909 -4.23893
-3.16983 -2.01006
0.490035 2.51492
-3.77843 -2.41802
-3.81309 0.676976
-1.20071 -2.77193
1.07437 3.35467
-3.00402 -2.90062
3.77699 1.76339
-1.30787 0.338962
-0.680298 3.41563
-2.49242 4.28477
-4.20025 -0.872065
-3.14796 -0.182449
2.95272 -1.6905
-2.89833 0.525372
-1.79843 -0.5874
-2.34651 -1.54077
0.857582 0.492321
-0.145093 -3.92397
1.05118 2.42845
1.96642 -3.59782
-0.551643 -0.183175
-0.0455404 0.992734
0.736909 -0.577716
3.05208 -3.19946
-0.351982 -3.46108
-3.84486 -2.03707
-3.52053 3.0606
-4.1301 2.75767
-2.90042 2.77037
-1.75273 -3.16034
3.63536 2.85379
4.67612 -1.33491
0.79954 -4.68055
0.376469 1.31281
-1.00061 -0.707636
3.34608 0.879185
1.2006 4.81206
-3.58123 -0.39356
0.394311 -1.86312
-4.22644 -2.00082
-0.571038 2.75617
-1.48296 -1.17785
-4.27743 1.89648
-1.92557 -0.278702
-0.230546 -4.38274
-3.5629 0.485074
-1.89571 -3.72379
-1.19872 -3.92742
1.93014 2.17146
-1.31542 -1.8344
4.51583 0.92077
-0.161715 -3.32427
-4.5528 0.601839
4.92058 -0.344788
-0.384006 2.01514
-0.222136 0.827754
1.41276 -1.09725
-2.68128 2.61099
-2.69975 -3.6158
2.15671 2.1115
-3.95249 0.439075
-0.69584 -4.32215
-1.36394 4.35463
-3.75967 -2.97465
1.66131 4.60371
-1.416 -1.26331
-3.54691 -0.632001
-4.49783 0.777248
0.0134736 -2.0864
-0.296551 -3.49364
-1.07732 -1.981
-2.63798 1.12974
-1.73167 4.06863
-1.40693 -3.5617
1.7878 1.61146
-2.38324 2.63301
-1.81219 -0.231213
-0.359402 0.390317
1.7017 -1.83287
3.10162 -3.17018
-3.40573 0.381237
-0.317762 4.1668
-0.62406 -2.90928
-0.561183 -3.70362
-3.20426 -0.259147
-0.387877 3.29183
3.97232 0.723154
-3.25421 -3.77871
-1.1286 0.781077
-4.95519 -0.642538
-4.68426 1.16786
3.66944 2.00711
-1.44187 0.106982
-2.90032 1.99349
-2.64543 -2.64222
-0.286985 1.37852
1.28279 -0.991686
-0.475848 2.31994
-3.19081 3.72049
3.05997 -2.85889
-2.31157 -1.96132
-2.0644 -1.26015
-4.09652 -1.4623
0.774748 0.891508
0.0880529 -3.53176
-1.31544 0.386724
-3.69548 -2.9661
-0.142858 0.977416
1.75971 1.09951
-2.61093 1.48592
-0.288749 4.96252
0.650692 2.03999
2.16917 1.29434
2.66172 3.82897
-1.51785 -0.433381
-2.23858 -0.71824
0.678048 -2.26266
0.415637 -4.18512
-1.83222 -0.97312
4.48403 -0.0697948
-4.1155 0.680201
-1.36439 1.08882
1.12062 3.89953
-2.95518 3.94297
1.89217 -0.244352
-2.24037 2.26158
2.72358 -1.43389
0.805763 -2.24445
-1.42994 0.859728
1.56238 1.13253
-3.24535 -3.4092
-4.23625 -0.817958
-2.23889 1.1328
2.43885 4.27183
-2.69251 1.06455
-1.99279 0.528409
-2.22379 -1.38508
0.120051 -4.81542
-1.9244 3.53789
1.70743 0.955517
-0.366848 4.8406
-3.61754 -1.87787
3.83913 -2.83772
-2.57157 4.10608
0.260317 2.64803
-2.35537 2.09078
-4.12423 -1.54882
-0.745946 -3.65583
-4.55774 -0.389914
-4.19431 2.5188
1.68672 -0.560998
-2.66309 3.37423
-2.70427 -3.0022
-3.69244 -1.24862
-3.96785 -0.0211147
2.90911 3.89766
0.877319 -1.08951
1.79284 0.250483
-3.04695 -2.23683
-2.94962 -0.228532
2.26149 -4.01439
-1.71546 -2.98472
0.11028 -0.21513
-2.98497 -0.593405
-1.19816 1.54042
-3.15131 -1.92652
-0.60658 1.96387
3.34686 3.01019
-1.24808 -4.26846
2.24988 -4.111
-4.36394 1.0916
2.23794 1.72374
-2.18633 2.67962
-4.16879 -1.21347
0.0294352 0.904093
-3.25415 2.70677
-4.85014 0.246903
-3.62485 -0.295945
-0.864502 0.789778
-0.969778 4.796
-3.3922 -1.74606
-2.05927 -2.82852
-2.95613 2.4417
-4.12041 -1.65902
-1.67479 0.0254889
-1.44274 -4.21879
-3.75817 -2.31188
-4.17767 -1.0712
-1.88553 3.53934
-0.970178 3.27391
-1.35537 1.63111
-2.87101 -0.272903
-1.85897 0.517022
-1.92196 0.242033
-1.177 4.23426
2.05624 -2.46319
-2.11095 3.46818
0.176149 -0.670389
-3.66995 -2.68675
2.18456 3.61767
-4.50492 -0.928965
0.23879 -2.78861
2.20208 4.03172
-3.19272 1.55286
-3.62028 2.73794
1.89479 3.06952
2.38918 -0.335573
-0.391765 -2.83953
-3.79384 -1.51579
-1.46272 2.27933
-0.643018 4.63854
2.72544 -1.2814
0.191212 0.298806
4.12683 1.23684
-1.05914 0.733456
-2.15567 3.66215
2.44772 1.69089
-1.97911 -0.332484
-3.62396 1.55145
-1.84769 -4.38607
-3.66267 1.07736
2.50957 2.02639
-3.55586 -0.789568
1.55314 -4.68768
-0.590353 1.5877
-3.33698 -2.99205
3.43442 -2.81506
-1.78264 -2.81598
-1.97876 -0.814102
-3.27527 1.46254
-0.26997 -3.52634
-3.27046 1.8369
-4.8692 -0.177696
-3.75407 -1.65008
-0.764444 1.22311
-2.35059 3.8268
-2.53904 1.13249
1.56384 1.20251
-2.81038 -0.0501165
-0.749046 4.85497
0.869066 0.507474
-0.0193388 0.0105937
-0.343112 3.73918
-2.17395 -3.5581
1.87146 -2.81366
-1.76906 -2.07847
0.0839812 4.50416
-3.50965 -0.395572
-3.10807 -2.58923
-3.79026 0.510999
-0.705739 -2.14482
-0.989266 2.12464
4.26508 0.289176
-3.10499 3.91542
1.98031 2.24583
0.101656 -2.89215
-1.92121 3.91071
-4.36753 0.179211
-2.76979 -4.15642
-3.76902 1.6034
-3.82905 -0.972761
-0.361885 -1.16791
-1.90716 3.63495
1.28432 -0.866323
-0.142653 3.29894
2.76543 3.78117
-2.14469 -1.64294
0.255269 -1.75258
-4.11457 -0.826523
-4.76349 -1.46619
-2.40826 -1.84292
1.00561 -2.19082
2.95272 3.01925
-4.73059 -0.548542
-2.84463 1.42333
-1.4188 1.7916
-4.0625 -0.529165
3.4206 -3.35761
-0.379952 -1.46283
-4.92673 -0.208832
-0.528446 3.60164
1.88983 3.45216
-2.2207 -3.35495
2.47434 2.04601
-0.706573 -3.46401
-0.504177 0.873848
-3.67017 -2.47604
3.2316 -3.48213
0.396045 -4.01225
-2.24685 3.42554
-1.90967 -4.07291
-3.53373 0.0731087
-4.68543 -1.71851
-4.21029 1.09078
0.0983788 4.84293
-3.62056 2.84423
-3.86009 -0.428343
-3.46968 -2.34052
-4.35634 -1.98657
1.826 -1.62217
-3.64918 1.33701
-1.22077 -0.22129
2.28213 1.12669
-2.13208 -4.2445
-4.41125 -2.10941
-1.52148 -4.46424
2.98967 -2.24285
-2.12661 1.78835
0.0957941 0.856428
1.19618 2.1332
-3.35417 -1.89399
2.35437 2.45394
4.18475 2.12188
-0.324482 -4.9373
-2.73621 -2.51658
0.767715 -3.35923
-2.24859 1.99818
-4.74068 -1.17745
-3.97251 1.63471
-1.19889 -3.32091
-1.13693 4.14914
-3.85229 1.86422
1.4489 -2.89412
-2.21684 -0.0973935
-3.64341 -0.20106
4.91297 0.566195
-3.00394 3.85014
-3.59477 -1.28709
3.99755 -2.1623
-1.13994 -0.255445
-2.75252 0.185619
4.70975 0.251378
-3.28329 1.93695
0.744794 2.38146
-4.13612 -2.51795
1.30114 4.4909
-3.21836 -0.705332
-4.75603 0.281527
-4.14735 -1.9727
-3.784 -2.40049
1.68071 1.21749
0.487505 0.631415
-2.42792 2.53578
-3.30514 1.9945
2.03527 -3.23434
-1.37021 3.90482
-3.47621 1.84928
-4.51723 1.24291
-4.2816 -0.358173
-1.18005 1.4199
-1.8565 -4.35192
0.461432 -0.395381
-2.38066 -3.4441
-1.36615 -1.55647
-1.76786 -1.7556
-0.0172039 -1.16633
0.546843 2.16905
-0.781959 3.78411
-2.47722 -3.54915
-0.0659034 -2.46033
1.1321 -1.31846
-3.075 0.971904
0.342335 0.566005
-0.967959 -1.25342
-1.25516 3.47367
-1.31636 1.58383
-0.152665 4.5916
-3.88252 2.19373
0.151041 -0.574868
1.53435 -3.64297
-4.33976 -1.83683
3.66205 -1.72647
0.780855 3.80749
-1.03344 -3.33699
-3.93696 -2.60954
-1.04601 3.08197
-1.77437 1.93812
-1.3322 -3.01386
-2.05021 1.11638
-1.13351 -2.60087
-3.0914 0.996952
-2.55432 -2.63438
-1.64061 2.95707
-3.45681 -2.45844
-4.02136 -2.17892
-3.50661 -3.48015
-4.66431 -1.79945
-0.636169 -4.20841
-2.84427 -1.76009
-3.09192 0.521401
0.263111 1.10847
0.976029 1.27034
-0.754874 -1.10361
3.08572 3.4772
-1.48274 -3.78805
-3.73997 0.532587
-3.74329 -1.25324
-1.73798 -1.86678
1.21557 1.47416
-0.649642 -2.08856
-0.71968 -2.93638
-3.70597 -2.89361
-1.93688 2.52188
1.33231 3.34698
-2.2316 -1.63687
3.05497 -3.81432
1.41 3.84314
1.23554 3.20229
-2.88996 2.62873
-2.98872 0.626221
0.17755 0.476447
-0.994541 -1.73436
-0.998283 2.44119
0.0212986 -2.0758
-1.76517 0.396739
-4.72193 1.51536
-4.9973 0.133553
0.201844 -1.18121
-1.0607 1.64761
3.28268 -2.75451
-3.62127 -0.244772
-3.95114 -2.09177
-0.284562 -0.375357
-4.55345 0.445834
0.372426 -4.81005
-0.240352 -3.26904
-0.622265 4.07848
-1.15961 -2.98676
0.970224 2.79489
2.41642 -1.79799
-3.90039 1.05849
-3.50554 2.38702
-0.13116 3.42693
-0.501689 1.06908
-0.506475 -2.27994
-2.86953 -2.37713
0.0761082 -0.188157
0.88081 4.15561
-1.17938 -2.49139
-2.955 1.35635
-3.05961 2.23626
-1.87011 1.67264
2.3595 1.6719
-2.25203 -2.96609
-2.28444 -2.09189
2.58578 3.30788
-0.945536 -3.30758
-3.05837 -0.949991
3.77122 1.64083
-3.74497 0.565172
2.54326 -1.32787
-3.32028 -2.04533
0.251552 -3.79283
-1.63847 -4.67686
-4.92696 0.438012
2.23958 0.328557
-3.56915 -0.207275
3.30138 1.20794
-2.46463 3.52038
2.86751 3.37048
-2.08163 -1.69398
-1.67312 1.54104
1.8044 4.11177
0.243153 -4.4871
-3.42045 -2.4304
-1.49968 0.645907
-1.7222 3.45061
-2.8567 -1.3524
-2.46083 -1.97706
0.627468 -2.97574
-2.88902 -0.889421
-1.57287 1.96022
-2.80385 -2.96501
-2.13902 0.992821
-0.484611 2.55714
-1.54676 -1.91378
-1.43851 1.93595
-0.339771 4.92543
-2.46317 -0.289877
-2.66054 -0.648555
-0.939229 3.33057
-1.24625 1.57568
2.9901 -2.20883
-3.95471 -1.06635
-0.611369 -3.97038
-1.53667 -1.72768
0.0088935 -3.28405
-0.714564 4.83056
0.39405 1.48339
-2.68567 -3.80974
-3.87229 -2.35653
1.61977 4.10068
2.05513 1.61707
-3.98336 0.618624
-2.40339 0.433823
2.55583 2.45884
-3.10964 0.221787
1.81455 -4.0101
-4.00502 0.16447
-2.51077 1.62486
-1.04584 3.72763
-0.858349 4.41551
3.30256 -2.6345
0.547838 -2.16407
-3.28733 3.0754
0.776889 2.22674
1.66653 -4.57122
1.71016 3.33582
-1.8671 4.27153
-2.00378 2.19091
2.15789 -1.21956
1.78779 -0.393805
-2.28028 -2.65687
-1.50681 1.45072
-2.30414 -2.63366
2.75006 1.03305
-1.528 -4.36807
-3.40163 -0.0372898
4.40768 -1.71568
-3.64563 0.907696
-2.07373 0.448762
4.558 -0.188528
0.514524 1.95977
-3.18452 1.15262
-3.92775 -0.390421
-0.132607 -2.53607
0.954872 3.84163
0.560346 -4.89614
1.76286 -3.84042
-3.78535 -1.68363
-3.65182 -1.7496
-2.71961 3.24357
-1.65748 4.67325
-3.09818 0.526055
-2.27126 -0.0390195
-3.2882 2.78485
-2.84141 3.06089
-4.4982 -0.873579
-2.87879 -2.33446
-4.02239 -1.76203
-0.17188 -1.99526
0.679479 -3.90143
-3.06732 1.54673
3.19898 2.98656
0.445481 -4.30565
-1.71386 1.47488
-3.71235 -2.77281
-1.95157 -1.05456
-0.817479 4.03014
-3.87861 1.72367
-2.7302 2.14254
1.58757 -0.885483
0.682469 -4.25518
-0.396166 2.44016
-0.368329 -0.999407
-3.63776 -1.39511
-1.42359 4.4656
1.9679 4.44699
-1.57957 -1.56273
-1.13988 -3.23934
-4.50574 1.80291
-1.07245 4.2544
-4.24881 -2.28475
-3.63054 -0.103268
-2.63437 -2.3999
0.383113 -2.67207
-0.837807 0.185486
0.262899 -4.31196
-4.78008 -1.3465
-1.58381 -2.18852
-4.25004 -2.01875
-3.17463 -0.254888
-1.71412 4.2148
-1.02731 0.334946
-0.20447 -1.38917
1.03891 -3.01784
-1.46189 1.15312
-2.48887 0.236025
-3.27097 -0.520224
-2.02629 -0.513249
0.414662 0.0421521
-1.21244 -0.260434
-3.3691 -1.47264
-1.851 0.770216
1.13618 -3.65193
-4.47568 -1.17992
-2.66539 -1.4868
-3.33917 -1.51458
-4.02038 -2.19559
2.86286 -2.82867
-0.0985741 4.36968
-3.35901 0.12838
-2.00066 -0.405557
3.08639 2.35841
-3.88101 -2.48761
-2.36203 0.196323
-1.22924 3.19564
-1.44022 2.14321
-1.65137 3.95717
-2.50486 -2.50047
-1.47136 -3.61614
1.59569 3.66309
-3.92167 1.53866
3.13543 -3.00755
3.92059 -2.6609
-4.09885 -1.33906
-3.3943 -3.54107
-4.09229 -0.293159
-1.78019 0.853369
-1.66223 3.99408
-3.28581 -3.5089
1.41128 -1.51548
-1.09372 4.74207
-4.82233 0.348946
-3.46538 -2.49627
-1.43496 -2.20882
-1.84988 -2.63535
-2.71246 3.73762
-4.41667 2.00109
-4.37132 0.264812
3.88446 2.50864
0.142526 -0.210503
-4.13381 -0.585196
-2.63278 -1.45266
-3.17661 -3.21508
-1.28957 -3.69884
0.0295445 -1.68994
2.43258 4.04746
-4.4732 1.44717
-1.67132 -3.0687
-3.97437 2.68902
-2.01061 0.484829
-1.01752 3.24828
0.211359 4.1461
-2.2839 3.01985
-4.4405 -2.04845
-4.34842 -0.20982
-2.10237 -2.4376
-1.60694 -1.65426
-3.31542 -2.08127
0.686111 1.73269
1.48431 4.38273
-1.14568 1.34452
-2.05679 1.24808
-3.45415 -0.453956
1.06985 0.402146
-3.28156 -1.10003
-1.21313 2.84804
-4.30702 2.20762
-3.03395 -2.609
-1.28208 4.27538
-2.78419 -0.0502925
-2.657 0.168404
-0.300027 0.350296
-3.04478 -1.0669
-3.46896 -0.0121333
-3.69002 1.19568
3.24263 -3.32184
1.09028 -4.1197
-1.12356 -0.405595
-0.266584 -1.71569
-1.43857 3.45589
-3.03822 -2.04609
-0.922357 3.44937
-4.46435 0.659535
-1.05187 -3.7214
-4.37923 -0.960849
-1.91406 1.80754
-4.27049 1.1571
-1.72014 3.84341
-0.952598 0.285282
0.269497 3.22526
-2.10977 -3.73064
3.45076 -0.763344
-3.44642 0.428711
-4.56065 1.57054
1.00966 -2.13474
-1.30895 0.269158
-1.77845 3.27681
0.496475 -4.31795
-1.54589 2.82358
-0.371951 -1.69188
-1.79893 -2.20089
-4.3031 0.572647
-4.62984 -0.619509
-0.877536 0.958658
1.22869 0.833039
-3.97462 -2.42514
4.43688 1.74258
-2.8712 -2.28483
-3.5746 1.98015
-3.97515 -0.882257
-2.09584 3.1114
0.0653295 -0.649624
-1.47781 -0.87838
-0.284311 -3.23567
-2.66923 1.70839
-4.20608 2.37324
-2.2309 -1.77606
-3.67901 -2.4733
3.64643 -0.887862
-1.58987 -4.69792
4.18404 2.47374
-1.50102 3.17497
-1.87909 4.36201
0.788536 -3.44749
4.19519 2.30428
-2.60473 1.73203
-2.35142 -1.89139
-1.45152 -2.57901
-4.9148 0.865866
-0.427632 -4.26984
1.53081 0.915622
-0.96301 -1.29615
-0.332764 -3.55201
-1.64765 -3.00284
-2.91215 -1.98105
-0.261311 0.104824
0.57443 1.74721
-3.40026 -3.39446
-0.374528 -4.1066
-2.40884 3.03514
0.929905 0.404359
-4.44692 -0.28833
-4.39169 2.11637
0.50165 0.180886
-1.37591 -3.77724
0.604004 -0.286461
-1.05548 -3.72017
-3.739 -0.536917
1.39154 0.450039
-0.0980299 3.52747
-4.08189 -1.98903
-0.913497 0.964502
-4.28114 1.57396
-1.23859 -0.266582
-1.71548 -2.95439
0.750458 3.13693
-1.83524 0.531609
-1.93246 -1.93807
-1.61308 1.56264
2.23586 4.30735
-4.12399 -0.246661
0.609514 2.07624
-3.96623 -0.707923
-4.35473 2.37302
-0.942376 4.06944
-1.09807 -2.45098
0.232545 -4.29351
3.42115 3.09083
3.19769 2.97601
-3.45733 -2.2813
-1.86062 3.20873
-0.831596 1.84074
-1.61594 -3.11564
0.598517 2.23553
-2.34064 -3.85629
-3.97405 -1.72764
-2.0198 -3.73026
-2.51264 -1.33595
-3.59475 2.30599
-4.11382 -2.67249
2.03899 -2.02747
2.84585 -2.8405
-3.03729 -2.26155
-0.219531 3.7305
1.55474 3.12292
-0.474958 0.952114
1.10436 -3.31357
-0.616146 1.87179
-3.28202 0.371357
0.957547 4.1973
2.52791 -3.01347
-0.229319 4.13602
-0.134963 -3.68726
0.73517 3.22122
-0.968948 3.68691
-3.6281 -1.68019
-2.03262 -0.938977
-2.95426 0.0284863
-3.82289 -2.65698
-0.270566 -3.25761
-3.53822 0.0578716
0.593086 3.59429
-2.89761 0.0713947
-1.14967 4.2857
-0.352744 4.12971
0.889428 -0.133534
-1.25994 -0.107594
-0.251314 1.16517
-2.10081 -3.71101
-3.0827 -3.53818
-2.46585 -2.12795
-2.7779 -1.66374
-0.269722 -2.98695
-4.51167 -1.31158
-0.4394 1.96741
1.25248 -0.0261708
0.0020425 1.51706
-2.44339 4.30641
-1.81762 0.246872
0.382611 1.28707
0.0987212 -3.39917
1.5573 3.14816
-2.46233 0.746476
2.89192 -2.82082
0.37998 -0.468261
-0.330223 0.464313
-1.29042 -4.60207
-2.99784 -3.47242
-1.44355 3.37076
-0.0163416 2.08347
-0.141351 -4.40374
-2.71214 -1.67692
-1.88711 0.0308541
1.26796 2.51697
1.66089 3.38737
1.49189 -2.48159
1.02182 4.78505
1.34792 -4.57961
-3.22115 -2.17144
-4.34583 2.02327
0.200702 -1.58755
-1.97223 -4.22357
-1.62061 3.50737
1.58018 3.80001
0.247343 3.85198
-2.13435 2.37295
-2.09485 1.41829
1.94845 -2.43429
1.74371 4.55815
1.54634 -0.118825
-3.4749 -2.51515
-0.795371 -1.83058
-2.71394 0.0384096
0.679807 -1.66518
-4.01278 -1.33137
0.674826 -2.1405
-2.24225 -3.58682
0.520963 2.2162
-4.6828 -0.0322827
-1.25092 -1.15679
2.77365 2.99761
-3.41488 3.44963
-4.1084 -0.489845
-0.581024 4.68852
-0.449929 1.77666
-0.752848 -2.09624
-1.43998 -0.0693419
-1.96652 -0.189609
-2.63791 0.0830035
-1.6768 -3.16418
-4.39924 2.10319
-0.266738 0.53299
1.83936 4.04885
0.26957 1.68058
1.02137 -4.20534
-3.70653 2.30445
3.27657 -2.64671
-1.23863 2.63654
-1.70151 4.29015
2.70904 -0.976944
3.54113 -2.756
-4.71225 -0.201597
-3.90381 -1.18427
-2.5503 3.35146
-0.827325 -0.310605
-4.44224 -0.646857
2.2564 2.26995
1.55375 0.707377
-1.25497 -4.11699
0.308872 -4.92998
0.751431 -0.962566
-3.00942 0.37815
0.509446 -2.64723
-0.897635 -3.67077
3.76107 -1.61404
-1.2217 2.90059
3.71135 1.42219
-0.184556 4.24382
-4.65278 -0.15908
-1.46897 -2.47999
-2.6779 0.537092
3.34117 3.28784
2.29885 -2.45264
1.89847 0.276375
-1.06443 -0.76298
-4.95088 -0.148255
-0.03642 2.41862
1.62211 -2.46983
-1.38197 2.13651
-0.993256 1.64418
-3.37814 3.3052
-3.78094 -1.06608
-4.64745 1.5469
2.63981 3.79596
1.01491 -2.84657
-3.93943 2.42699
0.631085 -0.457517
-0.817677 -3.73726
-2.8506 3.34685
1.48582 2.89791
-2.15528 -1.9805
-0.657578 -2.52048
-2.49681 -1.94016
1.60738 -0.40897
1.85681 0.844499
-0.00530261 4.86922
-3.93029 -0.190097
0.992708 4.37167
-2.82799 2.20342
-2.64374 -3.80001
-2.84554 0.395099
-3.99318 0.230264
-1.55643 -0.547786
-0.85724 -4.30619
1.2724 -3.79597
4.03881 -0.339319
-0.784825 -4.52608
1.71447 0.263196
0.506684 -4.27373
-0.79699 2.256
-4.03721 1.63319
-4.36447 -0.482498
-1.27716 2.38082
0.607335 -3.39363
-0.805454 -0.497519
-2.55206 3.1851
-0.87395 -0.499406
-3.81985 -0.73088
-0.899509 2.81141
-4.3956 -0.00394796
-2.95777 0.457992
-1.65119 2.88632
-0.976271 -2.89348
-4.2627 0.24925
-0.947198 0.122089
-0.488696 0.61818
-3.98033 -0.700468
-2.8432 1.71037
-2.56214 2.62681
-3.72729 1.26184
-0.475283 -4.55386
-0.563475 -4.82065
-0.478793 2.56317
-2.97553 -0.642613
-2.18592 3.09916
1.02068 -3.00162
0.718947 -4.21172
-0.518042 2.81944
2.88648 1.16848
-1.12309 3.81984
-3.22624 0.685218
-4.08746 0.298909
0.268547 0.544455
-0.219985 -2.1547
-0.690791 -3.9379
-4.63276 -0.246918
0.0204635 0.075874
-2.40247 3.24113
-1.86205 1.4063
1.34699 1.91468
-0.466328 -0.436449
-4.42387 0.399564
-0.744566 0.381494
1.73842 3.1814
0.419127 3.78839
-0.959818 1.89303
-4.29382 0.956462
-1.70581 3.11849
-1.3848 2.31011
2.28815 2.84564
-0.809547 1.55525
1.64141 0.144331
-1.43128 1.17211
0.182763 2.51982
4.94733 -0.548557
-1.16995 1.77168
2.43837 -3.5697
-4.81335 0.623906
-4.18912 -0.241474
-1.92449 -3.46185
-4.27249 -1.99973
-0.970734 -0.653993
-1.69155 -1.99422
0.249028 -0.56626
0.579437 1.60005
-2.1026 -3.04274
1.87928 3.54076
-2.43346 -1.81483
-2.23067 -3.04466
-3.05942 -1.84287
4.47799 -2.05094
-1.77781 0.473712
2.18277 -3.90972
-4.59018 0.380683
-1.52288 3.94992
-4.76954 0.0843052
-1.65042 -1.83964
1.81987 -4.17307
-1.32122 -3.93843
-4.40151 0.386385
-2.32445 0.366824
-2.25976 2.89013
-4.13499 2.34785
-2.59672 -1.49406
-1.34603 2.05561
-1.6773 1.22222
-2.05169 4.22628
-4.01776 -0.492297
3.70372 -2.7254
-2.13107 0.802115
-4.10807 -1.45257
3.43681 -2.48323
-1.62418 3.19518
-2.37512 -0.489264
0.738772 4.80264
3.11694 1.61232
-0.317997 -0.450012
3.48182 -1.18042
1.61869 3.84323
1.56738 -1.68316
1.77364 1.62821
-3.12667 -2.8474
-3.84657 -0.399502
2.92079 3.87171
-1.79368 -0.86367
0.65761 0.214426
2.18379 1.18151
-1.65114 4.26563
2.10791 -2.44605
-2.34807 2.55687
-4.06278 -2.22694
-0.231389 -2.25989
0.803994 0.168495
0.148346 1.87996
-3.40347 -1.36469
-0.478092 1.87384
-1.34182 1.21568
0.463892 -1.88067
0.128617 0.968999
-3.62469 -3.10581
1.94748 3.9901
2.28025 4.09583
2.28962 3.49502
2.25806 2.29743
2.52015 0.684983
-0.950926 2.92671
-3.48538 -0.017327
0.114151 2.27544
-1.08537 -1.60121
-1.0407 -3.76332
1.07412 3.81682
-1.81303 -2.4835
-1.5549 -4.70012
-2.86507 -2.02537
0.644185 0.156011
-4.18626 -1.56995
-1.11467 1.12778
-3.73813 0.454848
1.3939 -2.50342
-1.20132 -1.8989
-1.66252 2.76113
0.25284 2.85523
-3.08046 3.49675
-0.548273 -4.3771
-2.0307 3.42038
-0.155085 -2.1046
-0.843125 -2.25371
0.731481 0.545307
0.0535361 -2.91563
1.35012 1.56078
-4.15934 0.636007
0.376921 -0.783985
-4.53196 0.55073
-2.76208 2.65458
-3.45502 0.793293
-3.99682 -0.690598
0.417283 -3.37086
-0.468375 2.33468
-2.37916 -2.43055
-4.06326 -0.517946
-4.24369 -0.768972
0.259391 2.72493
1.13207 4.63385
-2.49188 3.84624
-4.48789 -2.09548
1.75101 -0.191628
-1.67974 4.49322
1.13703 -3.58811
-3.51786 1.93904
1.17986 1.87858
-2.57169 -2.78721
-1.21563 0.220423
0.782291 -1.51479
-0.9494 1.68957
-0.204614 -4.62674
1.27801 2.04289
1.95667 -0.522616
0.448668 4.44091
2.40947 -0.569033
-2.36502 1.27425
1.86178 -1.94315
-1.74234 0.209226
-4.24886 1.44851
1.79125 3.77324
-3.51786 0.716884
-0.802441 -4.80203
-2.26869 1.67438
-1.96915 4.5499
-2.67724 0.932698
2.47723 -2.37452
-1.89529 -3.85132
1.27656 3.00546
-1.8021 -1.3246
-2.05943 -1.905
-0.218 2.79424
-1.89248 -0.799108
-0.737329 -3.33283
-4.50282 1.17253
-2.95575 -0.0889279
-2.01263 0.917233
-3.59786 -1.83227
-1.13883 3.75205
-2.69755 -2.5171
2.27402 -2.72126
3.65582 -2.92887
-3.44678 -2.49726
-3.61613 -0.111996
0.861548 -3.67383
-3.21327 -3.37741
0.0740374 1.81627
-1.01476 -0.958969
-0.606849 2.21672
-3.68202 2.50112
-4.33106 -0.552218
-4.1484 1.9353
-3.30652 1.29889
1.88555 1.57179
-1.34961 1.51453
-1.49047 0.35442
-4.57446 1.83975
-4.24507 -2.42065
-2.97461 -2.73219
-1.30231 -3.1385
-3.03725 1.57955
-0.282037 -1.77807
-3.17504 -3.45828
-3.73709 2.617
-1.58637 -1.08144
2.45694 4.32001
-0.471819 -0.45896
1.09544 -4.54173
-2.25657 -3.36963
1.3337 2.19937
-3.97556 -1.4025
-1.98392 3.33056
-1.36822 0.871162
1.29295 1.81412
-4.48193 0.973007
3.15613 -3.20554
-3.00045 -2.07338
-2.73017 -1.94493
-2.08055 -0.470693
-4.56109 -2.02085
-3.47766 0.821032
-0.884811 -0.792456
0.782585 -4.58291
-2.95398 -0.707544
-4.43443 0.765485
-4.55824 1.25252
-0.816471 4.91503
-1.38141 -0.568853
-2.36668 -0.000984515
-0.637008 0.522715
-3.04061 -3.69749
-4.66984 -1.65016
-2.78835 -0.665583
-1.58306 -3.77828
-4.88783 0.823496
-2.00944 4.37296
-2.85553 -2.92883
1.01568 0.261925
2.55323 1.04337
-0.119096 -1.14901
-2.39333 -3.13671
-0.667666 -0.82901
-2.99626 3.00238
0.680193 0.372368
1.24146 -4.58697
0.0734979 -1.2531
-4.22887 -1.47735
1.06115 -0.476765
-3.49592 -0.267083
1.79259 2.12732
-1.72614 -4.04407
-4.0226 0.902342
-3.55377 2.06752
-1.55144 2.69168
2.06368 -4.55063
3.40542 -0.533868
-4.61486 -0.636081
-1.76878 -1.65651
0.268034 -1.35652
-3.9307 -0.807472
-1.74806 1.53983
-1.54994 -2.05417
-0.18047 -1.05536
3.17654 1.6989
1.46039 0.403744
-0.125196 -1.25276
-4.00371 -2.93776
-2.96723 -1.61924
0.475732 -3.65477
-3.74764 1.87647
-1.26255 -2.33383
0.529213 0.243208
-3.73839 3.13697
-2.79141 1.28212
-1.36663 0.656605
-2.97726 0.190095
-3.81182 0.401451
-0.951467 4.65564
-1.76568 -2.00833
-0.790114 -3.03659
-3.70714 -2.68537
-2.70693 -1.98039
1.50834 3.32507
2.10861 -2.71154
-0.591318 -4.25405
-2.21552 4.06271
-3.88138 0.955466
-3.04939 -0.258449
0.361111 2.55628
-2.99427 -0.17829
1.59871 -3.9564
-2.10509 2.97158
-4.03314 -0.141336
0.768401 -4.90445
0.242863 -1.77567
-1.9591 -1.93671
-2.74631 2.55047
-1.46037 -2.21236
-0.0931126 3.64895
3.33652 2.64189
2.47344 0.893026
2.5769 -1.10387
-3.04272 -0.294029
-2.03801 -0.104534
2.87968 -2.68378
-3.45885 -0.684373
0.0162212 -4.35897
0.0951304 1.47496
-1.0446 -4.67793
-4.32258 0.57457
0.954294 3.4733
2.00789 1.77346
-2.93833 -1.06877
-3.92855 -2.0044
0.600115 1.71741
2.05549 -1.39119
-4.47532 0.458011
-0.0187543 -4.99326
-0.472801 1.81333
0.0413273 4.42777
-0.0225136 1.97394
-2.09315 -3.99147
1.20209 0.991648
1.70732 -4.37745
-3.49918 -2.95352
0.380068 -1.07527
-2.71666 2.79395
-3.08658 0.529777
-1.19819 4.84231
4.53654 -1.34276
-2.94739 0.914422
-2.92698 -1.95712
4.41605 0.4651
-2.05175 2.64105
1.98381 -2.24473
-4.06014 -2.08876
-3.88537 -0.887306
-0.267893 3.34045
-3.45719 -1.38925
-2.87419 1.38068
1.77927 2.25494
3.37731 -1.50019
-3.39477 1.956
-1.58277 -3.56189
-4.56328 -0.616874
-3.30667 -3.13844
-2.08479 -2.4552
-0.575341 2.2974
-1.68942 -0.328162
-1.43068 0.603634
-2.29958 0.10586
-0.451058 1.34312
-0.942453 2.60479
-1.4201 -1.16818
0.911793 4.86165
-2.47592 1.48344
-4.59778 -0.493833
-3.72652 -2.52127
-4.6403 -0.921051
-3.55842 -2.23653
-0.995017 1.00992
-1.10455 -4.76707
-2.42706 4.37085
-3.74198 -0.624728
3.5317 -3.42233
0.23269 4.26899
-4.21321 -1.93347
-2.26744 2.34483
-2.64859 -1.99255
0.531071 1.16475
-3.17556 2.11335
-2.54941 2.79286
-1.23165 1.15015
-0.917343 0.774109
1.30825 1.92224
-4.86589 -0.124929
-4.90622 0.692902
-3.83707 -1.66988
-1.55125 3.86669
1.58137 2.45488
0.459937 -2.74982
-2.28417 -2.79932
-2.27924 -0.286889
-2.95481 1.87297
-2.4878 3.45123
-0.760717 0.829766
-4.62448 -0.568324
0.431872 -2.84297
2.08162 -3.16771
1.10923 -4.23038
0.00110925 -4.92903
3.36031 2.04363
0.139899 3.43188
4.38948 -1.55882
-0.0301195 3.04011
-1.62547 -2.7041
-1.1042 -4.07255
-0.273533 -3.32264
-3.00054 -0.66112
-0.885145 4.00008
1.58224 -4.59978
-1.11718 0.629401
-3.52408 -0.68275
-2.3065 -1.06484
0.000377989 2.41858
2.64499 3.04556
0.628128 2.17891
3.00185 -1.73729
-1.53702 -4.29023
-3.08272 1.11842
0.645847 -4.30462
-0.00551176 4.48677
-2.32039 -4.38519
-3.75086 1.60028
-2.34329 -4.09236
-4.01529 -2.18507
4.0728 -2.80728
-0.428139 -0.486081
-1.01331 -1.81963
-1.34019 -2.73054
-0.197672 -4.43424
2.62129 -3.97222
4.19234 1.79931
-2.28606 -1.76499
-3.80803 -0.0756868
-3.64076 -3.05662
-2.09763 2.21353
4.15607 1.77371
-3.25546 1.6915
-2.10126 -3.7064
-4.16213 -1.20665
-2.63131 1.31504
-4.00925 1.78526
-2.76118 3.60427
0.153768 -3.24856
-2.88023 3.19554
-1.72157 -1.82264
1.25687 -0.144802
-4.7278 0.618996
-4.42796 -1.6781
-4.21159 1.19023
-3.54214 -0.320338
-3.39811 -1.27719
-3.3942 -0.374669
0.299388 3.82244
-4.44203 -0.0805644
-1.72456 -0.901821
-1.1087 2.67042
-0.296837 1.10922
-2.73952 1.2985
-1.57177 -0.115312
-1.38911 -0.867076
-3.47534 0.923289
2.08878 1.87095
-0.527373 0.603029
-3.38929 -0.732319
-3.80753 -0.261625
-3.46612 -1.72143
-1.37239 -3.04161
4.17862 1.29537
3.22943 -3.58662
-2.47813 -3.68651
-2.06705 1.84014
-1.68341 0.407656
-4.41752 0.949447
-0.275209 2.50815
2.49046 -1.42877
-2.78733 1.12486
-0.211934 -4.24499
0.473578 4.93021
0.744057 -4.28544
-3.09147 -0.194915
-0.401246 1.0879
-4.49769 -0.386537
1.56408 -4.54466
-1.28752 4.76975
-0.784093 -2.57013
-0.249634 4.73558
2.91223 3.0979
-1.14403 3.02209
2.42304 3.76924
0.00726361 1.19018
-0.409171 4.17612
-4.07033 -2.24758
2.11549 -1.90312
-1.30096 -0.662672
2.33919 -3.19292
-0.126386 -1.04038
1.97974 4.35039
-2.04052 2.3705
-0.353118 -1.29863
0.238332 2.73242
-2.14802 -1.12059
-4.3168 0.359444
0.719279 0.741619
-2.42069 -3.35214
2.75703 -3.84552
-1.13552 4.47038
-1.11196 3.37255
-1.5968 1.38712
4.51901 0.48969
2.7442 -3.71807
-3.36741 0.989799
-4.3998 1.37677
-2.85493 2.70737
-3.19422 0.185292
-4.32187 1.49122
-0.620615 0.236739
0.563552 -0.975653
-1.78189 -2.41781
-4.02768 -0.487672
0.270643 -3.6591
-2.30043 -0.879834
-4.58664 -1.39538
-2.0446 -3.59695
0.582303 -3.35103
-0.637914 3.98176
-1.64477 -4.52856
0.102311 3.44143
-3.97006 0.269983
-3.6176 -1.70936
-3.05171 -1.90676
-2.21899 1.05604
-3.15566 -1.53199
1.03312 4.78971
2.02377 -2.1892
0.0896948 -4.03482
0.0704831 -3.47305
3.18723 3.61931
3.09742 -2.68886
-4.34108 -0.941525
-1.07811 -0.640192
-2.84986 -3.31577
-0.75956 -4.56266
-3.63493 2.39131
0.863449 -2.58954
-3.78153 0.499677
-1.67336 1.00489
0.87473 4.50753
-3.40012 1.67308
-3.79198 0.163665
-2.3295 1.06761
-4.11919 0.342598
-0.850714 3.50076
-2.49641 2.41528
-0.693153 4.71165
-1.40498 -1.81518
-3.30918 0.360558
-1.81078 1.21501
4.52936 0.524829
-3.43626 -0.280574
-3.01347 1.71043
-1.97132 -3.29156
-0.495367 -1.22769
-1.77377 -0.659124
3.19175 -1.01307
4.5559 -1.65314
-2.27797 1.7341
-3.31821 -2.21462
-4.75248 1.49516
-2.44266 2.15896
1.19821 3.59854
-0.292231 4.53271
3.23805 3.80228
-0.808016 4.89822
-4.93384 -0.596681
-2.70304 -1.36222
-1.9206 1.37994
-0.774682 1.11801
2.95727 -1.65035
-2.09396 3.76718
-3.93329 0.742151
-4.12841 -2.08188
-4.81119 -0.358467
3.19382 -2.51693
-2.7356 -2.76519
-3.6858 -2.16847
-2.16775 -3.90586
2.96095 1.26
-1.14409 -4.72825
-2.79482 3.67389
3.83083 0.673476
0.240394 -2.99675
2.01766 1.8404
-0.171727 4.30862
-2.12055 1.38605
-3.91916 -2.98743
-4.12875 -2.13688
-0.598219 -2.72662
-2.60604 2.18382
4.2854 0.262393
0.419817 -3.15154
-0.737151 -2.5484
2.76855 2.32211
3.18259 3.44509
-1.80541 -0.519659
-0.977582 1.32621
0.809501 3.19939
-2.21121 -1.3366
-3.51461 -1.39884
-2.77404 0.959945
1.09452 0.469191
-0.407793 -1.48693
-2.5453 0.635172
-1.32745 -4.3613
1.19687 -1.39975
0.610961 -3.76083
1.43234 4.62529
1.13597 2.27303
2.59439 -1.90597
0.195548 2.83214
0.0253582 0.00120047
1.35793 1.71732
4.38454 0.528951
-3.15173 1.07232
-0.70678 1.72979
-3.45324 1.66622
-3.74404 -0.479716
2.00495 -1.59599
-1.61714 -0.740963
1.43343 -0.671633
1.73327 0.0722144
-0.668375 1.19705
-0.199577 4.70896
-0.814437 -0.47514
-1.69882 -4.3057
-0.53763 -4.21922
4.08431 1.96497
-2.40581 -3.2804
-4.51586 0.0158048
-2.96645 2.88264
-2.42302 -0.883111
0.635623 3.06152
-2.82891 3.25649
0.344386 4.63534
-4.79266 -0.709043
-0.657314 -1.20451
0.708843 4.26928
-2.14254 -2.47554
1.74204 -3.39536
3.21052 -2.23756
-3.03465 0.503435
1.28054 0.171636
1.84722 2.37963
1.47917 2.51709
2.82919 -1.51412
1.51583 -2.69297
-2.10702 3.87597
-1.67078 -0.327298
-0.801773 0.0439802
-1.43064 -3.82089
-2.45307 2.74461
3.02192 3.07611
2.61788 -2.23266
2.60575 0.422045
-2.97831 -3.36385
-2.06119 1.13129
0.207957 4.00505
-1.138 4.52707
3.46428 0.564287
-1.72218 -3.22371
-1.25412 -2.67223
0.428673 3.47252
-3.21275 -3.13268
1.44257 0.606501
-2.93357 -0.774483
-0.0113894 -0.529127
-2.81757 1.53811
0.628885 -3.57817
-2.38368 2.47797
1.83967 -2.30981
1.26759 4.4342
-4.77405 0.709781
-4.58322 -1.23349
-0.53586 -1.8646
0.914472 -1.63391
-1.73826 -1.42244
1.70269 1.00787
-4.66082 1.67591
1.94199 -2.74536
-3.96487 -2.32219
0.996107 -3.64034
0.973425 2.27228
-4.88303 0.211543
-3.2593 1.40591
1.01725 -3.85549
2.26174 -1.21519
0.485425 3.92006
-0.453197 -2.34489
-4.09345 0.318228
1.39382 3.58147
0.431601 -4.91858
-1.41132 -3.35628
3.32494 -2.19832
-2.0051 0.567253
-3.09088 3.43111
0.354595 4.86647
-2.40861 1.8163
-3.98486 -0.889777
-2.66139 3.09362
0.385177 3.38349
-1.23038 1.93333
-1.56331 4.38947
-1.22475 -0.631645
-4.10234 -0.370322
-0.558309 3.82988
-4.28098 1.54561
-1.52333 -3.14514
1.02072 -2.11388
-3.97839 -1.39829
0.33019 -2.48758
-2.30393 3.67037
-2.41374 -0.304999
-2.18782 -3.48579
-2.61376 -2.38019
-3.01299 -0.114614
-1.35247 -1.62456
-2.82191 3.81088
-1.95566 -0.318251
-1.36425 2.4214
-1.88083 -3.09096
-2.66141 -4.12521
-2.88345 0.492497
-3.85498 3.04599
0.368268 -3.98255
1.73539 -1.37457
-2.29999 1.47311
-2.23265 -3.16397
1.4434 2.23485
0.246489 -3.32925
-0.347226 -4.63091
-0.486138 3.15581
-2.28072 -2.88956
-0.0509215 -3.37107
1.2856 4.32822
2.69532 3.83674
-2.16047 -2.6858
-3.07498 2.64115
-2.11714 -0.935582
2.41008 1.73676
-0.15454 -4.91971
-4.0376 -0.173232
3.01348 3.8795
-1.09602 0.0255612
-1.38005 3.48066
-0.329293 -4.28309
-0.194201 -3.82338
-4.12235 0.623675
-0.0688075 2.91816
-2.23664 -2.05543
0.786915 3.46162
2.69673 -4.14664
-3.83022 2.94568
-1.31392 3.11226
4.15794 1.47498
-3.08913 -3.59296
-0.388444 -1.75819
-1.51584 0.0984242
-3.15202 0.0806959
-2.74965 3.88786
-1.20052 0.564232
-2.17808 0.75348
-4.22043 -0.394849
1.55761 -3.91392
-3.99987 1.41165
-3.06133 2.22861
-3.85928 0.0806714
-4.84118 -0.987828
-1.20144 1.70372
-2.72507 -1.87472
-2.41035 -1.57925
2.02874 2.69242
2.35549 -0.885902
1.62788 -3.23916
-3.30079 1.27772
-4.73344 -1.08802
-2.84944 0.92098
2.30763 3.67689
-1.41317 2.81239
2.27251 -0.355677
-1.38625 4.25949
-2.55332 -2.70373
-2.23292 3.72444
3.39278 -2.10816
0.00843699 0.379099
-3.41262 0.846839
-3.72073 -2.84624
3.70533 3.10585
-2.46476 1.55372
-3.10315 -3.16725
1.05973 -4.68285
-4.5872 -0.346253
-1.57765 1.29402
-0.63163 -2.88396
0.922581 2.71768
1.94723 -4.07186
-2.54691 -0.00370834
-2.71859 -3.39371
3.35891 -1.40433
-4.31406 -0.0644206
-0.954241 -2.05569
2.08811 3.60424
-3.44493 1.64625
-3.58477 -2.27704
-3.168 -1.28859
0.600128 -0.320905
-1.6171 2.55443
-2.41825 0.248829
-0.25421 -4.18235
3.61226 2.87927
-4.30595 0.0499643
-0.199023 -4.07991
-3.98459 1.57295
-1.95147 3.31783
-1.39318 3.63753
-1.99652 -2.8621
-4.10863 -1.89687
-2.39259 -0.670289
-0.321387 0.852952
-0.733463 3.59263
-4.55167 0.730212
-1.15618 -3.00202
-2.43255 1.52758
4.02496 1.9676
-0.630517 2.88821
-0.370099 1.47182
-2.26482 -2.86566
-4.06718 -1.01486
-4.70981 -0.367264
-4.64964 -0.436167
-3.96036 -0.646603
-2.89029 2.74342
1.13936 -1.10485
-0.845551 4.92485
3.48389 2.89261
-4.55945 1.6462
1.13153 -1.21669
-3.82895 -3.17939
1.24105 3.91655
4.5656 1.65518
-3.65795 0.400914
-3.94786 1.56385
-2.42235 -0.824382
-1.85958 4.46978
-0.00710431 -4.31475
-2.66882 3.61767
-0.230349 -0.245738
3.43731 1.38769
-1.21382 2.97646
0.997768 2.49497
-3.19418 -1.45853
-2.47193 3.67296
-1.86826 -3.0266
-2.8463 0.656237
-4.13964 -1.45134
-3.57722 -0.834941
3.57229 1.2444
-3.64057 0.707746
-1.13869 1.11806
-4.59871 0.145853
-1.47791 2.44845
-4.35495 1.2259
0.650935 -2.76121
-3.13775 -0.707398
-3.81783 -0.645062
-2.67461 -3.75395
-2.65174 -0.128814
-2.70777 3.14733
3.59362 -1.55589
0.879547 -1.11827
-1.20301 0.875282
-4.29771 -0.394591
-0.454962 3.77818
-0.196128 1.48074
2.25103 4.16971
-0.614261 -0.196419
-3.40351 2.39539
-0.0475778 -0.306483
1.83879 2.44876
-0.203992 3.94091
-0.157411 -4.31943
0.743882 4.46944
-1.0981 2.20945
3.52921 3.0157
-3.83237 -1.49537
-1.68764 3.82975
0.190837 -2.39266
1.17501 -4.65454
2.08769 1.38811
-2.53345 -0.429042
-1.06736 -2.0167
-1.0074 -3.95493
0.185438 0.426354
2.12336 1.07597
2.33054 4.0682
-3.23083 1.71158
-3.1251 -0.85079
-4.39842 -0.222353
-1.58996 0.344904
0.632148 -4.2174
-0.259214 -0.391325
-3.75662 -1.35912
-3.87013 0.229268
2.29459 -1.44246
-2.45432 3.39144
-2.81597 0.65044
-4.40518 0.0494393
-2.00072 -3.63402
-3.06412 -1.5059
-3.2897 3.75606
-4.74678 1.02534
1.1369 -0.30822
-1.05851 -2.65177
1.15313 3.94241
1.91131 -2.55359
-3.33008 0.900391
1.68084 -3.24023
0.789338 -4.50996
-4.87161 -0.305585
-4.59755 -1.33854
-0.802535 -1.20055
-2.62616 3.17418
-1.51675 4.65691
-1.81484 4.25405
-3.56081 -3.15138
-3.98073 1.3685
-0.676675 3.34308
-0.452559 0.156835
-1.16292 -1.11261
0.407671 -2.96947
-4.22716 -2.18551
-2.18391 3.66791
-3.44303 -0.87589
0.513486 -4.9541
-0.483672 -0.629518
-0.0292491 -4.74006
0.487236 -1.53956
-3.62403 0.84366
-0.712198 -4.83395
-2.79346 -0.989349
-3.12305 3.69466
-2.42331 0.986959
-4.88731 0.537742
-0.993471 -4.80128
-3.6693 0.986408
0.862917 2.15599
4.42517 1.03603
-0.277311 0.328333
-4.1145 0.322023
1.98597 -1.09377
-2.70681 -1.00472
-0.872302 4.80388
3.15373 -3.35899
3.06599 3.76857
2.6034 -3.80854
1.78497 -4.50173
1.50114 -4.16467
-1.58862 1.45649
-1.05315 -1.46409
-2.89224 0.889967
2.04581 -4.29995
-4.51497 0.597865
-3.53683 3.21746
1.44555 2.26742
-3.87113 2.78028
1.75081 1.39913
-3.21823 0.0257031
0.782147 3.85952
-0.486987 -2.97634
2.11123 -3.19005
3.23509 -2.2544
-3.61922 -0.090346
-0.364744 -2.07244
0.65353 4.43606
-0.166516 -3.7236
1.06909 2.40341
-1.56019 2.62587
0.377335 -3.35131
-3.09966 0.453591
-2.11064 -3.37191
1.31735 -4.36596
-1.39905 -2.99605
-1.39395 3.29859
2.69858 -3.33418
-2.99628 -1.60683
-4.38634 0.135299
-3.80418 1.57128
0.172985 -4.88578
-2.78915 -3.41879
-1.37841 -0.490661
-1.95032 -0.253284
-4.16847 -1.02114
-0.355786 -2.83453
-0.0253847 -2.34007
1.31981 3.42386
-1.43546 -2.76001
0.0902596 -0.694296
-1.87327 2.07855
-2.48101 1.63174
0.5476 3.80372
-3.07725 -3.60121
3.12371 -1.77891
-4.35989 -1.93292
-1.85492 -4.12984
1.41037 -2.7992
2.0703 -3.68363
-4.31532 2.20919
-2.72493 3.06916
-4.33037 0.589888
2.25254 -0.485209
-1.0604 -2.35285
-0.288112 2.77251
-1.41735 0.851306
-3.56743 -1.34637
-1.75505 -2.58705
-1.08073 2.9017
1.15553 -4.26921
-0.538691 2.46259
-1.71719 3.725
-3.37614 -3.54632
-3.88137 2.91402
2.23196 -0.709399
2.30503 3.57379
0.373656 4.15291
-4.48058 -2.02613
-3.0889 2.07374
-3.54047 -1.5533
2.95963 3.50621
-1.04056 3.87245
-1.67493 2.57925
-2.5622 2.91246
2.36251 -2.19031
1.12208 0.66524
-2.13708 -2.22782
1.63066 1.64548
0.376235 -2.32918
1.1054 -4.25412
0.459189 -2.17463
-0.496667 -3.00746
0.982821 0.418752
-2.3412 3.4207
-3.30205 -3.40812
1.86254 -0.968742
-0.210475 -0.299479
3.07193 3.42422
-4.89625 0.279023
1.89735 3.55424
-2.8354 0.439413
-3.71243 -1.93532
2.85933 -2.42421
-0.0825935 -3.19865
-2.54761 3.33058
-2.78758 0.120189
-1.4367 -3.24777
0.959611 3.68346
-3.15138 3.36079
4.44669 2.21326
2.45993 3.23434
-3.6081 2.4887
-3.02491 0.74765
-1.75456 -2.71121
-2.09324 -2.28342
-3.29002 3.41612
-1.07936 2.2831
-4.78953 -0.909557
-0.862228 2.78079
-4.22241 0.157349
0.211821 1.60488
1.0311 -4.10516
-3.06284 2.33515
-1.17507 -3.88133
-0.930907 2.16414
-3.54723 -2.86623
-2.14295 3.18719
-0.699409 -0.0119084
-3.53717 2.89901
-2.37008 1.93962
2.92939 -1.51481
0.217224 -1.15091
0.183737 1.45675
-3.43897 -0.336103
-2.97264 -0.994309
-3.91894 -2.76864
-0.211959 0.728048
-1.7093 0.589345
4.1257 -1.29695
0.118909 -3.16848
-0.552574 4.60012
1.6698 -1.81546
-1.61158 4.7017
-0.959397 1.29216
-0.452249 4.1079
-4.10067 0.363916
-3.81368 -1.33309
0.724769 -0.124085
-0.528875 -3.28478
-2.97367 -3.11541
2.3441 -3.86459
-1.32352 -1.69156
-0.663278 3.93568
-1.63224 -2.3493
-1.11684 -2.3567
-3.29564 -3.59375
1.31447 -4.40929
-2.27444 -3.67476
-4.04915 0.261158
-2.62907 -0.812209
-2.20801 -3.56075
-3.97175 2.68456
-2.85599 -1.36359
-0.835533 0.859545
-2.46451 1.54207
-0.459352 -1.70687
2.56183 3.33523
-3.25607 1.25668
-1.91658 -1.63506
-1.01708 -1.35785
-0.977605 -1.6175
-3.75783 0.366629
2.87829 -1.63476
1.6938 -3.72136
0.0802613 0.103299
-0.249035 1.52623
-2.50584 0.808782
-2.57437 -0.0818982
-1.47237 -1.40436
-3.56474 3.26355
-1.27941 4.46444
-4.42405 0.0558793
-3.0053 -1.65733
0.0372127 4.73988
-2.63944 2.31014
-4.20524 -0.0927612
1.17773 -4.08371
-4.63559 1.26424
-3.94693 -0.807228
-3.80193 1.38686
-1.91062 3.81732
-0.560012 1.28652
1.84174 4.26918
-0.648506 -1.8738
-4.59222 -0.397958
-3.86117 2.93194
-0.648856 1.46588
0.422083 -2.02304
-2.29438 1.34237
-3.06766 2.90727
-4.18111 -2.51951
-4.20664 1.4174
-0.248733 0.350406
-1.57723 1.88819
1.63371 -0.670894
-1.296 -3.88109
0.910549 -4.54269
-2.88856 -0.0703783
0.93513 -2.02782
1.90072 1.97548
0.465678 1.47731
1.28374 2.58005
-3.12835 -1.35861
-3.56627 1.57141
-3.21936 -0.0182576
-0.522743 0.00261937
-1.89083 -2.05514
-1.12523 -3.87668
-1.26374 -3.41083
-3.16082 1.86775
-3.4631 0.450893
2.23144 -2.71568
-2.90977 1.94639
-1.74654 1.56409
-3.58563 -3.12899
-2.08369 3.05677
-1.12926 -4.32145
-2.91554 -3.2871
-2.7731 -0.89082
0.181449 -1.68441
-3.05258 3.36533
-4.36705 -0.0560117
-2.87516 -3.65159
-3.96061 2.42542
-2.97768 -3.80536
-4.57836 0.569925
-3.42048 -1.09163
0.137825 -2.13904
-2.24813 4.4573
-0.764886 3.44852
-0.187803 3.25853
-0.197117 1.05828
-2.1979 3.24315
-1.1931 -3.20415
-3.13181 1.32568
-4.01096 -2.70273
-1.33517 0.472448
-4.57237 -1.76632
0.141756 -1.30947
-2.44963 0.390619
-0.791874 -4.29567
-1.39688 1.97976
-0.65531 3.69824
-2.91279 -2.62089
0.662119 -1.77559
-2.32243 -2.2003
1.24664 2.72698
-0.299719 2.868
-3.9322 0.120217
-4.54609 -0.115815
-3.61839 0.432053
-4.50488 0.694403
-4.18042 0.871993
-0.213275 -2.95568
-4.88623 0.249711
-2.60839 -1.49701
-3.84552 -1.72685
1.35417 4.07531
-3.19663 3.64455
4.62433 1.06451
-3.56903 0.998512
-1.28382 -4.41546
-2.50106 -1.90894
-3.30119 1.15645
-1.24773 -2.76429
-1.3226 2.06541
-1.31725 2.74877
0.447623 2.36966
3.54944 2.93161
0.214688 4.11802
-1.44288 -4.11381
-1.74592 -0.588463
-2.65928 -2.32252
-2.0134 -2.17641
-3.49239 1.31936
-0.937522 4.18009
-2.46368 -1.76541
-0.153239 2.02457
-1.27682 -0.984503
0.153496 -4.80139
-4.59602 0.597873
-0.390654 -1.17627
0.376573 -3.52306
-1.15833 2.76351
2.42115 2.69536
0.549025 2.17429
-2.52552 2.52498
-4.73196 0.381241
-4.4814 -0.483271
-3.72419 1.12152
-1.38187 0.690314
-2.07583 -3.06222
2.70486 -2.16018
-0.948739 4.55507
-2.12246 3.80286
4.46967 2.18727
2.477 -1.19431
-3.14537 -2.20597
-2.13586 -0.672193
-2.14555 -1.12567
-1.95253 0.419766
-1.68154 -4.4885
-3.69168 -2.7554
-2.97668 3.19551
-3.15233 1.842
-1.96539 -4.12373
0.091494 -3.0161
1.02942 -0.819066
-3.60931 2.23687
-3.12545 -3.60198
-0.723658 -3.87836
2.83793 -3.14593
-3.45895 -0.964486
-3.00575 1.98589
-3.95221 -0.115374
-1.3769 0.310327
-0.283757 0.216281
1.61971 -4.30829
1.96553 -2.12948
-2.36946 1.66654
-0.942319 2.19469
1.96245 1.08929
1.80669 -1.79534
-3.35026 -2.44932
-4.15299 -0.822964
-2.62577 -0.539853
-1.13837 -1.55791
-2.55359 0.2699
-2.48693 -2.50136
1.21868 3.91
4.66722 -1.55937
-3.18496 -1.32728
-3.04822 0.463106
3.16055 3.20846
-0.0424059 2.24739
-4.3171 1.67246
-3.75861 2.4648
-0.300873 1.28965
-1.78846 -4.60192
-0.137793 0.907357
-4.36699 0.889604
0.27856 1.45529
-1.3603 -2.3405
-2.16988 3.85048
0.111752 -4.33245
-0.580394 -2.53539
2.38469 3.56404
-1.44963 2.44305
3.81416 0.0231632
-4.82797 1.25369
1.12126 3.42734
0.879949 -4.86037
-0.635184 -3.92719
-2.52217 -0.00138196
2.19289 -2.52923
-3.80308 -2.24043
-0.401187 -2.71784
-1.44931 2.51199
-3.14021 -1.35592
-2.9856 -0.349222
2.56011 1.5849
-2.65299 -0.6723
-2.77871 1.74151
3.69416 2.77786
-3.44255 -2.66188
0.221485 1.72366
-3.64601 1.69474
-4.82106 -0.916692
4.62133 0.302447
-1.2636 -2.79035
2.76806 3.2094
1.05624 -3.01091
-2.22973 3.66796
-4.59911 -0.275996
0.955679 -2.34126
-0.33491 -0.0346335
-3.9138 0.691547
2.70509 1.96514
-1.30802 4.74449
-0.813535 -1.56818
-1.42492 -3.39086
0.128223 0.391508
-0.378343 0.644405
-0.882277 -4.68266
0.0751686 -3.34179
2.84045 0.49995
-1.72953 0.629162
-4.76055 1.08108
-3.72334 -2.53693
-2.99602 3.46717
0.787972 4.28448
-0.0830031 4.96294
-4.57534 0.369315
1.47263 3.97915
-1.55969 2.88241
2.74216 -2.94602
-3.66102 1.33137
2.14761 2.25034
-4.41993 0.296299
-4.20495 0.0964713
-1.11775 0.0620144
1.99196 0.575311
-1.45123 -4.07493
1.14542 2.24459
-0.275928 -3.94235
-2.66229 -3.52744
-1.18062 3.99148
-0.829587 2.58853
-2.78716 -1.64211
-0.979374 3.96964
0.398789 -2.05664
3.40782 -3.42662
2.15185 3.74335
-1.01529 1.16618
0.726105 -4.53537
3.08216 -3.32782
-2.85197 -3.5828
-3.32188 -0.0250142
-2.3522 -1.03553
-3.53582 0.0932147
1.51449 -1.33713
-3.80599 -0.118154
-0.368481 -0.720754
0.410177 2.44746
-0.525835 3.07048
1.22534 1.78692
-2.04833 0.301648
-2.06479 3.0633
2.58742 1.24453
-3.78576 2.67785
-3.53518 3.16272
-3.89873 -2.19171
-1.83115 -4.27702
0.13053 -4.38022
1.89736 3.5767
4.49263 0.672383
-0.0391694 4.1269
-4.53085 0.0617907
-1.67696 -0.219025
-3.0791 2.03065
3.10409 1.92092
-0.575699 1.1681
-1.13475 1.8464
1.54353 -4.53158
-2.09025 -2.40054
1.75567 3.27352
0.810165 3.45023
-4.83461 -1.26481
-3.00852 1.06499
4.54043 1.83961
-4.0013 1.91739
-2.1158 0.440171
-0.100217 2.10353
-2.35017 -3.56899
-3.53789 0.0394585
-1.63452 -4.20714
-1.39068 -0.400767
2.86215 2.6617
-3.55108 1.15093
-2.59053 -2.45076
-1.7956 -4.17601
-3.90409 2.22904
2.42597 -1.95851
-0.388094 -2.96939
1.64076 -3.44329
-3.17237 -1.37307
-0.731881 -4.38584
-3.09706 -0.0963214
-0.0249762 2.94551
-1.95404 2.62239
-2.72545 -1.97804
0.375967 -2.61773
-2.93926 -1.70033
1.49788 0.971734
-2.82002 0.381232
-0.022132 4.06382
-1.45904 -3.78876
-0.74162 -1.64394
0.258187 -2.32238
1.32935 0.488896
-0.877718 3.02536
-1.09556 -1.75114
-1.31891 1.04961
-2.71773 1.3864
-0.933784 -1.50984
-0.585278 -2.16397
0.0101578 -0.0947198
-4.38865 -0.801098
-0.260772 1.43301
-1.68503 4.37746
-4.62746 -0.797612
0.801544 0.990036
-1.98516 -0.0741289
-1.3856 -2.69603
-2.08664 -3.92183
-4.26538 -2.08731
-2.68289 -0.664256
-3.84517 0.665767
-1.93209 -1.43413
-1.69468 -4.02805
-0.00269338 -4.44219
-0.466371 -2.26957
-0.492487 2.18052
0.94545 4.86687
-0.481171 -1.32736
1.13592 -2.79126
-0.268757 1.3901
-2.06634 -2.9406
3.48352 0.985699
1.22403 4.7818
-0.562817 -1.58186
-4.08678 -0.343901
-0.448964 -3.10306
0.30224 2.2397
-4.12654 0.199222
-0.207141 -3.37595
-0.882358 -1.77706
-4.23075 -0.600805
-3.76254 0.473699
-1.94813 2.71035
0.253621 2.95171
-0.251548 -4.49484
1.39708 -1.19198
3.16397 1.91986
-2.60136 2.81062
-3.85757 1.2114
-2.66612 -1.48577
0.322398 -0.45882
-0.775092 -2.14734
-3.73583 2.9356
-4.20307 -0.784294
1.35762 1.59913
-3.21868 -0.729785
-0.95879 3.76592
-0.225819 -2.56988
-2.25189 -2.9258
-1.31096 0.149295
-1.7371 0.527452
0.417596 0.265484
0.438382 -1.31123
-3.28155 -0.0957995
-2.45674 0.270147
2.17145 3.30064
1.24912 -4.50362
-0.394257 0.672743
1.27652 -1.18827
-1.51673 -3.98735
-2.35584 -3.92956
-3.75691 -1.03439
-4.79925 -0.045343
4.89228 0.744915
0.870981 4.2492
-0.982247 -0.88911
2.04759 4.48063
-3.44399 -2.41092
-0.117607 0.667661
4.11592 2.33837
2.51193 1.87871
3.3065 -2.37465
-1.65924 0.789684
-2.30712 3.67269
-1.32854 -2.36741
-0.424871 3.89731
-0.875301 0.366641
-1.44488 3.96733
-1.15183 3.36332
-4.68618 -1.56806
-3.38645 2.22946
0.188366 1.12381
4.71538 1.30019
-3.18415 -1.16477
-2.21547 -0.494406
-4.34371 1.61579
0.429722 0.365918
3.76643 -1.24683
-3.13359 -2.77959
-4.20106 0.815789
2.6363 2.38555
0.607176 0.830716
-1.98429 3.55126
-2.07365 2.04933
0.905518 0.0602688
-2.68515 3.97287
-0.112953 -0.133826
-4.44064 1.15091
-1.56796 -0.0534338
2.12208 -3.17866
-1.19698 1.47154
-0.92806 4.20768
-1.56317 -0.764384
1.33261 -0.83543
0.855407 -3.98873
-3.47661 -1.81573
1.28595 2.88602
-2.42187 -4.24455
-3.98349 1.8748
-2.14618 -2.12304
-3.07018 -2.6328
-2.67556 -1.10115
1.71428 4.17284
-1.54849 -2.04559
-0.739084 -1.31023
1.64342 2.74521
-3.00231 0.943376
1.86619 -0.593661
-0.0400928 -3.20056
-0.0425148 0.715607
-3.8459 -2.27381
-2.5387 2.02484
-3.28281 0.810804
-1.62671 0.0817336
0.911846 0.885494
-3.57927 -0.664707
-1.50543 -4.60976
-2.75896 2.24261
-0.908798 -3.15932
-4.67573 -0.971355
-2.83805 -1.65099
-1.5192 1.69449
-3.39368 -1.98962
1.79486 3.46606
-0.2009 -1.64914
-3.57517 -0.96641
2.82547 2.50708
-0.631063 -2.77093
0.704967 -3.25793
1.12407 3.02749
-3.58847 3.35802
-0.175464 2.20322
0.220975 4.07884
-2.47252 -3.86028
0.57794 3.53557
-3.36518 0.457695
-3.76501 0.32969
1.7059 -3.39594
-3.65778 -0.0927431
0.704561 -4.46838
2.53658 -4.08692
1.04941 0.685353
-1.40717 -0.672448
-3.28471 3.11219
-0.993165 1.57904
-2.18855 0.377164
-0.388477 -0.120017
0.807858 -0.104059
-2.35446 1.61527
4.26135 0.0978725
-1.99501 -2.11719
0.0862152 -2.84197
4.06164 2.51888
0.865517 0.296513
-0.474653 1.35668
-1.00727 -2.7356
0.675687 0.453718
-2.40009 -3.28903
-4.65719 -0.995401
-2.02739 0.757624
2.55964 1.34402
-4.1272 -1.90798
-3.68141 1.43322
1.05062 -1.981
-3.7834 -2.44618
1.5652 -0.884379
2.06187 -3.24874
-4.07479 -2.78512
-1.70806 -1.30652
3.28174 2.32555
4.36892 -1.20732
1.49158 -0.130714
-4.27075 -1.22722
0.381513 -1.46002
-0.93947 -2.18107
-3.37601 2.58274
1.35752 -4.71325
0.747415 2.80668
4.41056 1.04357
-3.89722 2.83897
-3.54266 -0.978228
-0.755703 2.27207
-0.528543 -3.66285
-1.83195 -1.63494
0.332641 -3.71049
-2.81421 -1.2191
-3.18219 2.06661
0.652051 -1.51069
-1.56571 -1.98847
-3.54883 -2.43783
1.58872 -1.03016
-2.43086 2.59803
0.361486 1.33554
0.79385 3.06854
-3.28806 3.35533
-4.2611 -0.179226
-3.09512 3.55015
0.996109 -3.30578
1.61809 1.08989
2.81546 2.27016
-2.12872 -4.42871
-0.0357052 1.47634
0.0119087 -1.36654
-4.84802 0.0595816
-4.0136 -0.0888515
-2.71959 4.00635
-1.99211 3.07148
-4.88799 -0.971369
-3.45693 2.49116
-3.68899 -2.00156
2.00744 -3.61623
-2.11421 0.0626392
1.13428 -4.3529
-3.84106 2.98488
2.43091 -2.59298
2.18315 2.45748
2.46804 2.3501
-2.80241 1.10612
-2.8826 1.01352
-4.50526 1.4697
-2.50593 -2.08949
2.15066 0.153288
-4.61462 -0.479032
-1.41485 2.2671
3.60274 2.97118
0.629153 -1.02738
-3.9241 1.96148
-4.26111 -2.04496
-3.70637 3.27491
-3.98234 -0.982415
0.69389 0.540451
-0.00890109 4.28091
0.194313 -4.98808
1.81543 -3.59519
-0.434384 1.08222
-0.393536 -3.21517
1.19694 3.15737
-0.807149 -0.388116
-4.1502 2.68689
1.14372 1.7
-1.01286 -2.35313
-0.782299 -2.75855
-0.177519 3.25578
1.44048 -0.863427
2.36156 3.38895
-4.50453 -0.901932
-0.571276 -2.34138
-4.82534 0.230633
0.989259 -1.54942
-3.46861 -0.668184
0.373995 -2.91912
1.11272 -3.43583
0.718613 3.30369
-4.59664 -1.6053
-2.26931 -3.65917
-4.89229 -0.453169
-0.77036 1.7846
-2.71726 2.90097
-2.09227 1.66341
0.951779 3.39048
1.12186 4.27053
1.94983 -4.24725
-2.46959 2.25326
-3.67801 0.291741
-2.56053 3.35139
-1.07144 2.33835
0.128886 0.765466
-0.24914 2.29885
-4.40245 -1.45547
1.10744 3.06814
-1.54979 2.96015
3.92526 0.839882
3.30488 3.69575
-2.83108 -2.95405
-1.00638 2.64854
-3.27647 0.154393
0.121074 2.55505
-0.490622 4.00645
-2.54495 0.660171
-4.06684 -2.70314
-0.390971 -3.03279
-2.2377 2.66713
-0.0830911 -4.52169
-2.80139 0.569552
0.858588 -0.945762
0.334101 2.67018
0.736813 -1.16926
-1.89897 -0.622811
3.03642 -3.80269
-1.35533 -4.63023
-3.11233 -2.34056
-2.52671 3.52168
-1.39907 0.942538
0.729676 4.91695
-3.41104 -3.04359
-3.41605 -1.9303
-3.27527 0.47385
-4.1667 2.73593
-1.58659 -4.49463
-0.972508 -2.19833
-0.190839 0.228028
-0.483618 -4.54493
-4.46504 -1.22279
-2.7202 -3.11969
-2.3527 2.44933
-3.66411 3.21592
-4.32898 0.322736
2.14511 0.583346
3.26298 -1.42605
-1.69429 -2.90589
0.939529 4.16508
-1.19177 2.0698
-2.949 1.47026
0.174115 3.51763
-3.69283 1.02682
-3.652 -2.59588
-0.614227 -4.52016
-1.81073 -4.21266
-2.62115 -2.71697
0.589004 -4.7524
-0.192596 4.65259
2.16803 4.00709
-0.358364 -3.36026
-3.31624 -3.4238
-3.40745 1.49575
-3.84062 1.74735
-3.27171 0.630669
-2.15904 -4.16925
-3.88394 1.44736
1.87515 3.13166
-4.74212 0.819467
-4.26333 2.57617
2.84972 3.72174
-0.465884 3.16928
-1.07513 2.57842
0.591172 -2.57883
-3.03206 -3.79648
-2.50072 -0.224195
0.0521934 -4.81543
-1.26744 1.63925
-2.1659 2.50481
-4.52397 1.26534
-1.81363 3.8112
2.1955 -1.45552
1.13487 -4.8114
1.08219 -0.905219
-0.553363 -1.93822
-2.75773 3.29711
-1.35501 0.609375
-0.636179 -4.46649
-4.46355 -0.00221624
-0.784104 4.59499
-4.25955 1.92866
1.29945 4.20633
-0.336224 -3.40418
-4.88418 1.00427
1.32607 4.41326
0.799516 4.45248
0.876483 4.8026
-3.12433 0.609648
-0.375701 -3.08537
-2.35735 0.144044
4.95745 0.418617
1.51208 3.81709
-4.08029 -0.337917
2.61985 -1.94772
-0.248465 1.70696
-3.75723 -0.239117
-3.93536 1.2461
-4.60131 -0.997814
-2.39986 1.81494
2.11694 -2.40393
-0.145308 -0.0689369
-4.16163 1.57681
0.274145 -3.57788
1.08881 0.631304
4.74382 1.50889
-2.49187 4.19893
-1.49311 -4.0661
-3.49199 -2.16773
-3.67248 -2.78925
-3.35998 1.14836
-3.27618 -2.07654
1.03428 -4.47579
2.19168 -2.50276
-3.54688 -0.670772
-0.965732 2.49345
-1.76747 2.53201
-0.524549 4.22218
-3.34059 -1.90228
-0.126543 4.97175
-2.10439 -3.9446
-1.09512 4.28923
-1.2388 -1.98423
-4.17452 0.171418
-3.08514 1.09986
1.58122 3.16541
-0.275396 -4.21059
-3.14524 0.227625
-3.97453 -0.751299
-2.90891 -3.25278
2.4894 1.57559
4.64613 1.14606
2.47088 -4.1902
-2.43762 4.1024
-1.43614 3.21537
-3.84228 0.821963
0.588397 -2.69736
0.466596 -0.20504
-3.93661 3.06351
-2.20466 0.0686044
1.20224 3.47791
-3.56817 1.31358
1.29326 -3.03702
-3.18315 2.36791
2.2238 -1.41136
-1.50734 4.11756
3.25786 3.54883
2.32374 1.87316
2.78907 -3.45742
-2.78492 -2.7302
-0.393149 -1.44843
-1.52051 3.23071
-1.95165 -0.0934039
-0.4018 -0.260371
-1.70534 -1.4708
-1.77801 -2.96163
-3.31133 0.986068
-2.32825 4.06449
-1.893 -4.52182
1.78272 -4.47905
-0.924553 2.38836
3.58991 -2.09765
-1.59627 -4.22041
1.55404 3.56691
-1.56007 0.342756
-3.79297 -0.185816
-2.06884 -3.22491
0.114254 3.30519
-2.15205 4.3055
2.27636 2.39019
-1.70686 4.25551
-2.56401 -2.75108
0.485474 1.36573
-2.30593 0.766243
-4.20601 1.60806
-1.05243 4.25815
1.15399 -1.67726
3.28003 1.52418
-3.82903 1.05751
-1.1777 -3.19061
2.49012 -1.07696
1.34012 -2.92977
-4.74925 0.86103
-1.78572 0.350017
0.294104 3.63533
-1.69037 -4.40785
0.348863 -1.31892
1.20855 -3.09889
-0.98698 -1.61022
-3.49296 0.154238
1.36917 2.4918
-0.577712 -1.70105
-2.27901 2.2819
-4.92894 0.511295
-3.00004 -2.39407
2.07605 -4.01953
4.10593 -0.281739
-2.73615 1.1824
1.90515 -3.03961
4.20212 1.09678
-2.16387 -1.86587
-1.6333 1.92867
1.52177 2.37616
1.13797 -2.15837
-3.75902 -2.11544
1.40158 -4.64258
-2.51775 -1.70194
-0.525757 1.3583
-2.01873 -3.4883
-3.70478 1.02434
-3.44174 1.42351
-1.63579 0.115888
2.26955 -2.987
2.1284 4.12422
-2.52269 0.531715
1.21174 2.84542
-3.23278 1.09325
-4.3562 -0.0550305
-1.79867 0.896623
-4.33355 2.19691
-1.14382 1.66175
-3.99183 2.67806
-0.158625 -4.487
-3.46999 -2.55235
2.5317 2.07448
0.637606 -3.25763
1.52189 -0.0308289
-0.912813 4.29899
-0.279454 2.13829
-1.64262 3.84567
-3.53119 -0.640495
-1.09046 -2.5143
-0.250712 -0.429387
-3.96592 0.242158
-1.79788 0.597675
0.471291 1.01951
-1.27995 1.77817
-4.25387 2.30221
-4.5496 0.974211
-0.0814989 -4.21134
3.22423 -3.00514
-1.69399 -1.93427
-2.79466 2.9361
-4.79465 1.38966
-3.74324 -0.988412
-0.361014 -4.63836
-1.83415 2.92869
-3.04411 2.9861
-0.109756 1.46859
0.201995 -0.110729
-4.72513 0.606075
-3.90234 -0.239767
-3.88165 3.11038
1.56832 3.64122
0.339275 -3.45877
-1.34633 0.399976
-0.158157 -2.84669
-2.63137 1.98812
-1.97213 2.22184
-3.46385 -0.958982
-1.99295 0.390596
-0.436882 -3.64098
-2.69567 0.995355
-4.63083 0.0638834
-4.60231 -1.41639
-1.73494 -0.499173
-2.883 1.25201
3.04113 2.87768
-3.60089 2.88951
0.364048 -4.50649
-4.54515 -1.39217
-3.041 -2.1379
-4.87091 -0.799552
-3.55401 -1.70736
-0.474348 2.00617
-2.48906 -0.294207
-1.34338 -2.1419
-3.02393 -1.14931
1.64164 3.20733
-2.44762 1.80433
4.39289 -0.551586
-2.25966 -3.75535
-0.877754 1.33066
-0.338757 3.35405
-2.46908 -1.24567
-1.2798 0.179256
-2.358 -3.46799
-3.95663 0.511815
-0.862102 2.44491
-4.7842 1.01886
-0.227359 1.11219
-4.5114 0.344029
-4.06986 -1.74789
-0.470952 2.72402
-0.319882 3.79008
-1.63149 0.654087
-0.775226 -1.08864
1.73015 -4.5436
-4.4086 0.547812
-4.10064 2.68322
-2.31387 3.65531
-4.10412 1.50786
-0.755424 -0.90789
-2.72339 2.44901
-0.167373 -3.62896
-4.40274 -0.108366
-4.21973 -0.416393
-3.65324 -1.55799
-4.1118 0.726479
1.63363 -1.16292
-0.814829 -1.80823
2.10721 -4.52769
-3.61828 -1.74985
-2.96547 -3.28331
-1.31679 -2.33924
2.12932 4.17753
1.42204 3.19858
-1.5389 -0.0908582
3.45123 0.658172
-3.30766 3.55551
-1.48608 -0.824044
0.23772 -2.92876
-1.64753 -0.16382
2.85649 -1.21764
-1.32894 -4.33447
-2.49032 -3.19624
-4.03662 2.00355
-3.71499 -2.12773
-0.482269 2.85816
0.492662 -0.453008
0.0700811 0.477774
0.94031 1.79451
0.262406 1.53826
-3.78935 0.369457
-0.879048 0.886583
-3.88596 0.367746
2.68863 -2.5864
-2.55991 2.50193
-0.862251 -3.58997
-3.56792 1.53998
0.764044 3.0715
1.62355 -4.18059
-0.772574 -2.3851
-1.82395 2.36587
-1.10088 -2.09498
-4.02969 1.08515
-3.35777 -0.0270693
0.337707 -0.942619
-2.09053 0.243928
1.9087 3.15434
-1.18933 4.6835
-2.12285 1.57029
-4.79873 1.36647
1.08771 0.25334
-1.72024 2.91967
-3.19514 -1.9467
-1.01094 4.17711
-2.33197 1.92744
1.26012 0.961975
-1.05168 0.039133
1.38339 2.73733
-1.79376 -2.76082
-3.68577 2.45258
2.76516 0.839813
-1.81333 -0.050595
-3.24771 -2.03067
2.8273 -3.22882
-1.66874 -3.14211
-4.40712 -2.11759
0.919455 3.10001
-2.63439 -3.2334
-2.04552 -1.08181
-2.78054 1.95768
-3.83196 -2.69018
-0.669237 1.20962
-2.27272 -2.83268
1.85318 -3.15212
1.09632 -0.780303
0.0839358 -3.22709
-4.00551 -1.11386
1.71722 4.00265
1.76136 -1.51791
-3.30413 2.59596
-1.60869 4.09254
-0.00353264 -1.63409
0.596674 0.529499
-3.69788 2.57264
-1.84527 -0.36806
-2.53354 -0.592419
0.74062 -2.21285
-0.766885 4.07307
-1.61711 -4.68702
2.56938 -2.81376
-3.62833 -3.34416
-1.74769 2.89582
-3.95228 2.84421
-2.75817 -0.555011
-1.0166 2.23915
0.175312 -2.02097
2.60468 1.44808
-0.760621 2.48663
4.49115 -1.12671
3.28758 3.06477
-2.31248 -0.7549
-0.288312 4.14695
1.97431 1.00604
1.95422 -1.0962
-1.77215 -3.47534
-3.12867 -2.56719
-1.06711 1.1019
2.35327 -1.75483
-0.314749 4.35032
-2.78048 0.889956
-1.39153 -3.09891
-2.87672 0.622022
-4.11904 2.56052
-4.43898 0.810911
-3.29933 -0.913859
-3.15342 -3.40471
-1.98009 -1.69353
0.629446 3.38537
-4.06556 -2.35443
3.81622 -2.72785
-4.7753 1.33047
-1.0223 -1.41542
-4.79222 -0.94111
-2.37525 0.321773
-1.751 -4.59084
-3.86462 1.82799
-4.62351 1.25381
-2.50226 0.411697
-0.988561 -0.687191
3.74544 2.07925
-1.5387 1.83925
-3.04211 -3.9679
-3.83261 0.194199
1.58 3.44333
-2.49216 -3.26084
-0.982684 -3.9523
-4.38116 -2.06916
-3.05909 -3.55236
1.89638 2.34481
-1.58815 0.0425281
-2.16271 2.21527
0.626567 0.323261
0.986664 2.73355
-1.42441 -2.80337
-3.09995 -3.00705
-4.5028 0.297794
3.33829 -1.5159
-0.648508 0.736313
-4.63996 -1.20638
0.200667 -2.6654
-1.49058 -2.29629
-4.52047 -0.0488344
-1.70363 4.33453
-1.60562 -3.49691
-1.68155 3.40632
0.344553 -1.90539
-4.43033 -1.93019
3.15332 1.54415
-2.90107 -2.15014
-4.0349 1.6844
-0.43625 -3.52862
0.691154 2.39759
-3.56574 -1.05665
1.93454 -4.04122
-1.15553 -2.50304
0.0549089 -4.23079
-4.67841 1.48954
-0.197558 1.57354
0.0769983 -1.09963
-3.27777 0.257915
-1.29051 1.30619
-2.95737 1.9557
-3.14819 -3.09803
-1.60809 1.88252
-3.24931 1.82409
1.60278 -0.839718
-1.18456 -0.555151
-2.46558 2.6776
1.51449 -3.93129
-2.24689 -1.39968
-0.299924 4.93146
-1.52656 0.601089
-4.55777 -0.0569663
-3.75521 0.767272
-3.73327 2.00187
0.441087 -0.807032
3.31245 1.14545
-4.13531 2.53151
-3.15769 -1.41883
-0.636444 2.91322
2.62918 -2.27312
0.695229 -2.30826
2.28683 3.57013
-3.30981 -3.42755
2.85309 -3.25322
2.24838 -4.1364
1.49976 3.78593
-0.523905 -4.65007
-1.62196 2.02928
-2.30349 -4.26344
-2.61453 1.3893
1.04961 -4.58411
1.01763 0.785438
1.25503 0.565651
-2.82951 -1.12525
0.740439 1.76591
-2.45664 1.70568
1.54913 0.480944
-1.86621 2.45509
-1.03657 2.9515
-2.58998 -0.746559
3.52497 3.20524
-0.672382 -3.53316
-1.47687 -3.39298
0.176871 -4.9512
-2.56606 0.719226
-4.28636 1.74561
3.43522 -1.99262
-1.3377 -4.65032
-4.68903 -1.22511
0.756786 -2.21266
1.98098 -3.40619
3.66436 -3.12412
-4.82967 1.18024
0.122542 -1.11163
-1.50295 4.65732
-0.902696 -3.61148
1.33657 4.48451
2.41148 3.36571
-4.09728 -2.21422
-1.30578 -2.11779
1.13199 -0.924476
2.82595 2.74873
-0.603031 -1.21874
-3.57016 -0.479432
-0.567701 -0.545992
-3.4073 -1.61073
-3.80843 -2.81803
1.49691 -1.87777
-0.184743 1.45729
-1.11836 -1.84395
-3.79138 2.90829
-2.07329 -0.89478
1.74024 -3.06764
-1.93356 2.22928
-0.3746 -3.32929
0.584578 2.6154
1.67116 -1.47512
-3.0399 0.577105
-2.16436 0.626796
0.390251 2.91917
-2.62331 -3.08085
-1.63224 1.49518
-4.23886 1.36744
-0.947904 -4.29294
-2.75507 -1.00633
-2.3996 0.183649
1.61088 3.59009
-0.394041 3.76655
-4.01442 2.8059
-3.79258 2.43068
-3.19386 0.0187686
-2.46729 -1.30261
0.656852 -4.25183
-4.66533 1.49214
0.195071 2.45174
1.36991 1.77946
-4.0151 2.55931
-0.727647 0.474983
-2.14127 2.70825
-0.429285 3.15189
-1.42414 -0.03679
-0.602135 -0.993407
0.844061 1.50544
2.29054 -2.58801
2.85846 1.4763
0.682692 3.99161
0.46567 -0.124019
0.664331 0.974085
-3.51174 -2.80565
-0.54878 3.29834
-0.140138 -1.66802
-1.89451 3.00614
0.305463 -0.306302
-1.36801 0.770365
-1.66994 1.37219
-2.31447 -0.576021
-4.61685 -0.221007
-2.71554 2.20069
-2.46273 0.928508
3.26901 3.03073
1.37097 3.16675
-1.7252 4.22247
4.09256 2.86376
4.35823 1.21061
-3.63145 -0.838536
2.46486 -1.18743
4.28362 -2.21982
-0.333172 1.13319
3.73569 -3.28611
-3.62128 1.96754
-1.48072 -1.12325
-0.311899 -0.507699
-0.629184 1.836
-1.85854 -2.80813
-3.63561 0.868544
-0.609108 4.90057
-1.73016 -0.245747
-3.79922 2.29416
-2.00823 2.38018
1.92307 2.27193
1.7775 3.54311
-0.790139 -2.32312
-0.281144 2.64428
-0.925792 -1.31396
2.21243 1.28823
-0.717477 -1.68838
-1.57714 2.93585
-1.64523 1.75841
4.74918 -0.348795
-1.32797 1.66789
0.532083 -0.0814794
-2.6142 -1.43861
-3.52786 2.83544
-0.523191 4.54833
-3.17263 2.11938
-2.00176 2.30513
-4.45726 -0.884654
-1.09781 -3.2086
-4.77535 0.149276
3.85009 -2.09152
-0.848856 0.924161
-0.853175 0.494661
-0.900558 -0.718007
-3.48413 -3.07169
-4.488 -0.520786
-0.848077 -1.25642
0.684787 -3.58256
4.09981 2.38921
-1.79598 -1.28293
-4.35658 2.3852
-2.04388 -1.40752
-3.66883 -2.84534
1.0333 1.28715
1.99154 -3.74283
-0.96827 -2.36633
1.05705 -2.94246
-4.25892 -2.30823
-2.21621 1.06723
-0.539724 3.00427
1.1449 4.14061
-4.28732 0.953932
-0.766194 -2.84508
-0.825594 4.19528
-3.73755 -0.664216
-2.11678 3.39196
1.96427 1.87196
-1.94808 2.6779
-1.57287 -1.30834
-2.21726 3.63919
-3.13356 0.155599
1.91347 3.42947
1.99603 3.82694
-0.225617 -3.13561
4.7743 -1.40768
0.916251 -4.26027
1.56705 -3.15115
2.06755 -3.12769
-3.51418 -0.416582
-1.00151 4.25528
-2.3962 0.738749
-3.98798 1.77909
0.348162 -1.07172
-0.7775 1.22821
-4.56713 -0.0376568
-1.26792 -0.87106
-1.97371 0.314685
-3.59941 -0.993193
3.67246 -3.30435
1.65915 3.0661
-2.40026 -3.90221
-2.18051 3.53113
0.232983 -0.182335
0.857149 -1.61649
2.08288 4.07359
1.25438 -3.88371
-3.88667 -2.08312
-2.42121 2.02608
-1.6534 -3.71399
2.66121 3.0035
-0.559506 2.57918
-2.77054 -1.92226
-1.85835 -4.63144
-1.91614 -2.1836
-2.31054 0.102162
2.79869 -1.13802
-2.91507 0.0914679
-3.94925 0.130784
0.750392 1.44508
-4.81954 -0.77812
-3.60647 -2.99001
-1.37846 2.76635
-3.22054 -3.33987
2.11229 2.30395
1.84749 1.67564
-3.47912 1.853
-2.61095 3.5064
-0.728348 -1.94436
-2.6596 0.619006
2.20641 -2.65627
-1.44928 -3.2775
-2.80307 4.11519
-0.245831 -2.93234
-4.74001 -0.722606
-3.53015 1.92435
3.2866 -0.945094
-4.66791 -1.48652
0.486038 3.20585
1.23157 -4.18522
-3.87102 -0.662007
-3.80961 0.048593
-1.72362 -1.86622
-4.02788 2.28141
-2.84807 2.66831
-3.22321 -2.58257
4.32326 -0.40063
0.683052 3.372
-1.46816 0.539947
-4.20407 -0.0111188
-3.66599 2.6113
-2.65203 -0.656012
-4.40596 1.33738
-2.42276 -0.471858
-1.9793 -0.527041
-0.620501 -2.28284
-2.19288 -1.2912
3.1422 -2.58355
-1.59557 -3.09425
0.281804 1.94672
-1.40614 3.75557
-0.639743 -3.36246
-0.831611 0.131939
-2.33367 -2.72972
-4.30046 0.300634
-1.74697 2.78275
-0.462679 3.75658
-0.165724 -3.69044
-3.3551 -2.22063
-1.71353 3.17901
3.78819 3.01317
1.26019 3.56642
-3.1125 0.737847
-4.04319 -1.15387
-2.9627 3.40123
1.68219 3.43221
-4.32924 1.89977
0.0163325 3.25935
2.24389 4.21608
-3.01451 2.34226
2.20851 0.966805
2.5516 -2.98922
-3.75803 3.07931
-0.531269 -1.06055
3.43779 -2.05394
-2.86199 4.02573
4.685 1.25583
1.86629 4.45373
-1.56229 -2.53177
3.94901 -0.488017
0.903481 3.91986
-3.10907 -2.45282
-2.63497 -3.03539
2.81283 -2.56027
0.603754 3.82142
2.86848 3.38368
1.09018 1.19
-4.42913 0.197073
-3.76328 1.4521
3.62146 2.84993
-2.61839 -0.833253
-4.57079 -1.35173
-2.17618 -2.01664
-2.26361 -1.49438
-3.46344 -1.18467
-0.659228 -0.846893
-0.398257 -2.85371
-2.26193 -1.04321
1.32479 -3.57234
1.41246 4.08038
-0.449076 -4.48066
2.13683 3.77181
-4.74889 -0.779114
4.11723 -2.4083
-2.01261 -1.44144
3.72201 3.14663
2.65049 2.39715
0.196605 3.62972
-3.74099 -0.827473
0.16833 -4.34018
4.68069 0.600572
-0.166135 -1.7703
-0.393749 -4.44293
0.179617 1.91765
-2.93947 -1.28785
-3.43992 -2.56801
-2.91863 -2.65671
2.8423 -2.70135
-0.220612 -1.71044
1.1251 -0.720395
-3.45678 2.90576
-3.23045 0.89453
-1.41524 -1.70687
3.21003 3.6721
-3.88256 0.0200022
1.10825 -3.40693
-0.509369 -4.6504
-1.89123 -0.408704
-2.78358 -0.54839
-1.70317 1.33358
0.555788 4.49598
4.08197 -1.66351
-3.58726 1.31525
2.87254 -2.67386
1.11445 -3.19858
0.759085 0.630358
-0.813491 0.231397
-0.260727 -0.666675
-2.68404 3.62646
-0.676501 0.0167781
-3.80293 3.09294
-3.91622 -2.28186
-1.0634 3.68056
-0.277505 2.1404
1.15007 0.0592092
-0.123808 -4.12636
1.15565 -1.08932
-3.96802 2.14813
-3.4935 -1.60148
-3.24456 3.75993
-3.39966 1.32179
1.45066 -2.8329
-2.03258 4.00411
3.72408 2.96283
-3.83332 1.01004
-4.59336 1.00314
-4.19415 -1.91634
-3.08144 0.819223
0.371917 2.28837
2.76898 2.41407
-0.0800315 4.78263
-0.94586 -1.76263
1.48004 -3.21026
-3.54864 1.76361
1.41941 3.6132
1.29269 3.41069
-3.81555 0.503021
-4.05102 0.87838
-1.51991 1.0256
-2.86904 -3.8899
1.24002 1.90662
-1.02658 4.82708
1.88755 4.05272
4.26126 2.01539
4.07258 -1.79418
-3.40474 2.11336
2.52618 -3.89691
-2.8722 -0.479311
-2.46403 0.88096
-0.151955 -4.21814
-1.44629 1.22194
0.587562 -3.39843
-0.751881 0.434122
-1.85723 4.47734
1.24122 1.24615
-0.183098 -0.644196
3.71296 0.491973
2.29789 -2.05531
-3.2609 -2.71907
-0.936073 -4.84329
-1.38797 2.16442
-4.12134 -0.181843
2.03679 -4.52195
-1.93232 0.270549
-2.89513 -2.31169
-4.47777 -0.237193
-4.10976 1.41297
3.66296 1.80986
-0.420087 -2.5245
4.11741 0.464276
-4.44988 0.0534231
-1.5952 -0.898887
-3.51244 1.63999
0.967804 0.688073
-3.11538 -1.91861
-0.296276 0.606167
2.31149 -3.99145
-0.0467506 2.62684
-2.05791 -3.81185
-1.87724 4.35146
-3.46908 0.185418
2.04285 1.51214
-1.92693 -2.52561
-1.40581 1.62122
0.659659 4.61038
0.203883 -4.80432
-3.53779 -1.08674
-1.35519 -2.40471
0.258454 2.80006
-3.37774 1.8412
-3.49966 0.535403
-1.86562 -0.752655
0.469942 -3.50326
1.26952 -4.30453
-1.16347 -3.08741
-0.763237 -1.67739
-2.05027 -2.2508
-1.98583 -2.62323
-1.16003 -1.38533
-2.03365 1.18478
1.53879 2.92687
-3.70616 0.0609528
-3.31105 2.09105
1.6774 -4.15349
0.170542 -0.161684
-4.9581 -0.298678
-2.85158 1.81017
-0.993975 -0.186378
-4.67398 -1.55836
-3.62752 -0.139183
1.25843 -1.66618
-2.20015 -2.59877
-2.07893 -0.331964
-3.13836 -0.374234
-4.11744 -1.0454
-1.40547 -3.76445
-3.75978 -3.11276
0.0727711 -3.30444
-4.42378 1.48007
-2.9634 1.51669
-1.99839 -2.06499
-3.91693 -2.49499
-3.39072 0.840701
-4.12417 1.24662
-4.39724 -0.0993927
-3.12046 -3.89623
4.03825 2.35524
3.07487 -1.35066
-0.513258 2.50628
0.554023 1.47651
-2.25101 -0.731886
-3.39927 -1.03517
-1.63056 -2.57787
-1.91378 -0.489534
-3.28323 -2.0104
-0.047134 4.71119
-2.27789 -3.45601
1.76796 -2.69678
-1.60052 -1.43852
-4.31826 1.72955
1.19384 4.58446
-3.01989 -3.05572
-1.95238 -2.20316
1.98107 -2.9441
-4.87876 -0.228251
1.26664 3.47789
-3.1402 -1.95616
0.291995 1.86162
-1.00859 -1.60975
-0.972917 -2.09325
-0.775498 2.85134
0.978242 4.6889
-2.95457 0.929479
-2.74589 -3.50741
-2.44499 1.39277
-0.867675 2.20873
-2.2219 1.64025
1.39433 -2.7933
-1.51785 1.81181
-1.88536 -3.54417
-2.3119 3.22252
-4.64602 0.723147
3.30511 1.27617
2.92834 -2.2961
-1.25584 -3.70306
-1.99502 -2.0167
-0.821285 -4.85964
-1.73135 3.79403
-0.373858 -0.547892
-1.80361 -4.52829
-3.84993 0.627024
-2.8324 -1.64325
-3.65041 1.43299
-3.97588 -2.75414
-1.59648 1.21677
-1.18882 -3.57858
0.891764 -4.85631
-2.10329 -3.90645
-2.19552 0.439182
-1.80414 -2.37648
-0.330351 4.87842
-3.28553 -2.39647
-1.67771 4.60519
-1.38359 -3.61017
-0.99932 -2.48617
-3.64129 -2.96463
-4.53886 -2.08459
0.665036 3.34223
-2.78339 0.689458
4.85713 -0.76457
1.70612 4.01231
1.89062 -1.54918
-3.35508 -2.3628
-2.40778 -1.42648
-3.52083 -1.38374
0.278466 -3.68956
-4.10685 -0.494319
-0.463534 -1.40168
0.530549 1.60916
-4.77829 -0.890029
-0.521759 -2.89448
-2.48403 -0.565068
2.62447 1.70973
-4.08009 0.148225
-3.40362 2.06837
-4.31662 -0.653905
-2.89946 2.50288
1.25871 4.31813
-3.27113 1.07673
-2.08522 1.78511
-4.66816 1.68167
-0.16197 -3.56879
0.531277 1.98171
-0.157216 1.14864
-4.17629 0.647338
-1.15935 -2.54283
-2.63476 4.1461
-3.82137 1.58125
-4.10322 -0.594507
-3.1063 -3.19009
-1.66667 -0.545115
1.97672 -1.02886
-2.6842 0.0658934
-2.63092 -0.737925
-1.87998 -0.779929
-2.54499 0.954873
-0.33373 2.59113
-2.07776 1.2942
-4.5158 1.03249
-4.26893 1.73415
-2.14723 0.203536
-2.44514 0.8038
-4.28326 2.33506
-3.04084 0.917071
-4.54538 0.36607
-1.62792 -0.0791861
3.38758 -1.96566
-2.30322 -2.2551
-3.08984 -3.58644
2.52566 -2.14713
-0.990977 1.99757
-3.8491 -2.16623
-0.895995 -4.32417
0.414517 -1.08644
-2.6722 -0.077633
-0.328934 -3.31222
1.20298 0.709428
-3.87715 0.204444
-4.31459 -0.976985
1.84877 4.37477
0.588575 -0.872554
-3.9987 -0.0372258
2.28746 0.946682
-0.310025 3.54601
-2.55414 0.929838
0.0723829 3.62612
-2.59816 -4.15008
-0.931991 -3.48717
4.20455 1.71637
-0.572317 -1.36197
1.42737 -1.0613
-0.668063 2.35585
-1.96012 1.26997
0.596893 -4.56351
-0.71656 -2.28917
-3.47074 0.452358
-2.71226 -2.81536
1.36622 1.77556
-4.15082 0.654603
-3.61067 0.328111
-0.113514 -2.83234
-2.44604 -0.0299945
0.380558 4.78451
-3.75716 2.87956
4.13892 -2.171
-2.40708 -0.165206
-2.04932 -2.16905
0.379461 -3.9961
-3.5235 -0.692502
-4.21736 0.685387
-3.10476 -2.36923
-0.980356 4.60728
4.5005 1.1513
0.0835992 1.4556
-2.38231 0.5444
2.10526 -2.17948
-3.58871 -0.0932921
0.0866244 -3.13315
-2.31585 -0.785557
-0.817498 -4.59455
2.73523 -3.88537
4.30533 2.01622
-0.793206 -4.74513
-4.29421 -0.672025
-2.82833 -2.11974
-1.32191 2.97335
-2.59459 2.5564
-2.76168 -2.74684
0.265704 4.98025
1.73245 -0.511057
-3.14823 0.931667
0.722206 3.83166
-0.0398158 -3.39224
-4.07648 0.151618
1.39668 3.63421
1.92891 0.604743
-0.430667 -2.18384
-1.31987 -3.37434
-2.66377 4.13237
0.646067 -3.18049
-0.353238 -1.8709
4.07968 -2.81454
-1.47518 3.32713
-2.61069 2.04955
1.3732 -2.68352
-4.30336 0.488422
0.942708 2.64036
0.26975 -3.95695
-1.94 -1.38529
-1.62026 -3.97776
-2.48149 2.57225
-0.211552 3.7308
0.570619 -3.49184
1.12358 2.18465
0.455743 -2.6003
-1.83077 -1.9754
-1.33108 4.49029
-1.53211 2.63731
-1.24117 -2.47931
-1.18613 3.64196
3.03256 3.28463
0.58273 -0.534123
2.7833 3.99462
-4.0121 0.736773
-0.0832347 -3.67344
-0.707971 -1.97678
0.810427 -2.09592
-3.4881 -1.15365
2.74928 -2.86946
2.00901 -4.24512
-1.67476 0.39909
2.74797 -3.86203
-3.11663 -2.09871
0.462184 -1.49565
-3.41333 2.25584
-0.461273 -3.84275
-1.79352 -2.01891
2.77819 1.89601
3.49034 -0.307664
-0.687457 -2.61714
-1.72011 3.2368
4.67396 1.12775
-2.08938 1.47433
-1.94466 1.7101
-0.627744 -2.54711
-4.53905 -1.83141
-1.94977 0.688102
-3.59756 2.08424
-2.82429 -1.46805
-2.86837 -3.07311
-1.76754 2.34157
-3.7415 -0.982286
-4.63507 0.238671
-2.14289 0.817397
2.25228 2.2079
-0.184833 1.2212
-1.71601 -0.192881
-2.82915 -0.69157
-4.53191 -0.348703
-0.897832 0.34613
-1.85019 -2.1496
-1.58696 -3.8579
4.00258 -1.48859
-0.75469 -0.637405
-0.198969 -2.21659
-0.37662 -3.69322
-2.55424 -2.18692
1.05115 3.97251
-2.82338 -2.48977
-1.52834 0.97933
-1.71977 -1.95637
2.06824 -3.00112
-2.17065 2.38317
3.45974 -2.05747
0.410625 -2.27164
-3.46267 -0.0814525
-3.33159 -1.66402
-0.750132 1.43748
-2.49356 -3.87001
1.30476 1.45398
2.54592 2.20837
0.95042 2.97792
-3.12912 2.24698
-2.73498 4.16709
1.65003 4.31191
2.23805 4.32707
-0.118995 -0.568922
-1.61949 -2.19754
-1.39968 -1.11024
-0.885283 -0.971743
-2.55606 0.343194
-0.443854 2.31125
-3.11337 1.10555
2.25173 -2.0406
-3.80281 1.88079
-2.15573 1.26787
-2.33961 -0.689254
-4.00682 0.0250365
0.810481 3.32581
-3.13265 2.87355
-2.82642 1.38199
-0.136996 -0.784574
-1.1215 1.49407
-4.69037 1.57932
1.06003 2.48384
-3.5894 1.04904
1.12194 -2.22515
-0.0748413 -3.98519
2.21857 3.14107
-2.00507 3.48995
-0.248006 3.82581
-1.55548 1.31541
-3.71405 3.02954
-1.00617 2.73855
-0.344808 -0.443469
3.64317 2.19608
-1.04285 -3.81138
0.264548 -2.26723
-0.724598 -1.81033
1.92209 -4.44189
-0.714551 0.512704
-3.8298 1.88326
-0.632176 0.574636
-3.37781 -1.7925
-2.85411 0.796809
-0.436121 -2.71947
-0.148973 -4.63709
-4.20998 0.255295
1.90115 -2.69519
0.798537 -2.44314
-3.74687 -2.05234
-2.00633 3.07564
-3.03378 2.34734
1.57617 1.55486
-4.01527 2.38504
-2.10533 -1.03186
1.35978 -2.59518
2.30889 -1.9196
-2.9684 -0.674836
-1.49398 3.89879
1.62515 1.70272
1.34344 4.33016
0.745203 -1.21228
-3.0647 3.08407
-3.73319 -1.28271
1.57163 -3.55911
1.63691 3.98605
-1.16182 2.1286
-2.08201 0.982026
-0.7268 -4.26308
-3.64497 1.32031
-1.5667 1.11057
-2.26844 3.68715
-0.842533 -2.7757
-1.80238 2.17024
-4.01318 1.30799
0.986413 0.425248
1.10577 -0.997534
-1.57506 -2.59365
3.69826 2.94087
3.51045 0.433312
-3.07634 -2.99063
3.14149 2.06216
0.996747 -3.93514
-3.66659 3.1095
-4.84873 0.550055
-4.50618 0.688766
-4.04208 1.98575
-4.53822 1.07533
3.98246 -2.89943
-3.7594 -0.673751
-4.36148 0.101025
-3.05129 0.112118
0.00527282 -3.56697
-1.5419 1.70151
0.406024 -0.119273
4.06759 1.89792
2.16316 2.12244
-2.83237 2.38719
3.39235 3.13535
0.373 1.9058
-2.50018 3.8775
-2.38013 0.594266
-0.882166 -0.656325
-4.31673 0.351252
-4.48529 1.55014
1.57021 1.68778
-2.48219 2.95252
-0.478288 -2.52394
-3.1655 -3.13868
-0.417955 3.3437
2.44156 4.07957
-1.44982 -2.49623
-2.22273 -2.4272
1.55497 -1.77013
-0.105656 -4.21063
-3.22116 3.59624
-4.246 -0.805696
0.928264 2.52371
0.343053 -0.172711
-2.97831 2.07937
0.0849827 -0.278275
0.569305 1.45247
1.36782 3.71009
1.94277 3.98717
-4.27841 -1.74899
2.13242 3.45049
-4.54214 -1.62739
0.731252 -0.928705
-0.839836 2.61271
3.49554 1.34039
0.377753 -0.260028
-2.87191 -3.83365
-3.33851 2.79225
0.077124 -1.33083
-3.83519 -1.5915
-1.97816 -2.1609
-4.26149 -2.58487
1.83546 -0.491268
-2.22898 -0.179744
3.91558 1.37202
-1.98627 -0.17288
-3.84908 -0.109433
-0.294504 -3.40305
-0.746323 -0.381255
-2.63043 -0.959722
-3.44882 -1.87434
-3.12958 -2.69088
0.0250185 0.816511
-1.67101 -2.88773
-1.61899 -0.248831
-1.088 -0.456251
-2.81646 -1.80853
-3.43642 -0.921771
0.403882 -2.62613
-2.10605 0.311578
0.483395 1.75152
-4.36953 -2.10093
-2.32826 2.8015
-3.10236 3.79787
-1.73584 4.28472
-1.88379 -2.1497
-4.60235 0.639565
3.32503 -3.07767
-4.34789 1.12987
-2.665 -2.33736
-3.28238 1.37177
-1.7526 1.17576
-3.25084 -1.65262
-0.445145 1.5161
-4.39867 -0.869167
-3.85459 -2.37725
-3.42972 -1.37799
1.23983 -3.45137
-3.80986 0.0276305
1.44035 3.08588
0.559974 -0.0828457
-2.84584 0.137593
-4.40447 -0.394305
-0.0978811 4.45391
-3.33017 -1.04673
-4.03575 -2.05655
3.47261 -3.55034
-4.26814 -1.68497
-0.16382 -0.722959
-2.41789 4.1986
4.01131 1.57122
-1.64796 -3.78783
-3.32457 -0.636329
-3.45627 3.24641
-2.8116 3.91229
-4.41335 -1.08203
-1.1486 -0.23067
-1.07405 -0.372506
-3.27204 2.93326
0.906954 0.168851
1.19865 -4.10572
-2.36776 1.87757
-4.60149 0.0681797
-3.97747 -1.71523
-3.2939 -1.24993
0.548152 3.74622
-4.79691 -0.0511413
-2.83154 -0.0443139
-3.44372 0.645751
-4.33216 -1.86319
-3.5919 0.4849
-3.31408 3.374
1.80118 4.31798
-4.23251 -1.89782
-1.4122 1.06534
-0.925924 3.80246
-3.02359 0.318134
0.563003 -2.02491
-0.946991 4.06998
-3.35927 1.53173
1.16837 4.51992
0.15105 3.54765
-3.64981 1.87494
-4.72027 -0.161888
3.70233 1.67409
-4.54784 -1.55894
-3.90375 0.209058
-3.95479 -1.92441
-3.84577 0.262385
-3.20352 -1.5971
-3.12114 0.617281
-4.75776 0.0366401
1.0593 2.52605
-3.79431 0.822668
-0.328701 0.120559
-2.54735 0.0398823
-4.1657 -2.07478
-0.00634412 -1.25342
-2.32276 -3.65311
1.65921 4.35006
-2.06069 3.82434
-4.37254 1.13266
1.13812 3.9901
-4.12602 0.980832
-1.02302 -4.13977
-2.76837 2.04373
-1.62207 3.05217
-2.65254 0.466751
0.362266 -2.78888
-3.62245 -2.20166
-3.032 -0.804807
2.28667 -3.00651
-4.06738 0.374389
-4.2753 -1.22713
-3.35161 1.7844
-4.67122 0.659311
1.48689 -0.975487
-1.76934 3.27617
-3.35575 -3.15135
2.77284 2.8322
-1.83871 -3.38107
0.703352 0.312531
-4.55896 -0.0525585
-1.83468 1.73146
1.95134 -3.60004
-3.45435 -2.03677
-0.459968 2.27907
-0.0643023 3.91274
-3.90355 -0.784025
1.74863 -1.83633
-3.54146 -0.171327
-4.63308 1.54339
1.53947 2.69593
-1.63122 4.23264
0.212745 4.5134
0.0592023 -3.13583
-3.15751 -1.96924
3.65455 1.22782
-3.80317 -1.46458
-3.4934 0.460818
0.334612 2.72379
-0.572471 1.08177
-3.16254 1.07034
-1.00491 -0.903446
0.609021 -1.29179
-1.81943 3.59268
3.24019 -3.36789
-4.07086 0.417086
3.31667 2.52166
-0.738397 -2.37782
-0.333442 -2.90555
1.77372 1.35611
1.31357 -1.24167
1.21775 0.223078
3.18121 -2.93536
0.519564 3.74296
-3.16277 -1.42202
4.12031 1.91759
-2.1413 2.00352
-3.70047 3.25035
-2.70723 2.02001
-2.98696 -1.50766
-4.70678 0.275013
-4.67019 0.865162
-3.12317 2.8631
0.901073 -4.1139
0.281854 -3.73363
-4.54125 1.52594
-2.68108 -2.23355
-2.10013 -2.17418
0.884671 -2.21142
2.21979 -2.70839
1.02488 -0.369874
3.13307 -3.03709
-1.54339 -2.32966
-0.302102 -4.8246
4.06616 -0.448988
1.46028 4.75985
-3.58908 1.19159
3.53222 2.90638
1.0276 4.66196
0.65224 -2.57426
2.4603 1.05437
2.37008 -1.5521
-4.07258 1.13002
-3.35298 -0.933744
-1.97865 -3.9354
-1.90335 -0.785262
0.498058 1.39687
1.84251 -1.11079
-3.80456 -0.142094
2.18737 -2.24221
3.02842 3.26458
1.60373 -2.16874
-4.60841 1.69589
-4.82428 -0.336963
-0.540559 2.23472
-3.51805 3.12096
-0.92651 -2.93129
-1.03899 -0.85052
-3.47024 -3.43497
-2.17833 -1.28592
-0.00375921 1.59248
-1.30968 3.55527
4.03172 1.75707
0.934246 -1.83331
-2.16904 -0.260153
1.52721 -2.50395
-1.70727 3.2264
2.6615 1.62289
0.0781315 -0.231962
-0.334417 1.02437
2.09531 3.91758
-2.12388 -3.79593
0.339719 2.91958
-1.79634 -3.02377
-3.90257 -1.27531
-3.3653 0.0712625
-3.87583 -2.30938
-1.38758 -0.420646
-4.83316 1.08457
-2.83748 1.11335
-4.01126 0.502053
-3.94345 -1.29679
-0.756038 -1.7896
-3.88201 -2.98977
-2.91294 -4.05904
-4.17462 1.49108
1.64183 -3.35233
-1.29363 0.608618
0.455232 4.40455
-2.94086 -0.720873
-3.01857 2.77478
-1.33911 1.00128
-1.23537 1.39885
2.72543 -3.33155
-2.59753 -0.795436
3.50261 1.94103
0.42722 4.21837
-1.29009 4.58876
-0.475421 -1.87214
-2.09777 -4.40089
2.53035 3.30023
-4.15455 0.797829
-1.04142 -0.486395
0.591328 2.05836
-0.924929 -0.293698
3.91072 1.67563
-3.21629 2.2146
-3.82978 -2.70056
0.80591 -4.56015
-1.57067 0.517033
-1.4486 -1.05666
-4.13409 0.633756
-4.36591 1.86158
-0.0930338 1.83841
-1.28378 -0.369855
-1.94588 2.71126
3.44449 3.11617
1.78378 4.19929
-0.780703 -4.50284
-0.816873 -1.22747
-2.99458 0.493543
-2.26201 -4.31332
-2.54646 -4.23531
-2.91218 2.43999
-1.44423 2.16887
-3.07204 -3.39755
-4.1077 -2.69147
-0.541471 -0.162762
-4.20548 -0.611781
2.28969 0.440695
2.14458 -2.27815
4.40278 1.91224
3.97748 0.485991
-0.504268 1.49602
-0.144646 0.812864
2.72183 -2.65133
-3.48064 2.52601
-2.54493 -0.945756
1.19813 -3.46907
-1.65458 4.3904
2.06421 -4.05083
-1.95028 0.993878
-2.96864 -3.1852
-1.40404 3.02858
0.314177 -0.438961
-4.5914 -0.481908
1.32863 0.526519
-0.948849 0.256693
0.018988 -4.68547
-2.72164 0.855677
-1.16167 3.91381
-0.775559 -3.39991
-0.619621 -4.71684
-2.3137 1.97454
-2.29191 -0.244514
