0 inf inf inf
0.1 1.92491 2.37504 0.471374
0.2 1.68222 1.80049 0.21526
0.3 1.576 1.6974 0.261413
0.4 1.35184 1.37671 0.255149
0.5 1.25679 1.26798 0.20994
0.6 1.1543 1.13554 0.10747
0.7 1.10337 1.06698 0.049693
0.8 1.10442 1.06267 0.0612308
0.9 1.12523 1.01979 0.120599
1 1.06904 1.0163 0.050352
1.1 0.945466 1.05197 0.0526721
1.2 0.882225 1.01294 0.0289727
1.3 0.919177 1.11106 0.0193631
1.4 0.96016 1.02791 0.0509451
1.5 1.00638 0.985707 -0.0144683
1.6 1.01852 1.03272 -0.0505646
1.7 0.942072 0.994857 -0.0558156
1.8 1.04997 0.984587 -0.0355586
1.9 1.08564 0.983383 -0.044421
2 1.09534 0.985378 0.0409949
2.1 1.13533 1.04542 0.0530079
2.2 1.06845 0.98251 0.0537487
2.3 1.00215 1.02076 0.0346873
2.4 1.04986 1.0415 0.059956
2.5 1.04445 0.963015 0.0746149
2.6 0.979055 0.91786 0.088984
2.7 0.920871 0.87759 0.0627609
2.8 0.947263 0.878516 0.0817074
2.9 0.914532 0.904941 0.0822351
3 0.980333 0.888477 0.103914
3.1 0.962924 0.813898 0.106537
3.2 0.947114 0.857198 0.0669087
3.3 0.922514 0.85644 0.0615794
3.4 0.955509 0.811915 0.0587083
3.5 0.98875 0.822585 0.0983146
3.6 1.08631 0.836508 0.106499
3.7 1.06241 0.816364 0.0787308
3.8 1.01627 0.803068 0.0550591
3.9 0.995365 0.797717 0.0818999
4 0.982991 0.762814 0.0734268
4.1 0.962869 0.798373 0.0831536
4.2 0.957544 0.8249 0.0482319
4.3 1.00106 0.856393 0.0548189
4.4 1.01337 0.87356 0.0172704
4.5 0.995884 0.865376 -0.00780471
4.6 0.997126 0.839852 0.00885768
4.7 0.984577 0.876478 0.0530052
4.8 1.06205 0.882639 0.0144272
4.9 1.107 0.871377 0.0306656
5 1.09544 0.870562 0.0136971
5.1 1.08621 0.872846 0.0203894
5.2 1.05446 0.857256 0.0325284
5.3 1.02876 0.869582 0.0456438
5.4 1.00769 0.843155 0.0651793
5.5 1.01321 0.792932 0.0841715
5.6 0.996887 0.805897 0.0765815
5.7 0.965799 0.780831 0.0479114
5.8 0.96695 0.760549 0.0573774
5.9 0.961142 0.800056 0.0386857
6 0.925518 0.798201 0.0614935
6.1 0.931257 0.771998 0.064307
6.2 0.959393 0.765392 0.0807701
6.3 0.998138 0.790206 0.0414245
6.4 0.984509 0.812834 0.0615415
6.5 1.00755 0.798725 0.0807113
6.6 1.01859 0.762466 0.102179
6.7 1.01007 0.77094 0.0865064
6.8 0.998367 0.805253 0.0937136
6.9 1.00264 0.8408 0.103275
7 1.02537 0.875225 0.10618
7.1 1.0288 0.906021 0.104933
7.2 1.03793 0.878586 0.125137
7.3 1.03653 0.850884 0.133984
7.4 1.02797 0.843119 0.130956
7.5 1.03215 0.807138 0.145087
7.6 1.04579 0.809321 0.137409
7.7 1.04782 0.80397 0.0975336
7.8 1.04641 0.816168 0.0995205
7.9 1.04104 0.808313 0.11346
8 1.05313 0.805649 0.1014
8.1 1.03523 0.777636 0.0853026
8.2 1.00781 0.74842 0.089111
8.3 1.01872 0.776518 0.0989613
8.4 1.02554 0.774283 0.123237
8.5 1.05287 0.769588 0.148141
8.6 1.04829 0.789052 0.153462
8.7 1.0314 0.783543 0.144583
8.8 1.00912 0.804248 0.138814
8.9 0.998637 0.759412 0.144971
9 1.01266 0.759859 0.15295
9.1 1.0021 0.779434 0.155761
9.2 1.01032 0.759445 0.149388
9.3 1.02508 0.775985 0.158122
9.4 1.03037 0.725641 0.164788
9.5 1.00339 0.732756 0.151731
9.6 1.01472 0.701156 0.121021
9.7 1.02781 0.715232 0.130257
9.8 1.0201 0.69731 0.109538
9.9 1.03492 0.701929 0.0982585
10 1.03591 0.715246 0.0994774
10.1 1.04351 0.731459 0.100293
10.2 1.03942 0.739854 0.089396
10.3 1.00283 0.703458 0.077341
10.4 0.988339 0.734642 0.0887384
10.5 0.961223 0.750554 0.0652307
10.6 0.950498 0.752542 0.0534178
10.7 0.959025 0.7605 0.0551048
10.8 0.966592 0.75241 0.0265518
10.9 0.9898 0.751478 -0.00014982
11 0.943985 0.727133 0.00814246
11.1 0.932232 0.704452 0.00888297
11.2 0.906824 0.723769 0.00647292
11.3 0.895512 0.763067 0.0333477
11.4 0.891461 0.742669 0.00529313
11.5 0.889146 0.749031 0.00684606
11.6 0.903314 0.778032 0.0027743
11.7 0.913181 0.807759 0.00271673
11.8 0.895024 0.805995 -0.0158872
11.9 0.889421 0.815995 -0.026692
12 0.886283 0.80853 -0.0125394
12.1 0.90606 0.799638 0.00766704
12.2 0.904384 0.787453 0.00188545
12.3 0.938279 0.785728 0.00683353
12.4 0.934571 0.805214 -0.00574818
12.5 0.95122 0.843563 -0.0204063
12.6 0.977015 0.846469 -0.0194182
12.7 0.963794 0.849294 -0.0375931
12.8 0.98704 0.862608 -0.034739
12.9 0.994243 0.897697 -0.0459004
13 0.99777 0.922106 -0.0519325
13.1 1.00326 0.893621 -0.0523958
13.2 0.995867 0.888019 -0.0681879
13.3 0.969429 0.877216 -0.0869978
13.4 0.967346 0.872 -0.103854
13.5 0.959446 0.883013 -0.0836785
13.6 0.969528 0.894427 -0.0724411
13.7 0.970718 0.861801 -0.0726969
13.8 0.968386 0.884839 -0.0739856
13.9 0.961745 0.851764 -0.0723109
14 0.950539 0.832492 -0.0745851
14.1 0.943902 0.797159 -0.0622241
14.2 0.973653 0.820156 -0.056125
14.3 1.00065 0.837658 -0.0527918
14.4 1.01142 0.843557 -0.0614603
14.5 1.0105 0.84021 -0.0573806
14.6 1.01598 0.822614 -0.06906
14.7 1.00983 0.802748 -0.06138
14.8 0.998912 0.790403 -0.0571089
14.9 0.992533 0.787053 -0.0459311
15 0.969496 0.813602 -0.0235096
15.1 0.98239 0.779482 -0.0297196
15.2 0.972782 0.796463 -0.0411805
15.3 0.977487 0.797583 -0.0208165
15.4 0.960238 0.810017 -0.0221572
15.5 0.98786 0.802838 -0.0233383
15.6 0.982727 0.783791 -0.0343533
15.7 0.988447 0.782345 -0.0309834
15.8 0.981324 0.791474 -0.023432
15.9 0.972914 0.784924 -0.0106738
16 0.955769 0.791928 -0.014763
16.1 0.933156 0.788286 -0.0163914
16.2 0.937707 0.790123 -0.0299149
16.3 0.969597 0.787466 -0.0340279
16.4 0.944803 0.781328 -0.0428241
16.5 0.937232 0.795053 -0.0542361
16.6 0.906097 0.80726 -0.066925
16.7 0.908351 0.800983 -0.0713299
16.8 0.910031 0.841286 -0.0614977
16.9 0.917843 0.832881 -0.0501942
17 0.924693 0.857299 -0.0517522
17.1 0.911667 0.879828 -0.0470344
17.2 0.916226 0.892121 -0.0539731
17.3 0.911627 0.899908 -0.0732922
17.4 0.902652 0.90012 -0.0725568
17.5 0.884849 0.89518 -0.0692524
17.6 0.882808 0.895592 -0.0675185
17.7 0.86314 0.864646 -0.0680071
17.8 0.851864 0.886591 -0.0486579
17.9 0.844101 0.861377 -0.0456305
18 0.810361 0.848188 -0.0611075
18.1 0.803119 0.836788 -0.0630037
18.2 0.806608 0.848541 -0.0825102
18.3 0.807711 0.845466 -0.0728372
18.4 0.827612 0.841938 -0.0828469
18.5 0.82389 0.861342 -0.072162
18.6 0.820074 0.874464 -0.0757212
18.7 0.81564 0.873266 -0.0771037
18.8 0.800583 0.895029 -0.0726333
18.9 0.785781 0.892334 -0.0747783
19 0.783039 0.91277 -0.0853979
19.1 0.759393 0.928514 -0.0899191
19.2 0.78008 0.923067 -0.103999
19.3 0.76607 0.916806 -0.103059
19.4 0.756448 0.946409 -0.124263
19.5 0.782023 0.947163 -0.132818
19.6 0.770119 0.953758 -0.115299
19.7 0.777094 0.938784 -0.125337
19.8 0.775614 0.938435 -0.12045
19.9 0.776962 0.923147 -0.128112
20 0.778646 0.906591 -0.134763
20.1 0.786345 0.916559 -0.143186
20.2 0.773266 0.926064 -0.150179
20.3 0.775607 0.932179 -0.171049
20.4 0.762937 0.945782 -0.176004
20.5 0.765794 0.933705 -0.169752
20.6 0.77453 0.94563 -0.178406
20.7 0.767341 0.935419 -0.165333
20.8 0.752002 0.942116 -0.174182
20.9 0.768255 0.928332 -0.168445
21 0.756385 0.916751 -0.166393
21.1 0.76301 0.919616 -0.168093
21.2 0.755462 0.934368 -0.176537
21.3 0.745681 0.925851 -0.166109
21.4 0.742083 0.933345 -0.17381
21.5 0.728946 0.924215 -0.183367
21.6 0.73264 0.924128 -0.184871
21.7 0.712115 0.914647 -0.186786
21.8 0.717994 0.95017 -0.183394
21.9 0.735167 0.955933 -0.174677
22 0.729223 0.967146 -0.17041
22.1 0.759362 0.949007 -0.167293
22.2 0.75799 0.947327 -0.163804
22.3 0.744853 0.929352 -0.153562
22.4 0.741502 0.935224 -0.153489
22.5 0.727167 0.937218 -0.136347
22.6 0.749621 0.942755 -0.128272
22.7 0.755665 0.93833 -0.126316
22.8 0.754863 0.942051 -0.120165
22.9 0.768732 0.967733 -0.122595
23 0.759145 0.959016 -0.133103
23.1 0.7696 0.99429 -0.138793
23.2 0.769465 0.990651 -0.134468
23.3 0.773608 0.989331 -0.13964
23.4 0.770265 0.986116 -0.144995
23.5 0.779972 1.00455 -0.146228
23.6 0.795913 1.01263 -0.139998
23.7 0.792033 1.02458 -0.129484
23.8 0.805851 1.02723 -0.126853
23.9 0.79364 1.04719 -0.124635
24 0.799661 1.03234 -0.118374
24.1 0.816648 1.03393 -0.110212
24.2 0.819959 1.02353 -0.106843
24.3 0.821332 1.00118 -0.105692
24.4 0.826186 1.00661 -0.102874
24.5 0.836349 0.990914 -0.0927405
24.6 0.826422 0.977397 -0.0799585
24.7 0.843938 0.976783 -0.0835535
24.8 0.849433 0.986431 -0.0776377
24.9 0.845616 0.996398 -0.0644182
25 0.829224 1.0252 -0.0623634
25.1 0.819504 1.00899 -0.0651096
25.2 0.829612 1.00847 -0.0637951
25.3 0.832313 0.9983 -0.0484767
25.4 0.843802 1.02712 -0.0473786
25.5 0.840912 1.03161 -0.0570367
25.6 0.845235 1.03284 -0.0375345
25.7 0.83229 1.01783 -0.0409675
25.8 0.8303 1.01356 -0.0341805
25.9 0.822767 1.03028 -0.0284121
26 0.821545 1.02605 -0.0212807
26.1 0.831492 1.03598 -0.0264382
26.2 0.818608 1.05086 -0.0232654
26.3 0.832298 1.05749 -0.0253073
26.4 0.81507 1.03593 -0.0223943
26.5 0.834665 1.04583 -0.0232774
26.6 0.830201 1.00832 -0.0270672
26.7 0.830613 1.00028 -0.0376192
26.8 0.846844 0.982294 -0.0343681
26.9 0.837075 0.965106 -0.0341766
27 0.849933 0.958284 -0.0277518
27.1 0.855064 0.949667 -0.010888
27.2 0.868993 0.958526 -0.0078238
27.3 0.855697 0.957944 -0.00262374
27.4 0.841703 0.975481 -0.0112459
27.5 0.841331 0.948822 -0.00904296
27.6 0.84404 0.963628 -0.0106499
27.7 0.859602 0.964138 -0.0278117
27.8 0.885744 0.969732 -0.0331685
27.9 0.860938 0.95959 -0.0362364
28 0.869264 0.951002 -0.0312477
28.1 0.87565 0.940738 -0.0367951
28.2 0.870151 0.948848 -0.0425551
28.3 0.864859 0.963952 -0.0509774
28.4 0.847333 0.970179 -0.0434958
28.5 0.839327 0.980964 -0.0293526
28.6 0.830004 0.975546 -0.0376621
28.7 0.852875 0.988228 -0.0322561
28.8 0.845431 0.983759 -0.0258212
28.9 0.846847 0.951608 -0.0280075
29 0.858183 0.952094 -0.0286056
29.1 0.84725 0.971806 -0.0285758
29.2 0.842812 0.973343 -0.0386976
29.3 0.852472 0.97258 -0.0319566
29.4 0.847736 0.954314 -0.0317388
29.5 0.870058 0.950574 -0.0341146
29.6 0.847829 0.960384 -0.0377392
29.7 0.836255 0.956733 -0.0384052
29.8 0.830942 0.966512 -0.0388143
29.9 0.841115 0.96992 -0.0448129
30 0.841952 0.965839 -0.0333191
30.1 0.859898 0.98129 -0.039939
30.2 0.867232 0.975927 -0.0441204
30.3 0.875832 0.992725 -0.0449464
30.4 0.872158 0.998371 -0.0383746
30.5 0.851233 0.991695 -0.027665
30.6 0.843253 0.998817 -0.0251478
30.7 0.829005 0.998595 -0.0192382
30.8 0.846298 0.995338 -0.01741
30.9 0.836608 1.0009 -0.0216912
31 0.834673 0.993185 -0.0145812
31.1 0.845866 0.982974 -0.0197326
31.2 0.842277 0.984801 -0.0209458
31.3 0.838884 0.96676 -0.0144205
31.4 0.840206 0.95021 -0.0160176
31.5 0.832268 0.929216 -0.0211826
31.6 0.836668 0.912554 -0.0103238
31.7 0.829753 0.935748 -0.0109243
31.8 0.841219 0.938509 0.00537971
31.9 0.845603 0.952219 0.00440161
32 0.844574 0.958492 0.00648119
32.1 0.832718 0.948879 0.016706
32.2 0.832748 0.955631 0.00835138
32.3 0.831116 0.965438 0.0201343
32.4 0.835696 0.961671 0.0170313
32.5 0.83476 0.937623 0.0116418
32.6 0.837787 0.933328 0.00689612
32.7 0.839212 0.931356 0.00475608
32.8 0.81289 0.941856 0.00289621
32.9 0.81012 0.949236 0.0116211
33 0.809628 0.947211 0.0154797
33.1 0.815777 0.950041 0.0148757
33.2 0.813062 0.944995 0.0192533
33.3 0.829825 0.946827 0.00999756
33.4 0.840921 0.954304 -0.00421943
33.5 0.843355 0.95265 -0.00968592
33.6 0.856328 0.959276 0.00379926
33.7 0.856369 0.966693 0.00420288
33.8 0.856709 0.958063 -0.000971516
33.9 0.830738 0.96706 -0.0014974
34 0.835846 0.976674 0.00257224
34.1 0.833617 0.983322 0.0149855
34.2 0.825271 0.99082 0.0183017
34.3 0.841336 0.992464 0.0104486
34.4 0.843593 0.981268 -0.00337436
34.5 0.846748 0.985333 -0.0289288
34.6 0.83831 0.974461 -0.029127
34.7 0.816413 0.954188 -0.0234028
34.8 0.824668 0.95 -0.0200722
34.9 0.826625 0.956145 -0.0274451
35 0.817026 0.956838 -0.0255537
35.1 0.813246 0.961929 -0.0229802
35.2 0.817745 0.972894 -0.00905595
35.3 0.816619 0.960543 0.00781892
35.4 0.81095 0.957605 0.00342115
35.5 0.801442 0.959858 -0.00787179
35.6 0.788446 0.950505 -0.00950633
35.7 0.797976 0.953975 -0.0081941
35.8 0.799743 0.971017 -0.00788087
35.9 0.806697 0.963155 -0.00981907
36 0.813789 0.961915 -0.0189931
36.1 0.825967 0.960597 -0.0183366
36.2 0.824882 0.945246 -0.012151
36.3 0.840036 0.945896 -0.000659786
36.4 0.830435 0.948882 0.0129955
36.5 0.841673 0.945547 0.00663414
36.6 0.835762 0.938395 0.0113379
36.7 0.851262 0.949729 0.00860375
36.8 0.85531 0.961312 0.00903901
36.9 0.862307 0.949099 0.00582624
37 0.867232 0.951081 0.0173232
37.1 0.880476 0.95915 0.00792258
37.2 0.887962 0.951207 -0.00126614
37.3 0.882722 0.954784 -0.00975985
37.4 0.874342 0.96398 -0.0103598
37.5 0.881731 0.974635 0.00110699
37.6 0.863444 0.963111 0.00567288
37.7 0.874533 0.973572 0.0104155
37.8 0.856504 0.966756 0.0171608
37.9 0.861285 0.954927 0.0138049
38 0.863635 0.93999 0.015643
38.1 0.859758 0.927591 0.0204326
38.2 0.86817 0.910428 0.0105559
38.3 0.852051 0.91985 0.00747971
38.4 0.835541 0.910916 0.00362501
38.5 0.822708 0.912148 0.000529719
38.6 0.832389 0.894908 -0.00752003
38.7 0.84961 0.903918 -0.00694381
38.8 0.853436 0.904991 -0.0160608
38.9 0.849283 0.900699 -0.016343
39 0.861046 0.901908 0.00421932
39.1 0.851853 0.893513 0.00721291
39.2 0.853785 0.898946 0.0117236
39.3 0.851704 0.893399 -0.00677493
39.4 0.858213 0.901402 -0.00604123
39.5 0.843223 0.916617 0.0102311
39.6 0.837304 0.915202 0.00806415
39.7 0.830405 0.918214 0.0120351
39.8 0.836939 0.920074 0.0144859
39.9 0.837818 0.919619 0.0123551
40 0.841253 0.912818 -0.00101921
40.1 0.839185 0.903476 0.00857592
40.2 0.846683 0.900226 0.0187253
40.3 0.85313 0.919479 0.0166155
40.4 0.876559 0.898257 0.0181561
40.5 0.876805 0.883607 0.0259716
40.6 0.878446 0.878961 0.026495
40.7 0.897912 0.873515 0.0287166
40.8 0.899091 0.868608 0.0332683
40.9 0.895882 0.874231 0.0350892
41 0.902031 0.883 0.0414487
41.1 0.899977 0.867524 0.0455733
41.2 0.887521 0.875192 0.0448892
41.3 0.889173 0.886961 0.0505541
41.4 0.897964 0.883 0.0477299
41.5 0.897396 0.905446 0.0548423
41.6 0.907848 0.919799 0.0622359
41.7 0.932062 0.939888 0.0587988
41.8 0.911391 0.9409 0.0541424
41.9 0.894971 0.938341 0.0578152
42 0.891374 0.95262 0.0579616
42.1 0.900452 0.957184 0.0546774
42.2 0.90523 0.947274 0.0461039
42.3 0.899727 0.941035 0.0520003
42.4 0.9111 0.950138 0.044804
42.5 0.894348 0.962851 0.0425915
42.6 0.884199 0.970367 0.0420524
42.7 0.867979 0.97226 0.0352779
42.8 0.876033 0.988503 0.053102
42.9 0.885413 0.998751 0.06027
43 0.883612 0.991546 0.0648398
43.1 0.877661 0.986592 0.0641198
43.2 0.8806 0.984702 0.0575893
43.3 0.888617 0.971587 0.0490366
43.4 0.884567 0.969355 0.0496638
43.5 0.890383 0.978284 0.0328309
43.6 0.879287 0.987122 0.0348719
43.7 0.883142 0.988455 0.0412497
43.8 0.883709 0.977162 0.0361348
43.9 0.879764 0.982837 0.0411314
44 0.876815 0.986344 0.0287206
44.1 0.865754 0.970386 0.0275471
44.2 0.872948 0.967397 0.0248235
44.3 0.886857 0.988586 0.0319116
44.4 0.878528 0.98435 0.0241081
44.5 0.882913 0.989553 0.0166184
44.6 0.896953 0.991389 0.024308
44.7 0.896217 0.983165 0.0208943
44.8 0.89008 1.00291 0.0113581
44.9 0.885087 0.996223 0.0117908
45 0.891923 0.998574 0.0303073
45.1 0.886574 0.991438 0.0315495
45.2 0.872665 0.985085 0.0317769
45.3 0.883676 0.974957 0.0301238
45.4 0.889848 0.983826 0.0373289
45.5 0.890201 0.97035 0.0425052
45.6 0.890896 0.961177 0.0523339
45.7 0.880348 0.93872 0.0527909
45.8 0.879852 0.937451 0.0553309
45.9 0.873194 0.954628 0.0566462
46 0.863126 0.953881 0.0483277
46.1 0.862792 0.976526 0.0591215
46.2 0.876746 0.966679 0.0503116
46.3 0.876477 0.972647 0.0407916
46.4 0.877598 0.988306 0.0460591
46.5 0.885813 0.998111 0.0465198
46.6 0.876145 0.994514 0.0447559
46.7 0.881033 0.99609 0.0384789
46.8 0.874235 0.994028 0.0450769
46.9 0.853866 0.998592 0.0382325
47 0.855817 0.999356 0.0425611
47.1 0.856077 0.982005 0.0413835
47.2 0.854026 0.990441 0.040471
47.3 0.855312 0.97881 0.0350698
47.4 0.847784 0.974724 0.0286828
47.5 0.85889 0.969466 0.0277016
47.6 0.856673 0.97779 0.0323281
47.7 0.854074 0.966677 0.0306668
47.8 0.852313 0.985452 0.0311265
47.9 0.842945 0.983175 0.0221288
48 0.840021 0.978937 0.0142036
48.1 0.822854 0.987254 0.00961591
48.2 0.825545 0.978792 0.0130134
48.3 0.814354 0.970577 0.00837299
48.4 0.81037 0.981684 0.00528028
48.5 0.81348 0.995597 0.00550376
48.6 0.828904 1.00043 0.010177
48.7 0.823434 1.02512 0.0150957
48.8 0.815089 1.01634 0.0243145
48.9 0.801773 1.0217 0.0251654
49 0.811008 1.02674 0.0282548
49.1 0.804233 1.0112 0.0267576
49.2 0.790792 1.0174 0.0289548
49.3 0.794847 1.02088 0.0292839
49.4 0.792173 1.00978 0.027162
49.5 0.790286 0.998139 0.0293873
49.6 0.796798 1.00395 0.0311036
49.7 0.805573 1.01412 0.0333739
49.8 0.805985 1.01428 0.0322103
49.9 0.796224 1.01319 0.0277987
50 0.804711 1.01576 0.0301149
50.1 0.803612 1.01417 0.027046
50.2 0.815456 1.02104 0.0229319
50.3 0.820878 1.02456 0.0227985
50.4 0.818781 1.02217 0.0194072
50.5 0.81023 1.01802 0.0224977
50.6 0.805047 1.02316 0.0127576
50.7 0.795775 1.0241 0.00735005
50.8 0.804622 1.0199 0.0104483
50.9 0.816449 1.01705 0.0127086
51 0.829495 1.01318 0.00864101
51.1 0.840625 1.00591 0.000883942
51.2 0.831375 1.01321 0.00205599
51.3 0.825536 1.00812 -0.000898396
51.4 0.829844 1.00669 0.0122879
51.5 0.836986 1.01974 0.00620714
51.6 0.843305 1.01975 -0.00197527
51.7 0.840998 1.01187 -0.00795504
51.8 0.845323 0.999789 -0.0100331
51.9 0.849645 1.00264 -0.00365645
52 0.845628 1.02229 0.00518256
52.1 0.832083 1.03326 0.00493889
52.2 0.830367 1.04386 0.00315506
52.3 0.821621 1.0435 0.0101956
52.4 0.843257 1.04677 0.018791
52.5 0.846948 1.04152 0.0171179
52.6 0.852668 1.04448 0.0213413
52.7 0.855236 1.03434 0.00407117
52.8 0.857085 1.02507 0.0036799
52.9 0.842366 1.03597 0.00328203
53 0.835637 1.03378 -0.00311968
53.1 0.825467 1.02605 -0.00340236
53.2 0.830344 1.01488 -0.00504912
53.3 0.821055 1.0136 -0.00901525
53.4 0.814652 1.00782 -0.00702883
53.5 0.814967 1.00083 0.000563885
53.6 0.822175 0.990263 0.004471
53.7 0.825252 0.995632 0.00187966
53.8 0.824024 0.987784 0.002214
53.9 0.827675 0.982146 0.00241686
54 0.823071 0.977145 0.00921342
54.1 0.829687 0.985404 0.00181647
54.2 0.83838 0.979009 0.00272277
54.3 0.822692 0.990999 -0.000996247
54.4 0.829215 0.96953 -0.009152
54.5 0.824927 0.974596 -0.0093249
54.6 0.822374 0.986196 -0.013559
54.7 0.81878 0.990848 -0.0141144
54.8 0.814742 1.00019 -0.0130178
54.9 0.805643 0.981483 -0.00633331
55 0.802549 0.987409 -0.00125336
55.1 0.806442 0.985799 0.000586791
55.2 0.802723 0.98481 -0.00193903
55.3 0.799992 0.988417 -0.0101497
55.4 0.789095 0.995607 -0.0152929
55.5 0.803225 1.00511 -0.0106065
55.6 0.808576 1.00584 -0.00824018
55.7 0.804207 1.01284 0.00151583
55.8 0.813523 1.01945 4.71173e-05
55.9 0.811877 1.01342 -0.00454528
56 0.809461 1.00406 -0.00932193
56.1 0.823529 0.995536 0.00416629
56.2 0.817366 0.979285 0.00790379
56.3 0.818025 0.971862 0.0100801
56.4 0.814684 0.970605 0.00859415
56.5 0.806429 0.968349 0.00584815
56.6 0.804376 0.9637 0.0048122
56.7 0.793151 0.968285 -1.25323e-05
56.8 0.781652 0.976921 -0.00345193
56.9 0.784389 0.976886 0.00179449
57 0.771294 0.969653 -0.00334583
57.1 0.767014 0.959123 0.00386613
57.2 0.77932 0.962816 0.00513518
57.3 0.769102 0.965698 -0.000405564
57.4 0.773502 0.970702 -0.00600404
57.5 0.786498 0.962752 -0.00195994
57.6 0.786432 0.985185 -0.0165653
57.7 0.784394 0.984177 -0.0256306
57.8 0.7782 0.988448 -0.0275404
57.9 0.773631 0.9941 -0.026801
58 0.774439 0.987226 -0.012929
58.1 0.770118 0.967116 -0.0216315
58.2 0.763694 0.976007 -0.0231698
58.3 0.763193 0.984421 -0.0239729
58.4 0.766784 0.989041 -0.0222594
58.5 0.784006 0.991726 -0.0235184
58.6 0.7805 0.986177 -0.030424
58.7 0.776434 0.981095 -0.0244253
58.8 0.786796 0.985701 -0.0183247
58.9 0.791749 0.978637 -0.0165857
59 0.784189 0.980385 -0.0148761
59.1 0.780486 0.991456 -0.00556867
59.2 0.785511 0.998996 -0.00283415
59.3 0.769745 0.990984 -0.0178564
59.4 0.76113 0.991073 -0.0171999
59.5 0.766965 0.989146 -0.0156424
59.6 0.765111 0.996955 -0.0119899
59.7 0.757604 0.992314 -0.0149407
59.8 0.765492 0.990207 -0.0182558
59.9 0.756987 1.00349 -0.0136755
60 0.756813 0.999279 -0.00925127
60.1 0.755965 1.00674 -0.00481531
60.2 0.759585 0.990013 -0.00378322
60.3 0.769422 0.978219 -0.0042561
60.4 0.772645 0.970135 -0.00783407
60.5 0.777583 0.956277 -0.00449765
60.6 0.784177 0.961149 -0.00992995
60.7 0.783692 0.962739 -0.00801723
60.8 0.783414 0.967454 -0.00189177
60.9 0.781409 0.964891 -0.00138223
61 0.774554 0.976009 0.000788641
61.1 0.767175 0.978832 0.00897591
61.2 0.770161 0.987112 0.00348689
61.3 0.776054 0.983942 0.00713293
61.4 0.782012 0.99654 0.00567132
61.5 0.776688 1.00794 0.00452555
61.6 0.771395 1.01106 -0.00122018
61.7 0.759294 1.01473 0.00327828
61.8 0.752726 1.03661 0.00161815
61.9 0.755547 1.03781 -0.00251754
62 0.757418 1.03579 -0.00584983
62.1 0.764587 1.0415 -0.00923256
62.2 0.761771 1.04119 -0.0030697
62.3 0.758435 1.04198 -0.00286854
62.4 0.758273 1.05017 -0.00237973
62.5 0.757445 1.05795 -0.00663294
62.6 0.769125 1.05151 -0.0144513
62.7 0.760329 1.05644 -0.0174531
62.8 0.761226 1.05681 -0.0176127
62.9 0.75635 1.0701 -0.0222677
63 0.759382 1.07791 -0.0208084
63.1 0.761454 1.09393 -0.0144128
63.2 0.767356 1.09305 -0.020342
63.3 0.763272 1.08638 -0.0208248
63.4 0.767145 1.07903 -0.0203499
63.5 0.7688 1.08044 -0.0187258
63.6 0.761215 1.0849 -0.0169511
63.7 0.754653 1.08727 -0.00956393
63.8 0.759438 1.07924 -0.0128265
63.9 0.752374 1.08831 -0.00930089
64 0.753636 1.08368 -0.0139952
64.1 0.743343 1.08136 -0.00110071
64.2 0.745206 1.07645 0.00316165
64.3 0.752546 1.06905 0.00940852
64.4 0.754389 1.06386 0.00826627
64.5 0.769288 1.07104 0.00590359
64.6 0.771646 1.08163 0.000990567
64.7 0.772385 1.07804 0.0110893
64.8 0.775967 1.07233 0.0154781
64.9 0.772513 1.06724 0.012039
65 0.76153 1.07286 0.0177708
65.1 0.757977 1.06663 0.0178224
65.2 0.765507 1.06218 0.0242432
65.3 0.765468 1.06496 0.0269014
65.4 0.763417 1.06136 0.0229144
65.5 0.767589 1.04811 0.0281225
65.6 0.769708 1.04634 0.0286238
65.7 0.770656 1.06103 0.0343319
65.8 0.776034 1.06229 0.0351928
65.9 0.776393 1.07474 0.0368774
66 0.768109 1.07194 0.0392063
66.1 0.763117 1.07428 0.0335792
66.2 0.75551 1.08755 0.0267039
66.3 0.747918 1.09635 0.0223556
66.4 0.749744 1.10181 0.019126
66.5 0.75442 1.09836 0.0132903
66.6 0.755099 1.10252 0.0141901
66.7 0.761079 1.09487 0.0157658
66.8 0.759239 1.10493 0.0199699
66.9 0.745808 1.10693 0.025392
67 0.742392 1.10371 0.0294769
67.1 0.739126 1.11328 0.0366444
67.2 0.743532 1.10988 0.0408537
67.3 0.740919 1.12171 0.0381648
67.4 0.75214 1.10979 0.0346948
67.5 0.747964 1.09853 0.0285296
67.6 0.754125 1.08494 0.0242902
67.7 0.756365 1.07846 0.0285817
67.8 0.760924 1.07781 0.0326787
67.9 0.758422 1.06812 0.0318848
68 0.755466 1.06446 0.0275317
68.1 0.743748 1.04093 0.0315534
68.2 0.732698 1.03943 0.0323322
68.3 0.727936 1.0469 0.0263313
68.4 0.730225 1.03894 0.0257581
68.5 0.730071 1.04937 0.0228934
68.6 0.731469 1.05981 0.0267729
68.7 0.742996 1.04943 0.0293536
68.8 0.745307 1.05449 0.0321213
68.9 0.741791 1.05293 0.0287378
69 0.743295 1.03905 0.0289257
69.1 0.748317 1.04479 0.0347083
69.2 0.752765 1.03836 0.0332434
69.3 0.756827 1.03625 0.0376287
69.4 0.753227 1.01916 0.0376517
69.5 0.760473 1.03139 0.0364231
69.6 0.763798 1.03653 0.0412805
69.7 0.769884 1.0343 0.0442752
69.8 0.761641 1.03859 0.0427974
69.9 0.772207 1.0401 0.0377502
70 0.768231 1.03138 0.0403031
70.1 0.76997 1.02657 0.0297016
70.2 0.772251 1.03453 0.0363155
70.3 0.771045 1.037 0.0411237
70.4 0.766977 1.03016 0.0344615
70.5 0.767513 1.02646 0.0322447
70.6 0.767652 1.02555 0.0308133
70.7 0.76291 1.0309 0.0312663
70.8 0.772638 1.03898 0.0252457
70.9 0.767268 1.03781 0.0308819
71 0.768067 1.0397 0.0307738
71.1 0.762326 1.04856 0.0307672
71.2 0.757382 1.05364 0.0328573
71.3 0.747676 1.0759 0.034826
71.4 0.75335 1.06743 0.0432318
71.5 0.742184 1.06302 0.0511354
71.6 0.733114 1.07098 0.0559772
71.7 0.738888 1.07706 0.064461
71.8 0.739385 1.07868 0.0577117
71.9 0.743107 1.0804 0.0604069
72 0.742496 1.07713 0.0575862
72.1 0.739213 1.08027 0.0489243
72.2 0.732477 1.08293 0.0562043
72.3 0.739375 1.09052 0.0536301
72.4 0.737233 1.094 0.0557609
72.5 0.732714 1.09639 0.0635661
72.6 0.740142 1.10212 0.0540897
72.7 0.749698 1.12841 0.0580124
72.8 0.743053 1.10831 0.060198
72.9 0.745855 1.09937 0.0670566
73 0.745996 1.10464 0.0674323
73.1 0.740823 1.10834 0.0732731
73.2 0.73909 1.11183 0.0733917
73.3 0.740551 1.12139 0.0784477
73.4 0.736648 1.12745 0.077333
73.5 0.735894 1.13583 0.0735703
73.6 0.735074 1.13659 0.0758775
73.7 0.742303 1.14245 0.085638
73.8 0.749429 1.13235 0.0855577
73.9 0.751299 1.12837 0.0822378
74 0.749076 1.13177 0.0847606
74.1 0.756169 1.14184 0.0844428
74.2 0.771794 1.1499 0.0865785
74.3 0.777114 1.16501 0.0822109
74.4 0.77526 1.16102 0.0903786
74.5 0.782431 1.17451 0.0828336
74.6 0.779689 1.16418 0.071382
74.7 0.784405 1.16181 0.0670177
74.8 0.785425 1.16929 0.0642311
74.9 0.772198 1.18177 0.0595409
75 0.765813 1.18797 0.060961
75.1 0.767176 1.18979 0.0625078
75.2 0.76891 1.1813 0.0551334
75.3 0.768137 1.18344 0.0566139
75.4 0.768515 1.18878 0.0637266
75.5 0.770092 1.19756 0.0649399
75.6 0.758347 1.19974 0.074822
75.7 0.757595 1.18691 0.0769838
75.8 0.759911 1.18933 0.0782777
75.9 0.764614 1.16971 0.075208
76 0.762727 1.19047 0.0745356
76.1 0.753761 1.2021 0.0758759
76.2 0.751654 1.19587 0.0814673
76.3 0.752412 1.19928 0.078418
76.4 0.748038 1.21628 0.0820592
76.5 0.757344 1.20327 0.0848276
76.6 0.760185 1.21458 0.0819666
76.7 0.755521 1.20001 0.0845128
76.8 0.756427 1.19882 0.0798271
76.9 0.75294 1.20146 0.0688828
77 0.750923 1.19746 0.0674155
77.1 0.750818 1.1867 0.0666914
77.2 0.750594 1.18329 0.0692948
77.3 0.752034 1.19403 0.0685064
77.4 0.75286 1.19063 0.0640444
77.5 0.761237 1.18468 0.0698607
77.6 0.763805 1.19415 0.0651454
77.7 0.772369 1.19115 0.0636025
77.8 0.767823 1.18661 0.070247
77.9 0.773347 1.19515 0.0661767
78 0.772159 1.19822 0.0719537
78.1 0.775968 1.19871 0.0705037
78.2 0.780146 1.20264 0.0691252
78.3 0.781097 1.20226 0.0687999
78.4 0.778117 1.19605 0.0759515
78.5 0.782693 1.19968 0.0854348
78.6 0.784305 1.19866 0.0831531
78.7 0.791141 1.20368 0.0792356
78.8 0.781868 1.20992 0.0855277
78.9 0.786894 1.21604 0.0870618
79 0.78515 1.21864 0.0900651
79.1 0.779371 1.21581 0.0850823
79.2 0.773686 1.21782 0.0813298
79.3 0.764891 1.22207 0.0794642
79.4 0.773083 1.22262 0.0752272
79.5 0.783946 1.2252 0.0814861
79.6 0.781457 1.23582 0.0809587
79.7 0.780419 1.23531 0.0833755
79.8 0.780311 1.23379 0.0753653
79.9 0.785069 1.22844 0.0730569
80 0.783138 1.23192 0.0744566
80.1 0.778334 1.23997 0.083384
80.2 0.784043 1.23816 0.0851198
80.3 0.779725 1.22965 0.0898303
80.4 0.786575 1.22278 0.0928606
80.5 0.787577 1.22562 0.0889969
80.6 0.783573 1.23587 0.0888638
80.7 0.792866 1.23635 0.0824584
80.8 0.793678 1.24082 0.0817375
80.9 0.784289 1.23811 0.0883784
81 0.783607 1.24247 0.084699
81.1 0.783075 1.24005 0.0896174
81.2 0.777769 1.24253 0.0865983
81.3 0.780011 1.24915 0.0945297
81.4 0.79185 1.25008 0.103148
81.5 0.796239 1.24907 0.106073
81.6 0.797284 1.2511 0.106062
81.7 0.796171 1.26276 0.110268
81.8 0.796357 1.25924 0.109742
81.9 0.814567 1.25483 0.119078
82 0.820117 1.24877 0.113474
82.1 0.821544 1.23547 0.114869
82.2 0.818361 1.22966 0.104608
82.3 0.822988 1.22375 0.101226
82.4 0.823599 1.21943 0.101379
82.5 0.823175 1.22181 0.105417
82.6 0.83101 1.21657 0.104604
82.7 0.823938 1.22054 0.100101
82.8 0.822367 1.21716 0.0961556
82.9 0.822447 1.22168 0.097341
83 0.82299 1.22256 0.0995677
83.1 0.820743 1.22165 0.108403
83.2 0.825719 1.22028 0.107103
83.3 0.822144 1.22093 0.112646
83.4 0.820101 1.22615 0.112345
83.5 0.822918 1.2234 0.110792
83.6 0.815916 1.21276 0.116582
83.7 0.807962 1.20959 0.112838
83.8 0.807775 1.2032 0.118452
83.9 0.805059 1.20413 0.115695
84 0.799238 1.21214 0.11424
84.1 0.797991 1.22337 0.107064
84.2 0.791908 1.23447 0.101586
84.3 0.799697 1.24219 0.102195
84.4 0.804236 1.23398 0.102971
84.5 0.805611 1.23668 0.103799
84.6 0.810537 1.22562 0.10117
84.7 0.811854 1.21314 0.101167
84.8 0.809266 1.22019 0.104961
84.9 0.815784 1.21576 0.108602
85 0.813432 1.20834 0.107103
85.1 0.806661 1.20441 0.108528
85.2 0.808299 1.19709 0.107846
85.3 0.808887 1.19805 0.110697
85.4 0.800966 1.20034 0.109061
85.5 0.789322 1.21311 0.106652
85.6 0.787136 1.20997 0.110026
85.7 0.787448 1.21657 0.114333
85.8 0.791918 1.23782 0.12092
85.9 0.799286 1.23758 0.135959
86 0.799547 1.23949 0.136217
86.1 0.801762 1.23897 0.136337
86.2 0.80098 1.23597 0.141038
86.3 0.794864 1.24366 0.136576
86.4 0.798505 1.23419 0.135516
86.5 0.805454 1.2318 0.136469
86.6 0.80969 1.23464 0.128964
86.7 0.817524 1.23524 0.131594
86.8 0.811882 1.23189 0.137885
86.9 0.817106 1.23647 0.141915
87 0.814493 1.2348 0.137446
87.1 0.81188 1.23652 0.138028
87.2 0.797137 1.22251 0.132703
87.3 0.805311 1.21975 0.13464
87.4 0.811757 1.21795 0.129115
87.5 0.81347 1.20946 0.129218
87.6 0.812139 1.20542 0.137592
87.7 0.819665 1.21239 0.141284
87.8 0.808508 1.20194 0.140337
87.9 0.811471 1.2126 0.14401
88 0.815225 1.20788 0.145091
88.1 0.812109 1.21191 0.139966
88.2 0.81113 1.22409 0.139545
88.3 0.81873 1.22223 0.137316
88.4 0.829571 1.21995 0.143059
88.5 0.827713 1.22383 0.14405
88.6 0.826664 1.21097 0.14917
88.7 0.820848 1.21417 0.145239
88.8 0.819258 1.21073 0.145866
88.9 0.813632 1.20913 0.146521
89 0.811736 1.20291 0.140272
89.1 0.816643 1.20403 0.14172
89.2 0.814564 1.20766 0.135987
89.3 0.815718 1.20886 0.136271
89.4 0.81869 1.2109 0.130186
89.5 0.815635 1.20204 0.131975
89.6 0.818156 1.19742 0.139678
89.7 0.818358 1.20545 0.135803
89.8 0.82499 1.20805 0.134986
89.9 0.830604 1.20694 0.131811
90 0.830762 1.20335 0.135503
90.1 0.837489 1.20076 0.139912
90.2 0.843953 1.21035 0.138501
90.3 0.838466 1.22664 0.141435
90.4 0.836988 1.2283 0.136818
90.5 0.844543 1.23757 0.142287
90.6 0.83848 1.22458 0.142671
90.7 0.834714 1.2117 0.140352
90.8 0.828889 1.21022 0.143969
90.9 0.827296 1.21265 0.142283
91 0.816586 1.20836 0.141409
91.1 0.80452 1.21455 0.140825
91.2 0.806119 1.22311 0.142082
91.3 0.810081 1.21575 0.137667
91.4 0.809443 1.22413 0.133964
91.5 0.809323 1.21716 0.136579
91.6 0.80408 1.21185 0.141875
91.7 0.796223 1.20883 0.143212
91.8 0.792009 1.21234 0.132945
91.9 0.796628 1.22662 0.126444
92 0.807708 1.22054 0.12815
92.1 0.793495 1.21914 0.133539
92.2 0.790134 1.2037 0.1371
92.3 0.785625 1.19995 0.140194
92.4 0.797741 1.2037 0.1458
92.5 0.799636 1.21939 0.150754
92.6 0.803758 1.20992 0.157853
92.7 0.800442 1.20526 0.155916
92.8 0.800139 1.19854 0.160301
92.9 0.804891 1.19592 0.154922
93 0.810102 1.20709 0.153131
93.1 0.810165 1.20974 0.153852
93.2 0.817564 1.20604 0.151599
93.3 0.817617 1.21313 0.1433
93.4 0.826357 1.2036 0.14018
93.5 0.837626 1.19781 0.140225
93.6 0.840811 1.18979 0.132341
93.7 0.848514 1.17595 0.134374
93.8 0.855847 1.17566 0.14554
93.9 0.860861 1.1713 0.146418
94 0.8605 1.16105 0.150014
94.1 0.853124 1.16074 0.152539
94.2 0.85974 1.17045 0.159279
94.3 0.865604 1.16567 0.150986
94.4 0.8685 1.16337 0.148582
94.5 0.869471 1.159 0.153296
94.6 0.866025 1.15156 0.153198
94.7 0.869007 1.13704 0.15066
94.8 0.86548 1.14623 0.157143
94.9 0.86117 1.15008 0.153244
95 0.848689 1.14735 0.153893
95.1 0.856124 1.1477 0.15221
95.2 0.856875 1.15639 0.153783
95.3 0.850421 1.16248 0.160041
95.4 0.831799 1.1693 0.157612
95.5 0.834191 1.16493 0.155969
95.6 0.836952 1.16378 0.156639
95.7 0.8312 1.15291 0.156935
95.8 0.832977 1.14779 0.158194
95.9 0.832596 1.14699 0.160827
96 0.830132 1.14639 0.166129
96.1 0.820374 1.14787 0.160915
96.2 0.818851 1.14598 0.156929
96.3 0.813756 1.15064 0.160751
96.4 0.804235 1.1463 0.157015
96.5 0.803539 1.14364 0.162673
96.6 0.796937 1.13944 0.167372
96.7 0.798184 1.13564 0.173482
96.8 0.802904 1.13368 0.168557
96.9 0.796908 1.13406 0.171485
97 0.795329 1.12799 0.176111
97.1 0.789083 1.12584 0.179222
97.2 0.791135 1.1229 0.176836
97.3 0.788057 1.11058 0.176456
97.4 0.780781 1.12631 0.172446
97.5 0.774556 1.12097 0.171033
97.6 0.776221 1.11335 0.16228
97.7 0.779956 1.12269 0.161466
97.8 0.786387 1.12518 0.159111
97.9 0.789412 1.13003 0.162722
98 0.784073 1.13723 0.154495
98.1 0.78287 1.13559 0.153867
98.2 0.784737 1.12667 0.147356
98.3 0.783344 1.12964 0.150861
98.4 0.789265 1.13467 0.144279
98.5 0.788179 1.13697 0.145823
98.6 0.789209 1.14545 0.149974
98.7 0.788287 1.1464 0.147608
98.8 0.785401 1.14271 0.152059
98.9 0.78127 1.13777 0.148458
99 0.783163 1.14924 0.149738
99.1 0.775452 1.14586 0.144507
99.2 0.769204 1.13994 0.149345
99.3 0.775995 1.1413 0.153347
99.4 0.781905 1.13577 0.153193
99.5 0.78205 1.14068 0.150289
99.6 0.786422 1.1423 0.158887
99.7 0.791157 1.14132 0.158685
99.8 0.792982 1.13905 0.160149
99.9 0.803047 1.13263 0.162995
