0 inf inf -inf
0.1 1.99981 1.99664 0.00123228
0.2 1.49165 1.49403 -0.00311688
0.3 1.32969 1.32787 0.00176011
0.4 1.24544 1.24668 -0.00440278
0.5 1.19599 1.19634 -0.00316249
0.6 1.16531 1.16116 -0.00250444
0.7 1.14629 1.13602 -0.00583438
0.8 1.12614 1.11991 -0.00157395
0.9 1.10919 1.10939 -0.000956468
1 1.09883 1.09533 -0.00044815
1.1 1.08857 1.0848 -0.00349749
1.2 1.0816 1.07845 -0.00102029
1.3 1.07447 1.07251 -0.000780537
1.4 1.07046 1.07102 -0.0020455
1.5 1.06472 1.06549 -0.00189353
1.6 1.05661 1.06373 -0.00125195
1.7 1.05281 1.06035 -0.00030331
1.8 1.04941 1.05752 0.000343204
1.9 1.0452 1.05512 0.000884877
2 1.04284 1.05239 0.00251016
2.1 1.04067 1.05194 0.00280867
2.2 1.0397 1.05027 0.00240976
2.3 1.03877 1.05009 0.00215326
2.4 1.03661 1.04943 0.000164215
2.5 1.03587 1.04914 0.00147156
2.6 1.03548 1.0492 0.00176125
2.7 1.03582 1.04845 0.000587647
2.8 1.03518 1.04616 0.000475352
2.9 1.03303 1.04353 0.000704563
3 1.03098 1.04336 0.000862681
3.1 1.0292 1.04146 0.000233084
3.2 1.02855 1.04061 0.000551934
3.3 1.02884 1.04004 0.000598353
3.4 1.02749 1.03829 0.000493077
3.5 1.02891 1.03685 0.000752174
3.6 1.02863 1.03614 0.00120588
3.7 1.0273 1.03555 0.000471019
3.8 1.02822 1.03702 -0.000291663
3.9 1.02751 1.03641 -0.000653964
4 1.02789 1.03576 -0.000601999
4.1 1.02643 1.03647 -0.00078873
4.2 1.02615 1.03513 -0.00134451
4.3 1.02548 1.03394 -0.000973919
4.4 1.02487 1.03376 0.000182678
4.5 1.02366 1.03313 0.000341925
4.6 1.02459 1.03065 0.000493838
4.7 1.0251 1.03023 2.8635e-05
4.8 1.02484 1.02767 -0.000326889
4.9 1.02402 1.02817 -0.000694903
5 1.02344 1.02568 -0.000906115
5.1 1.02201 1.0245 -0.00149648
5.2 1.02073 1.02496 -0.000753373
5.3 1.01898 1.02376 4.70046e-05
5.4 1.01861 1.02307 -1.36363e-05
5.5 1.0174 1.02187 -0.000256423
5.6 1.0166 1.0212 -0.00135127
5.7 1.01611 1.02083 -0.00142481
5.8 1.0165 1.02041 -0.0013218
5.9 1.01496 1.02038 -0.00228941
6 1.01557 1.02051 -0.00233011
6.1 1.01513 1.01931 -0.0028039
6.2 1.0151 1.01855 -0.00320534
6.3 1.01497 1.01906 -0.00336834
6.4 1.01583 1.01962 -0.00357718
6.5 1.01571 1.01789 -0.00251431
6.6 1.01588 1.01844 -0.00224174
6.7 1.01552 1.01716 -0.00277121
6.8 1.01435 1.01614 -0.00309571
6.9 1.01491 1.01636 -0.00181763
7 1.01397 1.01727 -0.00103605
7.1 1.01436 1.01801 -0.00126224
7.2 1.01403 1.01794 -0.00191813
7.3 1.01553 1.01725 -0.00195868
7.4 1.01447 1.01714 -0.00221402
7.5 1.01403 1.01825 -0.00189247
7.6 1.01474 1.01778 -0.00224033
7.7 1.01383 1.0174 -0.00178322
7.8 1.01386 1.01778 -0.00156211
7.9 1.01337 1.01825 -0.000984321
8 1.01282 1.01767 -0.00092283
8.1 1.01279 1.01736 -0.000631213
8.2 1.01238 1.01665 -0.00115948
8.3 1.01271 1.01596 -0.00151663
8.4 1.01324 1.0159 -0.00183212
8.5 1.01363 1.01594 -0.00118451
8.6 1.01393 1.01581 -0.00116836
8.7 1.01363 1.0157 -0.000563576
8.8 1.01397 1.01591 -0.000918289
8.9 1.0141 1.01648 -0.000545932
9 1.01367 1.01645 -0.000754252
9.1 1.01276 1.01716 -0.00104851
9.2 1.01135 1.01814 -0.00092992
9.3 1.01053 1.01845 -0.000916357
9.4 1.00909 1.01791 -0.000613496
9.5 1.00913 1.01764 -0.00100851
9.6 1.01009 1.01764 -0.00110911
9.7 1.00974 1.01798 -0.000998101
9.8 1.01076 1.01799 -0.000882871
9.9 1.01076 1.01703 -0.000924907
10 1.01015 1.01791 -0.000903337
10.1 1.00944 1.01726 -0.00157684
10.2 1.00814 1.01637 -0.0016191
10.3 1.00667 1.01515 -0.00153988
10.4 1.00711 1.01527 -0.00119564
10.5 1.00686 1.01588 -0.000991982
10.6 1.00688 1.01565 -0.00103959
10.7 1.00631 1.01749 -0.00164506
10.8 1.00637 1.01759 -0.00154829
10.9 1.00632 1.01712 -0.00132608
11 1.00593 1.01684 -0.00112188
11.1 1.00678 1.01703 -0.000673712
11.2 1.00631 1.01739 -0.000893041
11.3 1.00513 1.01695 -0.00085277
11.4 1.00397 1.01677 -0.00157222
11.5 1.00422 1.01662 -0.00165709
11.6 1.0045 1.01655 -0.00265934
11.7 1.00489 1.01653 -0.002523
11.8 1.00443 1.01705 -0.00246239
11.9 1.00594 1.01685 -0.00215409
12 1.00655 1.01717 -0.00255772
12.1 1.00645 1.01759 -0.0023846
12.2 1.00585 1.01724 -0.0025038
12.3 1.00559 1.01694 -0.00215051
12.4 1.00549 1.01742 -0.00279899
12.5 1.00601 1.01742 -0.0029331
12.6 1.00652 1.01751 -0.00240341
12.7 1.00623 1.01829 -0.0018688
12.8 1.00608 1.01822 -0.00171238
12.9 1.0063 1.01784 -0.0013146
13 1.00594 1.01678 -0.00188977
13.1 1.00571 1.01668 -0.00159699
13.2 1.00547 1.01663 -0.00220143
13.3 1.00471 1.01594 -0.00219398
13.4 1.00357 1.01527 -0.00190172
13.5 1.00334 1.01554 -0.00250744
13.6 1.00291 1.0153 -0.00281174
13.7 1.00333 1.01511 -0.00252296
13.8 1.0033 1.01514 -0.00247513
13.9 1.00361 1.01569 -0.00198149
14 1.00356 1.01531 -0.00144593
14.1 1.00396 1.01499 -0.00120522
14.2 1.00304 1.01482 -0.000722567
14.3 1.00314 1.01474 -0.000310936
14.4 1.00196 1.01496 -0.000597466
14.5 1.00209 1.01508 0.000380181
14.6 1.00244 1.01608 0.000598809
14.7 1.0028 1.01616 0.000376639
14.8 1.00261 1.01644 0.000250029
14.9 1.00245 1.01643 0.000128246
15 1.00169 1.01549 -0.000159448
15.1 1.00173 1.016 4.22615e-05
15.2 1.00078 1.01594 -0.00073592
15.3 1.00087 1.01602 -0.000111451
15.4 1.00071 1.01538 -0.000173355
15.5 1.00029 1.01544 -0.000684694
15.6 1.00061 1.01578 -0.00105015
15.7 1.00057 1.01689 -0.000740128
15.8 1.00051 1.01756 -0.00104232
15.9 0.999136 1.01813 -0.00100572
16 0.998921 1.01782 -0.000785522
16.1 0.999291 1.01716 -0.00114652
16.2 0.999557 1.01668 -0.00118994
16.3 0.999174 1.01688 -0.00156279
16.4 0.999867 1.01761 -0.00191191
16.5 1.0008 1.01754 -0.001519
16.6 1.0001 1.01705 -0.0016186
16.7 1.00018 1.01693 -0.00146036
16.8 0.999929 1.01745 -0.00174747
16.9 0.999683 1.01658 -0.0020421
17 0.99963 1.01658 -0.00206024
17.1 1.0005 1.01626 -0.00224919
17.2 1.00126 1.01657 -0.00197876
17.3 1.00127 1.01607 -0.00211805
17.4 1.00057 1.01683 -0.00195298
17.5 1.00029 1.01669 -0.00200706
17.6 1.00048 1.01753 -0.00238962
17.7 1.00043 1.01749 -0.00217962
17.8 1.00001 1.01741 -0.00236984
17.9 1.0001 1.01723 -0.00253444
18 0.999329 1.01743 -0.0025591
18.1 0.998955 1.01783 -0.00266019
18.2 0.999721 1.01796 -0.00292595
18.3 1.00052 1.01726 -0.00280672
18.4 1.00017 1.01812 -0.00279463
18.5 0.999914 1.01928 -0.00271622
18.6 0.999769 1.01894 -0.0028016
18.7 1.00012 1.01849 -0.00309447
18.8 1.00033 1.01952 -0.00303274
18.9 0.99967 1.01932 -0.00368259
19 0.999302 1.01856 -0.00367551
19.1 0.999633 1.01833 -0.00403406
19.2 0.999695 1.01828 -0.00441958
19.3 0.999189 1.01815 -0.00421569
19.4 0.99986 1.01781 -0.00409114
19.5 0.999977 1.0176 -0.00309891
19.6 0.999758 1.01702 -0.00272994
19.7 0.999547 1.0163 -0.00238017
19.8 0.999357 1.01534 -0.00207584
19.9 0.999075 1.01542 -0.00173526
20 0.999576 1.01493 -0.00180154
20.1 0.999367 1.01446 -0.00158262
20.2 0.99971 1.01467 -0.00137393
20.3 0.9996 1.01479 -0.00139094
20.4 1.00009 1.01449 -0.00128472
20.5 0.999742 1.01517 -0.00166893
20.6 0.999562 1.01499 -0.00194589
20.7 0.999416 1.01444 -0.0022526
20.8 0.999496 1.01413 -0.00284744
20.9 1.00008 1.0148 -0.0029017
21 0.999892 1.01469 -0.00260841
21.1 0.999832 1.01442 -0.00231453
21.2 1.00033 1.01455 -0.0026147
21.3 1.00078 1.01455 -0.0027205
21.4 1.00007 1.01501 -0.00304978
21.5 1.00012 1.01542 -0.00346573
21.6 0.999494 1.01541 -0.00338504
21.7 0.999135 1.01514 -0.00331664
21.8 0.999477 1.01479 -0.00366199
21.9 0.999296 1.01438 -0.00382905
22 0.999023 1.01436 -0.00430138
22.1 0.998904 1.0139 -0.00425522
22.2 0.998732 1.01308 -0.00401959
22.3 0.999295 1.01288 -0.00393977
22.4 0.999379 1.01267 -0.00385974
22.5 0.999044 1.01304 -0.00329837
22.6 0.999972 1.01332 -0.002992
22.7 1.00005 1.01332 -0.00320589
22.8 1.00005 1.01265 -0.00308334
22.9 0.999807 1.01239 -0.0030426
23 1.00031 1.01275 -0.00304935
23.1 0.999649 1.01254 -0.00263291
23.2 0.99966 1.01194 -0.0029302
23.3 1.00001 1.01116 -0.00306461
23.4 1.00034 1.01128 -0.00284457
23.5 1.00018 1.01147 -0.0027787
23.6 1.00027 1.01219 -0.0028299
23.7 1.00013 1.01139 -0.00322536
23.8 1.00061 1.01176 -0.00320391
23.9 1.00093 1.01229 -0.00364447
24 1.00139 1.01285 -0.00372621
24.1 1.00184 1.01375 -0.00382123
24.2 1.002 1.01372 -0.00403654
24.3 1.00273 1.01366 -0.00401969
24.4 1.00216 1.01417 -0.00365437
24.5 1.00191 1.01368 -0.00400602
24.6 1.00179 1.01366 -0.00403533
24.7 1.00233 1.01443 -0.00446897
24.8 1.00291 1.01429 -0.00404576
24.9 1.00315 1.01313 -0.00411744
25 1.00352 1.01339 -0.00442372
25.1 1.00358 1.01383 -0.00453723
25.2 1.00382 1.01338 -0.00438834
25.3 1.00379 1.01286 -0.00417997
25.4 1.00392 1.01321 -0.00464416
25.5 1.004 1.01339 -0.0049213
25.6 1.00422 1.0133 -0.00473872
25.7 1.00374 1.0129 -0.00497221
25.8 1.00359 1.01265 -0.00552424
25.9 1.00315 1.01235 -0.00563454
26 1.00374 1.0116 -0.00550012
26.1 1.00417 1.01139 -0.00573412
26.2 1.00441 1.01149 -0.0056079
26.3 1.0049 1.01141 -0.00609929
26.4 1.00482 1.01173 -0.00613721
26.5 1.00517 1.01107 -0.00577922
26.6 1.00445 1.01064 -0.00566505
26.7 1.00454 1.01098 -0.00556302
26.8 1.00455 1.01059 -0.00604414
26.9 1.00475 1.01078 -0.00592279
27 1.005 1.01064 -0.00615743
27.1 1.00487 1.01063 -0.0060162
27.2 1.0044 1.01075 -0.00593175
27.3 1.00463 1.0112 -0.00597586
27.4 1.00425 1.01102 -0.00548401
27.5 1.00436 1.01063 -0.00560834
27.6 1.00439 1.00981 -0.00561597
27.7 1.00419 1.00969 -0.0056228
27.8 1.00387 1.01041 -0.00566461
27.9 1.00404 1.01047 -0.00582698
28 1.00421 1.01048 -0.00567851
28.1 1.00384 1.01017 -0.00593901
28.2 1.00381 1.01031 -0.00582457
28.3 1.00378 1.01097 -0.00577402
28.4 1.00412 1.01114 -0.00594343
28.5 1.00354 1.01022 -0.00582245
28.6 1.00387 1.01089 -0.00544407
28.7 1.00337 1.01081 -0.00523822
28.8 1.004 1.01107 -0.00565168
28.9 1.00417 1.01182 -0.00545929
29 1.00472 1.01159 -0.00515261
29.1 1.00473 1.0122 -0.0049637
29.2 1.00453 1.01308 -0.00516046
29.3 1.0046 1.01283 -0.00499996
29.4 1.00482 1.01331 -0.00477216
29.5 1.00445 1.01309 -0.00460849
29.6 1.00423 1.0136 -0.00449921
29.7 1.00416 1.01352 -0.00402775
29.8 1.00424 1.01335 -0.00369183
29.9 1.00468 1.01373 -0.00402463
30 1.00476 1.01385 -0.00420909
30.1 1.00438 1.01309 -0.00424283
30.2 1.00436 1.0133 -0.00450829
30.3 1.00358 1.01266 -0.00408393
30.4 1.00348 1.0131 -0.00382139
30.5 1.00318 1.0132 -0.00403452
30.6 1.00349 1.01306 -0.00391763
30.7 1.00335 1.01275 -0.00383948
30.8 1.00276 1.01307 -0.00371082
30.9 1.00269 1.01301 -0.00339881
31 1.00228 1.01232 -0.00328535
31.1 1.00277 1.01277 -0.00345981
31.2 1.00284 1.01334 -0.00391985
31.3 1.00345 1.01334 -0.00381658
31.4 1.00326 1.01311 -0.00408261
31.5 1.00325 1.01293 -0.00423084
31.6 1.00328 1.01229 -0.00453742
31.7 1.00278 1.01285 -0.00423737
31.8 1.00274 1.01256 -0.00427203
31.9 1.00284 1.01247 -0.00463391
32 1.00304 1.01228 -0.00488257
32.1 1.00304 1.01235 -0.00484283
32.2 1.00338 1.01281 -0.00471531
32.3 1.00326 1.01199 -0.0048929
32.4 1.0036 1.01232 -0.00509391
32.5 1.00407 1.01206 -0.0052673
32.6 1.0038 1.01154 -0.00533115
32.7 1.00399 1.01116 -0.00543064
32.8 1.00383 1.01116 -0.00503087
32.9 1.00373 1.01047 -0.00529174
33 1.00288 1.01067 -0.00534407
33.1 1.0031 1.01068 -0.00532042
33.2 1.00378 1.01057 -0.00508432
33.3 1.00381 1.01077 -0.00521436
33.4 1.00326 1.01088 -0.00497902
33.5 1.00319 1.01063 -0.00523957
33.6 1.00315 1.01029 -0.00497353
33.7 1.00281 1.00984 -0.00535006
33.8 1.00337 1.0097 -0.00590696
33.9 1.00382 1.01005 -0.0057046
34 1.00375 1.00948 -0.00582875
34.1 1.00341 1.00963 -0.00530535
34.2 1.0039 1.00964 -0.00491662
34.3 1.00318 1.00949 -0.0050516
34.4 1.00311 1.00928 -0.0049657
34.5 1.00332 1.00972 -0.00522065
34.6 1.00312 1.00994 -0.00502462
34.7 1.00289 1.0099 -0.00528064
34.8 1.00262 1.00997 -0.00565444
34.9 1.00195 1.00988 -0.00549674
35 1.0015 1.00988 -0.00546486
35.1 1.00254 1.01009 -0.00557289
35.2 1.00243 1.01009 -0.00551918
35.3 1.00275 1.00976 -0.00513207
35.4 1.00275 1.00966 -0.00503535
35.5 1.00264 1.00885 -0.00526467
35.6 1.00277 1.00899 -0.00522612
35.7 1.00245 1.0088 -0.00537432
35.8 1.00278 1.00873 -0.00529287
35.9 1.00286 1.00847 -0.00505566
36 1.00373 1.00888 -0.00535682
36.1 1.00367 1.00847 -0.00559263
36.2 1.00336 1.008 -0.00553899
36.3 1.00296 1.00769 -0.00547772
36.4 1.00285 1.00704 -0.00566947
36.5 1.00287 1.00674 -0.00569438
36.6 1.00297 1.00632 -0.00550837
36.7 1.00325 1.00627 -0.00564334
36.8 1.00328 1.00667 -0.00541448
36.9 1.0036 1.00679 -0.00534755
37 1.00417 1.00615 -0.00546558
37.1 1.0043 1.00626 -0.0055056
37.2 1.00426 1.00609 -0.00549873
37.3 1.00412 1.0061 -0.0050353
37.4 1.00428 1.00649 -0.00501702
37.5 1.00457 1.00716 -0.00531109
37.6 1.00458 1.00734 -0.00569848
37.7 1.00443 1.0074 -0.00562111
37.8 1.00429 1.00752 -0.00562153
37.9 1.0048 1.00755 -0.00539757
38 1.00457 1.00782 -0.00495801
38.1 1.00394 1.00816 -0.00540961
38.2 1.00393 1.00801 -0.00501181
38.3 1.00443 1.00757 -0.00487929
38.4 1.00438 1.00758 -0.0053033
38.5 1.00442 1.00765 -0.005169
38.6 1.00429 1.00793 -0.00514684
38.7 1.00466 1.00778 -0.00512843
38.8 1.0048 1.00759 -0.00520347
38.9 1.00455 1.00707 -0.00553767
39 1.00461 1.00699 -0.00498214
39.1 1.00399 1.00644 -0.00511809
39.2 1.00403 1.00593 -0.00511229
39.3 1.0044 1.00641 -0.00479936
39.4 1.00502 1.00603 -0.0049839
39.5 1.00454 1.00613 -0.00500911
39.6 1.0046 1.00628 -0.00480046
39.7 1.00435 1.00608 -0.00478177
39.8 1.00393 1.0057 -0.00459153
39.9 1.00346 1.00627 -0.00481964
40 1.00338 1.00636 -0.00430253
40.1 1.00287 1.0063 -0.00442653
40.2 1.00241 1.0066 -0.00430433
40.3 1.00272 1.00622 -0.00465768
40.4 1.00256 1.00602 -0.00416724
40.5 1.00251 1.00606 -0.00429755
40.6 1.00263 1.00649 -0.00445611
40.7 1.00271 1.00661 -0.00444783
40.8 1.00287 1.00628 -0.0042605
40.9 1.00289 1.00601 -0.00421265
41 1.00289 1.00577 -0.00439738
41.1 1.00295 1.00586 -0.00421567
41.2 1.00324 1.00555 -0.00410046
41.3 1.00286 1.00586 -0.00401267
41.4 1.00292 1.00627 -0.00434059
41.5 1.00299 1.00676 -0.0044253
41.6 1.00313 1.00678 -0.0041847
41.7 1.00319 1.00652 -0.00442334
41.8 1.00295 1.00628 -0.0047405
41.9 1.00317 1.00613 -0.00475985
42 1.0027 1.00628 -0.00493909
42.1 1.0024 1.00668 -0.0046087
42.2 1.00256 1.00671 -0.00464398
42.3 1.00271 1.00718 -0.00461931
42.4 1.00258 1.00688 -0.00428383
42.5 1.00216 1.00732 -0.00395313
42.6 1.00191 1.00726 -0.00366396
42.7 1.0013 1.00732 -0.00378663
42.8 1.00116 1.00729 -0.00376006
42.9 1.00093 1.00742 -0.00390764
43 1.00101 1.00759 -0.00400612
43.1 1.00065 1.00733 -0.00391906
43.2 1.00085 1.00742 -0.00362182
43.3 1.00137 1.00749 -0.00378031
43.4 1.00136 1.00758 -0.00388139
43.5 1.00153 1.00778 -0.00373579
43.6 1.00172 1.00742 -0.00364863
43.7 1.00181 1.0069 -0.00358482
43.8 1.00182 1.00676 -0.00324139
43.9 1.00207 1.00729 -0.00307084
44 1.00241 1.0077 -0.00312423
44.1 1.00271 1.00731 -0.00319567
44.2 1.00256 1.00728 -0.00309513
44.3 1.0032 1.00751 -0.0032896
44.4 1.00276 1.0074 -0.00310151
44.5 1.00267 1.00777 -0.00358093
44.6 1.00301 1.00784 -0.00375678
44.7 1.00252 1.00784 -0.00387328
44.8 1.0023 1.00771 -0.00389519
44.9 1.00246 1.00769 -0.00400498
45 1.00231 1.00731 -0.00439368
45.1 1.00244 1.00708 -0.00431132
45.2 1.00278 1.00717 -0.00460076
45.3 1.00277 1.0076 -0.00452852
45.4 1.00339 1.00752 -0.00472731
45.5 1.00338 1.00736 -0.00490771
45.6 1.00329 1.00737 -0.00465081
45.7 1.0028 1.00734 -0.00498132
45.8 1.00318 1.00693 -0.00496147
45.9 1.00317 1.0067 -0.00475032
46 1.00291 1.00698 -0.00452548
46.1 1.00275 1.00729 -0.00462651
46.2 1.00269 1.00797 -0.00437744
46.3 1.00245 1.00817 -0.00448793
46.4 1.00246 1.00806 -0.00444383
46.5 1.00242 1.00811 -0.00440025
46.6 1.00294 1.00774 -0.00429564
46.7 1.00283 1.00784 -0.004415
46.8 1.00294 1.00773 -0.0045606
46.9 1.00266 1.00803 -0.0039804
47 1.00266 1.00837 -0.00365783
47.1 1.00249 1.00846 -0.0036159
47.2 1.00268 1.00863 -0.00340794
47.3 1.00231 1.00821 -0.00340991
47.4 1.00186 1.00844 -0.00358244
47.5 1.00209 1.00815 -0.00355413
47.6 1.00187 1.00806 -0.00334147
47.7 1.00179 1.0083 -0.00345954
47.8 1.0016 1.00837 -0.00384509
47.9 1.00136 1.00784 -0.00414657
48 1.00143 1.00779 -0.00425968
48.1 1.00137 1.00805 -0.00435824
48.2 1.00109 1.00818 -0.00431776
48.3 1.00123 1.00787 -0.00462001
48.4 1.00118 1.00829 -0.00456035
48.5 1.00132 1.00837 -0.00452041
48.6 1.00142 1.00833 -0.00397432
48.7 1.00128 1.00859 -0.00421328
48.8 1.00156 1.00846 -0.00394649
48.9 1.00168 1.00883 -0.00373653
49 1.00151 1.0085 -0.00377338
49.1 1.00119 1.00884 -0.00400689
49.2 1.00087 1.00886 -0.00424933
49.3 1.00094 1.00905 -0.003867
49.4 1.00162 1.00881 -0.00392539
49.5 1.00145 1.00954 -0.00356554
49.6 1.00102 1.00947 -0.00356567
49.7 1.00074 1.00946 -0.00328629
49.8 1.00056 1.00893 -0.00336428
49.9 1.0005 1.00876 -0.00341262
50 1.00081 1.00901 -0.00309563
50.1 1.00127 1.0089 -0.00289473
50.2 1.00151 1.00905 -0.00279123
50.3 1.00067 1.00924 -0.00258163
50.4 1.00096 1.00921 -0.00313624
50.5 1.00148 1.00894 -0.00315813
50.6 1.00103 1.00917 -0.00285552
50.7 1.00104 1.00942 -0.00302078
50.8 1.00102 1.00911 -0.00305544
50.9 1.00085 1.00886 -0.00303974
51 1.00116 1.00905 -0.00260904
51.1 1.001 1.00877 -0.00281408
51.2 1.00061 1.00853 -0.00281279
51.3 1.00056 1.00847 -0.00264533
51.4 1.00034 1.00859 -0.00243198
51.5 1.00033 1.0088 -0.00268672
51.6 1.00014 1.0084 -0.00262759
51.7 1.00003 1.00846 -0.00261236
51.8 0.999562 1.00866 -0.00266407
51.9 0.999709 1.00886 -0.00255787
52 1.00001 1.00916 -0.00290206
52.1 1 1.00866 -0.00270348
52.2 0.999589 1.00871 -0.00233039
52.3 0.99973 1.00895 -0.00208042
52.4 0.999814 1.00898 -0.00186992
52.5 0.999957 1.00833 -0.00196889
52.6 0.999401 1.00859 -0.00165289
52.7 0.999036 1.00829 -0.00202867
52.8 0.998548 1.00874 -0.00222348
52.9 0.999124 1.00879 -0.0022173
53 0.999142 1.0086 -0.00229623
53.1 0.999042 1.0085 -0.00240579
53.2 0.999259 1.00885 -0.00216269
53.3 0.999084 1.00927 -0.00227839
53.4 0.999319 1.00861 -0.00238911
53.5 0.999178 1.00824 -0.00233889
53.6 0.998645 1.00833 -0.0023095
53.7 0.998835 1.00835 -0.00243148
53.8 0.999236 1.00868 -0.00228585
53.9 0.998976 1.009 -0.00235921
54 0.999233 1.00898 -0.00248253
54.1 0.999293 1.00903 -0.00277936
54.2 0.999021 1.00915 -0.00283456
54.3 0.999318 1.00911 -0.00287602
54.4 0.999303 1.00923 -0.00292284
54.5 0.99939 1.00925 -0.00273639
54.6 0.999323 1.00935 -0.00279447
54.7 0.999169 1.00978 -0.00275771
54.8 0.999295 1.00958 -0.0025675
54.9 0.999011 1.00956 -0.00258829
55 0.998945 1.00978 -0.00252597
55.1 0.998896 1.00928 -0.0025451
55.2 0.998805 1.00954 -0.00239086
55.3 0.999199 1.00898 -0.00221726
55.4 0.998951 1.00905 -0.00167701
55.5 0.99881 1.00881 -0.00194604
55.6 0.99927 1.00884 -0.00190056
55.7 0.999345 1.00908 -0.00193877
55.8 0.999798 1.00936 -0.00203227
55.9 0.999832 1.00949 -0.00196342
56 0.999612 1.00952 -0.00200391
56.1 0.999478 1.0094 -0.00220238
56.2 0.999519 1.00935 -0.00213892
56.3 0.999164 1.00932 -0.00237864
56.4 0.999171 1.00917 -0.00234035
56.5 0.998818 1.00909 -0.00217504
56.6 0.998656 1.00902 -0.00219309
56.7 0.998355 1.00899 -0.0021359
56.8 0.998186 1.00893 -0.0022685
56.9 0.997674 1.00935 -0.00261028
57 0.997558 1.00935 -0.00274745
57.1 0.997474 1.00953 -0.0028571
57.2 0.997551 1.00937 -0.00254865
57.3 0.998313 1.00947 -0.00259526
57.4 0.998445 1.00966 -0.0024737
57.5 0.998081 1.0101 -0.00248532
57.6 0.997804 1.01014 -0.0028397
57.7 0.997654 1.01014 -0.00262197
57.8 0.997764 1.00952 -0.00291419
57.9 0.997645 1.00882 -0.00309771
58 0.997771 1.00907 -0.00315008
58.1 0.997834 1.00928 -0.00333387
58.2 0.998129 1.00919 -0.00349449
58.3 0.99822 1.00933 -0.00319128
58.4 0.99859 1.00942 -0.00314896
58.5 0.998874 1.00926 -0.00323384
58.6 0.998728 1.00908 -0.00303827
58.7 0.99923 1.00868 -0.00312598
58.8 0.999259 1.00873 -0.00313649
58.9 0.999496 1.00901 -0.00268351
59 0.999816 1.00892 -0.00261929
59.1 0.999673 1.00891 -0.00242317
59.2 1.00011 1.00872 -0.00254438
59.3 1.00032 1.00849 -0.00245543
59.4 1.00045 1.00862 -0.00247446
59.5 1.00068 1.00858 -0.00260027
59.6 1.00077 1.00888 -0.00256213
59.7 1.00058 1.00888 -0.00263272
59.8 1.00027 1.0091 -0.00271925
59.9 1.00004 1.00895 -0.00284581
60 0.999959 1.0091 -0.00283038
60.1 1.00036 1.00942 -0.00270026
60.2 1.00022 1.00963 -0.00294424
60.3 1.00016 1.01026 -0.00310913
60.4 1.00045 1.00988 -0.00315975
60.5 1.00056 1.00948 -0.00299647
60.6 1.00045 1.00937 -0.00307914
60.7 1.00017 1.00934 -0.00282701
60.8 1.00057 1.00919 -0.00280011
60.9 1.00058 1.00919 -0.00254952
61 1.00063 1.00919 -0.00238267
61.1 1.00075 1.00958 -0.00224103
61.2 1.00034 1.00974 -0.00196319
61.3 1.00013 1.0097 -0.00181928
61.4 1.00025 1.00963 -0.00171689
61.5 1.00046 1.0095 -0.0018051
61.6 1.00062 1.00928 -0.00175167
61.7 1.00066 1.00898 -0.00177669
61.8 1.00069 1.00909 -0.00171642
61.9 1.00062 1.00889 -0.00159123
62 1.00118 1.00869 -0.00162679
62.1 1.00066 1.00841 -0.00183283
62.2 1.00111 1.00834 -0.00157136
62.3 1.00105 1.0082 -0.00107518
62.4 1.00142 1.00816 -0.000870496
62.5 1.00142 1.00802 -0.00129839
62.6 1.00086 1.00802 -0.00143581
62.7 1.00127 1.00752 -0.00161549
62.8 1.00138 1.00758 -0.00184242
62.9 1.00124 1.00762 -0.0019483
63 1.00098 1.00787 -0.00176967
63.1 1.00083 1.0084 -0.00167224
63.2 1.00065 1.00863 -0.00194868
63.3 1.00081 1.00889 -0.00227584
63.4 1.00078 1.00887 -0.00227292
63.5 1.00104 1.00908 -0.0025009
63.6 1.00071 1.00879 -0.0024866
63.7 1.00042 1.00897 -0.00265362
63.8 1.00064 1.00905 -0.00270077
63.9 1.0003 1.00916 -0.00253869
64 1.00029 1.00915 -0.00250571
64.1 1.00063 1.00912 -0.00301599
64.2 1.00084 1.00928 -0.00288268
64.3 1.00095 1.00932 -0.00300676
64.4 1.00122 1.00977 -0.00292677
64.5 1.00121 1.00977 -0.00317351
64.6 1.00109 1.01025 -0.00294177
64.7 1.00127 1.01049 -0.00296006
64.8 1.00163 1.01004 -0.00289998
64.9 1.00125 1.01046 -0.00311177
65 1.00082 1.01063 -0.00297174
65.1 1.00086 1.01012 -0.00304534
65.2 1.00074 1.01025 -0.00269568
65.3 1.00031 1.01062 -0.00239698
65.4 1.00003 1.01066 -0.00229874
65.5 1.00008 1.01074 -0.00206676
65.6 0.999405 1.01069 -0.00193611
65.7 0.99937 1.01077 -0.00214826
65.8 0.999069 1.01044 -0.00204384
65.9 0.999462 1.01002 -0.00182921
66 0.999181 1.01003 -0.00179348
66.1 0.999032 1.01018 -0.00174014
66.2 0.99919 1.0098 -0.00193632
66.3 0.999366 1.00971 -0.00201733
66.4 0.999686 1.01006 -0.002397
66.5 0.999559 1.00959 -0.00233952
66.6 0.999504 1.00964 -0.00285389
66.7 0.999119 1.00947 -0.00305815
66.8 0.999299 1.00944 -0.00291392
66.9 0.998907 1.00909 -0.00298015
67 0.998856 1.00855 -0.00319234
67.1 0.998833 1.00878 -0.00349742
67.2 0.998809 1.00898 -0.003829
67.3 0.998227 1.00872 -0.00373079
67.4 0.997853 1.00839 -0.00390928
67.5 0.997812 1.00819 -0.00399129
67.6 0.997985 1.00838 -0.00420322
67.7 0.997846 1.00855 -0.00436654
67.8 0.998018 1.00831 -0.00430933
67.9 0.997794 1.00812 -0.00420057
68 0.997672 1.00774 -0.00431218
68.1 0.99783 1.00767 -0.00436294
68.2 0.998146 1.00791 -0.0043896
68.3 0.997763 1.00718 -0.00421624
68.4 0.997803 1.00689 -0.0042401
68.5 0.998013 1.00682 -0.00406114
68.6 0.99783 1.00644 -0.00391888
68.7 0.997524 1.00635 -0.00381167
68.8 0.997582 1.0063 -0.00391025
68.9 0.997686 1.00651 -0.0040048
69 0.997925 1.00665 -0.0040773
69.1 0.997809 1.0069 -0.00415157
69.2 0.997841 1.00665 -0.00416241
69.3 0.997679 1.00711 -0.00414752
69.4 0.997391 1.00707 -0.00408013
69.5 0.997661 1.00742 -0.00387912
69.6 0.997518 1.0073 -0.0041572
69.7 0.997752 1.00747 -0.00430399
69.8 0.997341 1.00773 -0.00434654
69.9 0.99703 1.00835 -0.00445563
70 0.997236 1.00807 -0.00438509
70.1 0.99735 1.00823 -0.00422512
70.2 0.997394 1.00879 -0.00431371
70.3 0.997324 1.00895 -0.00438247
70.4 0.996797 1.00879 -0.0041993
70.5 0.996574 1.00874 -0.00455101
70.6 0.996589 1.00897 -0.00483865
70.7 0.996577 1.00909 -0.00477521
70.8 0.996223 1.00866 -0.00473923
70.9 0.995908 1.00845 -0.00499118
71 0.995962 1.00849 -0.00497305
71.1 0.99597 1.00815 -0.00484828
71.2 0.996024 1.0083 -0.00436433
71.3 0.996059 1.00788 -0.00422683
71.4 0.996544 1.00807 -0.00436202
71.5 0.996558 1.00818 -0.00439264
71.6 0.996143 1.00798 -0.00406182
71.7 0.995878 1.00833 -0.00431071
71.8 0.995933 1.00836 -0.00419289
71.9 0.996287 1.00812 -0.00423248
72 0.99618 1.00801 -0.00450225
72.1 0.996201 1.00771 -0.004133
72.2 0.996498 1.00782 -0.00420333
72.3 0.996676 1.0076 -0.00403407
72.4 0.996824 1.00748 -0.00451881
72.5 0.99659 1.00764 -0.00446341
72.6 0.996027 1.00746 -0.00453073
72.7 0.995957 1.00722 -0.00443155
72.8 0.996292 1.00741 -0.00405794
72.9 0.996492 1.00759 -0.00377395
73 0.996801 1.00762 -0.00344666
73.1 0.996803 1.00731 -0.00337803
73.2 0.996567 1.00721 -0.00341651
73.3 0.996716 1.00711 -0.00313352
73.4 0.997007 1.00723 -0.00294712
73.5 0.997084 1.00741 -0.00293966
73.6 0.997346 1.00692 -0.00290806
73.7 0.997546 1.00689 -0.00289773
73.8 0.996812 1.00707 -0.00293907
73.9 0.996608 1.00695 -0.00315087
74 0.997021 1.00707 -0.00330806
74.1 0.997029 1.00697 -0.00345756
74.2 0.997308 1.00643 -0.00369344
74.3 0.997118 1.00605 -0.00388929
74.4 0.996861 1.0061 -0.00381777
74.5 0.997079 1.00633 -0.00375578
74.6 0.997059 1.00627 -0.00375605
74.7 0.997327 1.00636 -0.00377517
74.8 0.997273 1.00621 -0.00405626
74.9 0.997242 1.00614 -0.0042529
75 0.997301 1.00605 -0.00448748
75.1 0.99779 1.00648 -0.00436446
75.2 0.997768 1.00664 -0.00432936
75.3 0.997538 1.00672 -0.00420988
75.4 0.997476 1.0062 -0.00440829
75.5 0.997457 1.00654 -0.00436649
75.6 0.997629 1.0064 -0.0040733
75.7 0.997354 1.00628 -0.00388514
75.8 0.997314 1.00571 -0.00380276
75.9 0.997393 1.00534 -0.00384438
76 0.997348 1.0055 -0.00392444
76.1 0.996992 1.00572 -0.00391146
76.2 0.996975 1.00561 -0.00394016
76.3 0.996676 1.00536 -0.00380877
76.4 0.996976 1.00512 -0.00423006
76.5 0.99712 1.00538 -0.0044439
76.6 0.997491 1.0053 -0.00425714
76.7 0.997836 1.00497 -0.0043716
76.8 0.997437 1.00431 -0.00417165
76.9 0.997402 1.00456 -0.00413243
77 0.997042 1.00431 -0.00413681
77.1 0.997309 1.00435 -0.00421147
77.2 0.997473 1.00455 -0.00415752
77.3 0.997686 1.00453 -0.0040751
77.4 0.997896 1.00425 -0.00416212
77.5 0.998446 1.00438 -0.0041082
77.6 0.99818 1.0042 -0.00429354
77.7 0.998125 1.00414 -0.00460086
77.8 0.998003 1.00379 -0.00465651
77.9 0.997931 1.00335 -0.00454233
78 0.997748 1.00356 -0.00461564
78.1 0.997526 1.00361 -0.00468409
78.2 0.997729 1.00359 -0.00470192
78.3 0.997764 1.00308 -0.00466097
78.4 0.997627 1.00334 -0.00467781
78.5 0.997531 1.0033 -0.00488107
78.6 0.997793 1.00365 -0.00509645
78.7 0.997816 1.00352 -0.00506303
78.8 0.998039 1.00349 -0.0051337
78.9 0.998187 1.00337 -0.00493348
79 0.998244 1.00309 -0.00515771
79.1 0.997734 1.00297 -0.00546143
79.2 0.997654 1.00299 -0.00572386
79.3 0.998046 1.00329 -0.00560644
79.4 0.997844 1.00342 -0.00569007
79.5 0.997527 1.00333 -0.00578991
79.6 0.997758 1.00325 -0.00609302
79.7 0.997739 1.00314 -0.0059416
79.8 0.997695 1.00309 -0.0056397
79.9 0.997113 1.00336 -0.0056491
80 0.996902 1.00323 -0.00599921
80.1 0.996641 1.00293 -0.00587732
80.2 0.996765 1.00268 -0.00597944
80.3 0.997 1.00241 -0.00599298
80.4 0.996827 1.00231 -0.00614458
80.5 0.996755 1.00205 -0.00602198
80.6 0.997036 1.00197 -0.00618696
80.7 0.996426 1.00196 -0.00596517
80.8 0.996525 1.00207 -0.00586019
80.9 0.996464 1.00198 -0.00539244
81 0.996392 1.00183 -0.00543977
81.1 0.996329 1.00157 -0.00556044
81.2 0.996852 1.00141 -0.00551124
81.3 0.997144 1.00101 -0.00548118
81.4 0.997319 1.00096 -0.00508739
81.5 0.997505 1.00088 -0.00519336
81.6 0.997372 1.00097 -0.0053881
81.7 0.997273 1.00105 -0.00549685
81.8 0.996971 1.00064 -0.00575108
81.9 0.996765 1.00055 -0.00579575
82 0.996727 1.00028 -0.00583673
82.1 0.996899 1.00061 -0.00587051
82.2 0.997354 1.00065 -0.00577583
82.3 0.997206 1.00026 -0.00574254
82.4 0.997395 1.00014 -0.00532222
82.5 0.997323 0.999843 -0.00538108
82.6 0.997106 0.999788 -0.00560967
82.7 0.997117 0.999928 -0.0056636
82.8 0.996719 1.00025 -0.00561663
82.9 0.996667 0.999817 -0.0057042
83 0.996715 0.999493 -0.00577262
83.1 0.996784 0.999322 -0.0057572
83.2 0.996879 0.999072 -0.00584496
83.3 0.996735 0.998757 -0.00600151
83.4 0.996745 0.999127 -0.00589334
83.5 0.996983 0.999668 -0.00595029
83.6 0.997007 0.999826 -0.00586767
83.7 0.997163 0.999603 -0.00587984
83.8 0.997348 0.999672 -0.00585645
83.9 0.997276 0.999796 -0.00597955
84 0.997164 1.00007 -0.00601795
84.1 0.996732 1.00019 -0.00612367
84.2 0.996692 1.00034 -0.0060948
84.3 0.996677 1.00073 -0.00608904
84.4 0.996672 1.00054 -0.00612514
84.5 0.996547 1.00065 -0.00608398
84.6 0.996675 1.00076 -0.00602507
84.7 0.996679 1.00062 -0.00613246
84.8 0.996737 1.00059 -0.0061572
84.9 0.99659 1.00065 -0.00619191
85 0.99674 1.00043 -0.00616891
85.1 0.996909 1.00034 -0.00619735
85.2 0.996937 1.00025 -0.00644179
85.3 0.997144 1.00041 -0.00650977
85.4 0.997124 1.0004 -0.00639151
85.5 0.997553 1.00035 -0.0062724
85.6 0.997593 1.00009 -0.00603064
85.7 0.997305 1.00052 -0.00625422
85.8 0.997187 1.00058 -0.00600874
85.9 0.997086 1.00073 -0.00606071
86 0.996947 1.00085 -0.00600385
86.1 0.99685 1.00096 -0.00580661
86.2 0.996849 1.0012 -0.00578912
86.3 0.997032 1.00147 -0.00560993
86.4 0.996738 1.00151 -0.00565007
86.5 0.996543 1.0015 -0.00561765
86.6 0.996512 1.00135 -0.00579515
86.7 0.996495 1.00158 -0.00593402
86.8 0.996746 1.00172 -0.00643422
86.9 0.996655 1.00147 -0.00637672
87 0.996476 1.00122 -0.00664098
87.1 0.996818 1.00113 -0.00644782
87.2 0.996469 1.00129 -0.00643013
87.3 0.996484 1.00128 -0.00638696
87.4 0.996652 1.00124 -0.00651408
87.5 0.996309 1.00143 -0.00634718
87.6 0.996236 1.00154 -0.00630971
87.7 0.996151 1.00181 -0.00638428
87.8 0.996048 1.00191 -0.00633503
87.9 0.996202 1.00235 -0.00641434
88 0.996598 1.00232 -0.00650082
88.1 0.996853 1.00235 -0.00657227
88.2 0.996735 1.00199 -0.00655709
88.3 0.996846 1.00209 -0.00638697
88.4 0.996974 1.00222 -0.00644731
88.5 0.996675 1.00211 -0.00624756
88.6 0.996894 1.00199 -0.00628774
88.7 0.996955 1.00215 -0.00633723
88.8 0.996819 1.00207 -0.0062536
88.9 0.996974 1.00213 -0.00617821
89 0.997154 1.00236 -0.0060786
89.1 0.996964 1.00239 -0.00601444
89.2 0.996906 1.00211 -0.00567167
89.3 0.997023 1.00199 -0.00555671
89.4 0.997309 1.00172 -0.00549236
89.5 0.996989 1.00163 -0.00544868
89.6 0.996899 1.00153 -0.00571519
89.7 0.996868 1.00133 -0.00566065
89.8 0.996787 1.00114 -0.00561136
89.9 0.997277 1.00107 -0.00554468
90 0.996935 1.00125 -0.00554322
90.1 0.996622 1.00149 -0.00555393
90.2 0.996143 1.00161 -0.00540637
90.3 0.996101 1.00156 -0.00540126
90.4 0.996138 1.00157 -0.00537421
90.5 0.995899 1.00199 -0.00519341
90.6 0.995956 1.00215 -0.00502327
90.7 0.996377 1.00228 -0.00508684
90.8 0.996399 1.00213 -0.00496342
90.9 0.995838 1.00261 -0.00467869
91 0.995907 1.00217 -0.00465426
91.1 0.995662 1.00215 -0.00457017
91.2 0.995708 1.00245 -0.00455749
91.3 0.995599 1.00208 -0.00442277
91.4 0.995468 1.00238 -0.00454824
91.5 0.995807 1.0022 -0.00470028
91.6 0.995828 1.00216 -0.00479462
91.7 0.996005 1.00232 -0.00499722
91.8 0.995791 1.00243 -0.00499712
91.9 0.995762 1.00252 -0.00516473
92 0.995881 1.00246 -0.00519015
92.1 0.995839 1.00208 -0.00507007
92.2 0.995734 1.00171 -0.00509008
92.3 0.995625 1.00155 -0.00510366
92.4 0.995643 1.00134 -0.00520855
92.5 0.99586 1.00169 -0.00482762
92.6 0.995827 1.0018 -0.00468327
92.7 0.99594 1.00162 -0.00472628
92.8 0.995879 1.00167 -0.00457366
92.9 0.99579 1.00184 -0.00460416
93 0.995378 1.00199 -0.00437606
93.1 0.99543 1.00204 -0.00436753
93.2 0.99538 1.00204 -0.00435567
93.3 0.995702 1.00233 -0.00413966
93.4 0.99574 1.00279 -0.00399122
93.5 0.995932 1.00327 -0.00412883
93.6 0.995517 1.00345 -0.00406308
93.7 0.995984 1.00357 -0.00386193
93.8 0.996148 1.00322 -0.00378261
93.9 0.995679 1.00331 -0.00385941
94 0.995449 1.00314 -0.00387772
94.1 0.995757 1.00304 -0.00417061
94.2 0.996083 1.003 -0.00398598
94.3 0.995767 1.00287 -0.0039353
94.4 0.99565 1.00309 -0.00397931
94.5 0.995606 1.00295 -0.00436145
94.6 0.995416 1.0029 -0.00459567
94.7 0.995172 1.00279 -0.00451327
94.8 0.995457 1.00281 -0.00447358
94.9 0.99561 1.00307 -0.00457779
95 0.995552 1.00273 -0.00454682
95.1 0.995461 1.00275 -0.0046342
95.2 0.99558 1.00272 -0.004847
95.3 0.995477 1.00271 -0.00498806
95.4 0.995563 1.00296 -0.00474875
95.5 0.995687 1.00309 -0.00488429
95.6 0.996136 1.00292 -0.00493716
95.7 0.99633 1.00291 -0.00500027
95.8 0.996101 1.00285 -0.00475297
95.9 0.996461 1.00305 -0.00464465
96 0.996442 1.00267 -0.00479302
96.1 0.99618 1.0026 -0.00490673
96.2 0.996144 1.00293 -0.00490862
96.3 0.996337 1.00311 -0.00495721
96.4 0.996299 1.00347 -0.00489307
96.5 0.996363 1.00367 -0.00497292
96.6 0.996413 1.00386 -0.00489899
96.7 0.996343 1.00391 -0.00509524
96.8 0.996238 1.00405 -0.00493909
96.9 0.996112 1.00412 -0.0048508
97 0.996272 1.00391 -0.00478923
97.1 0.996423 1.00412 -0.00496348
97.2 0.996399 1.00416 -0.00474685
97.3 0.996453 1.00422 -0.00461598
97.4 0.996169 1.00419 -0.00435496
97.5 0.996156 1.00408 -0.00417425
97.6 0.99623 1.00365 -0.00431159
97.7 0.996309 1.00359 -0.00415198
97.8 0.996436 1.00316 -0.0040865
97.9 0.996578 1.00325 -0.00397227
98 0.996586 1.00319 -0.00388189
98.1 0.99672 1.00336 -0.00379189
98.2 0.996787 1.00313 -0.00377
98.3 0.996973 1.00304 -0.00368288
98.4 0.997259 1.00294 -0.00388707
98.5 0.99728 1.0033 -0.00395263
98.6 0.99728 1.0032 -0.00400344
98.7 0.99723 1.00295 -0.00395202
98.8 0.997252 1.00292 -0.00384166
98.9 0.997327 1.00288 -0.00383441
99 0.997199 1.00299 -0.00358879
99.1 0.997023 1.00295 -0.00364189
99.2 0.996824 1.00271 -0.00379597
99.3 0.996589 1.00267 -0.00391132
99.4 0.996476 1.00247 -0.00372507
99.5 0.996647 1.0025 -0.00368008
99.6 0.996504 1.00258 -0.00364024
99.7 0.996464 1.00243 -0.00354333
99.8 0.996368 1.00202 -0.00350467
99.9 0.996479 1.00185 -0.00351441
