0 inf inf inf
0.1 2.02549 2.00043 -0.0082462
0.2 1.51368 1.53557 -0.0117646
0.3 1.35603 1.34701 -0.0139055
0.4 1.25718 1.25322 -0.00965418
0.5 1.2022 1.19264 -0.00576077
0.6 1.17764 1.1687 -0.00809603
0.7 1.15038 1.14349 -0.0085612
0.8 1.12671 1.12392 -0.00777695
0.9 1.11118 1.11425 -0.01004
1 1.0963 1.10391 -0.00562425
1.1 1.08855 1.09542 -0.00317111
1.2 1.09058 1.09307 -0.000756568
1.3 1.08854 1.08835 0.00417885
1.4 1.09673 1.08375 0.00579614
1.5 1.10219 1.07857 0.00258162
1.6 1.08817 1.09024 0.00435376
1.7 1.08778 1.07905 0.000714132
1.8 1.08762 1.06739 0.00342075
1.9 1.08178 1.06299 0.00234273
2 1.06883 1.06304 0.00248629
2.1 1.06036 1.05993 0.00380496
2.2 1.06245 1.05316 0.00394593
2.3 1.06272 1.04956 0.00199443
2.4 1.06074 1.04759 -0.00166484
2.5 1.06394 1.05137 -0.00472303
2.6 1.05972 1.05078 -0.000159202
2.7 1.05586 1.04698 0.00163166
2.8 1.05833 1.04692 0.00352242
2.9 1.05785 1.04637 0.00602749
3 1.05343 1.0428 0.0066987
3.1 1.05742 1.04135 0.00648667
3.2 1.05686 1.04263 0.00679791
3.3 1.0599 1.04416 0.00764287
3.4 1.06152 1.03976 0.00569343
3.5 1.06332 1.03589 0.00595144
3.6 1.06096 1.03667 0.00473045
3.7 1.06559 1.02885 0.000666652
3.8 1.06558 1.02881 -0.000227157
3.9 1.06009 1.0266 0.00108862
4 1.05678 1.02704 0.00157408
4.1 1.05547 1.03125 0.00139146
4.2 1.05205 1.02945 0.00132427
4.3 1.04513 1.02757 0.00262712
4.4 1.0455 1.03292 0.00328822
4.5 1.04523 1.03245 0.00174728
4.6 1.04223 1.03632 0.000518736
4.7 1.04136 1.03865 -0.000624551
4.8 1.03626 1.03419 -7.48272e-05
4.9 1.03803 1.03691 -0.00151524
5 1.03992 1.03848 -0.00351573
5.1 1.03256 1.03079 -0.00183786
5.2 1.02634 1.02948 0.00137494
5.3 1.02277 1.03077 -0.00116374
5.4 1.02151 1.03276 0.000726503
5.5 1.01928 1.02885 0.00505476
5.6 1.01873 1.03032 0.00539206
5.7 1.0199 1.03151 0.00213027
5.8 1.01729 1.02477 0.00536016
5.9 1.02101 1.02154 0.00534124
6 1.02212 1.02047 0.00765651
6.1 1.02209 1.02211 0.00936309
6.2 1.02441 1.02051 0.00949876
6.3 1.0224 1.02537 0.0118286
6.4 1.02563 1.02216 0.0105757
6.5 1.02635 1.02206 0.0105495
6.6 1.02608 1.02113 0.0110386
6.7 1.02815 1.02251 0.00768025
6.8 1.0295 1.01859 0.00670672
6.9 1.02424 1.02037 0.00535167
7 1.02307 1.02411 0.00356512
7.1 1.02786 1.0243 0.00432593
7.2 1.0279 1.02198 0.0054246
7.3 1.02866 1.02301 0.00493587
7.4 1.02777 1.02373 0.00625111
7.5 1.02738 1.02487 0.00518165
7.6 1.02417 1.02596 0.00431484
7.7 1.02538 1.02297 0.00360721
7.8 1.02548 1.02247 0.00519376
7.9 1.02765 1.02234 0.00530777
8 1.02687 1.02176 0.00340651
8.1 1.02781 1.01903 0.00294285
8.2 1.02725 1.02087 0.00463814
8.3 1.03038 1.0247 0.00670804
8.4 1.03011 1.02516 0.00675381
8.5 1.03062 1.02487 0.00474363
8.6 1.03241 1.02499 0.00349959
8.7 1.03404 1.0287 0.00623066
8.8 1.03217 1.02944 0.00496937
8.9 1.03128 1.02836 0.00249813
9 1.02966 1.02979 0.00310019
9.1 1.02936 1.03623 0.00232578
9.2 1.02754 1.03623 0.000406397
9.3 1.02928 1.03078 0.000369934
9.4 1.02592 1.0311 0.000625125
9.5 1.02553 1.03044 0.00123671
9.6 1.02585 1.02736 0.000730118
9.7 1.02523 1.02639 0.000378665
9.8 1.0256 1.02532 -0.000816048
9.9 1.02192 1.02683 -0.00128412
10 1.02095 1.02653 -0.00537437
10.1 1.0219 1.02524 -0.00300758
10.2 1.02109 1.02285 -0.00560564
10.3 1.02525 1.02369 -0.0073852
10.4 1.02414 1.02236 -0.00663106
10.5 1.02364 1.02412 -0.00535047
10.6 1.02057 1.02413 -0.00455248
10.7 1.02265 1.02634 -0.00382624
10.8 1.02471 1.02567 -0.00389915
10.9 1.0242 1.02362 -0.00540371
11 1.02692 1.02336 -0.00491846
11.1 1.02435 1.02275 -0.00493397
11.2 1.02448 1.02477 -0.0021194
11.3 1.02236 1.02038 -0.00211759
11.4 1.01872 1.02122 -0.00170332
11.5 1.01754 1.02295 -0.00200135
11.6 1.01576 1.02304 -0.00331179
11.7 1.0182 1.02413 -0.0016729
11.8 1.01786 1.02225 -0.00245265
11.9 1.01788 1.02077 -0.00252034
12 1.01655 1.02236 -0.00153719
12.1 1.01535 1.02152 -0.00215126
12.2 1.01613 1.02246 8.99643e-05
12.3 1.01766 1.0232 -4.2398e-06
12.4 1.02167 1.02801 -0.00203423
12.5 1.02031 1.03106 -0.00292653
12.6 1.01918 1.03324 -0.00454531
12.7 1.02204 1.0344 -0.00385368
12.8 1.01814 1.03275 -0.00344031
12.9 1.0222 1.03174 -0.00355508
13 1.01809 1.02881 -0.00461746
13.1 1.01674 1.02754 -0.00217039
13.2 1.01578 1.02869 -0.0011704
13.3 1.0139 1.03037 -0.00108521
13.4 1.0151 1.03185 -0.00139094
13.5 1.01588 1.03217 -0.00213036
13.6 1.01605 1.03219 -0.00188652
13.7 1.01534 1.03151 -0.00213507
13.8 1.0168 1.02874 -0.00305008
13.9 1.01589 1.03032 -0.00530736
14 1.01867 1.0322 -0.00511596
14.1 1.01564 1.03164 -0.00638247
14.2 1.01267 1.0323 -0.00491835
14.3 1.01143 1.03292 -0.00413981
14.4 1.01434 1.03505 -0.00154772
14.5 1.01576 1.0358 -0.00156811
14.6 1.01643 1.03726 -0.000500903
14.7 1.01567 1.03851 0.00315258
14.8 1.01393 1.04019 0.00385042
14.9 1.01305 1.03994 0.0044633
15 1.0136 1.04044 0.00663924
15.1 1.01288 1.04021 0.0049326
15.2 1.01515 1.04259 0.00346989
15.3 1.01411 1.04128 0.00497531
15.4 1.01647 1.04066 0.00652617
15.5 1.01449 1.04051 0.00784061
15.6 1.01765 1.03973 0.00949573
15.7 1.01676 1.03707 0.00979009
15.8 1.01831 1.03802 0.00988898
15.9 1.01656 1.03773 0.00888238
16 1.01537 1.03468 0.0103217
16.1 1.01669 1.03533 0.0108554
16.2 1.0142 1.03408 0.0117942
16.3 1.0148 1.03691 0.0121935
16.4 1.01324 1.03762 0.0108156
16.5 1.01274 1.03951 0.00898105
16.6 1.01331 1.04226 0.0106793
16.7 1.01398 1.04313 0.0119055
16.8 1.0132 1.04319 0.0105063
16.9 1.01599 1.04588 0.00981833
17 1.01486 1.04339 0.00937622
17.1 1.01403 1.044 0.00834202
17.2 1.01573 1.04431 0.0101994
17.3 1.01623 1.04426 0.00951927
17.4 1.01569 1.0435 0.0106563
17.5 1.01538 1.04497 0.00907786
17.6 1.01386 1.04667 0.0104285
17.7 1.01269 1.04672 0.0110961
17.8 1.01124 1.04742 0.0120233
17.9 1.01094 1.04645 0.0113412
18 1.01029 1.04717 0.0112433
18.1 1.01013 1.0446 0.0115901
18.2 1.00813 1.04469 0.0109876
18.3 1.00802 1.04549 0.0116466
18.4 1.00619 1.04279 0.00909513
18.5 1.00356 1.04391 0.00991555
18.6 1.00089 1.04397 0.00995438
18.7 1.0007 1.04321 0.0088447
18.8 0.999025 1.04589 0.00902643
18.9 1.00086 1.04622 0.0096329
19 0.999407 1.04193 0.00851999
19.1 1.00044 1.04188 0.0101549
19.2 1.0037 1.04175 0.0102232
19.3 1.00098 1.04197 0.0107057
19.4 1.00107 1.04318 0.00993678
19.5 0.998975 1.04016 0.00994698
19.6 0.997743 1.04078 0.00975976
19.7 0.999396 1.04254 0.00908632
19.8 1.00017 1.04187 0.0103104
19.9 0.999652 1.04117 0.0116443
20 0.997805 1.04457 0.0107063
20.1 0.997396 1.04349 0.0116402
20.2 0.997327 1.04413 0.0110951
20.3 0.995548 1.04482 0.0103155
20.4 0.994721 1.04422 0.0114752
20.5 0.996226 1.04444 0.0117655
20.6 0.995816 1.04283 0.0098203
20.7 0.996856 1.04257 0.0104607
20.8 0.999265 1.04288 0.0111689
20.9 0.998117 1.04207 0.012307
21 0.996761 1.04447 0.0142445
21.1 0.996404 1.04553 0.014907
21.2 0.995888 1.04572 0.0155185
21.3 1.00017 1.04434 0.0167203
21.4 1.00172 1.04322 0.0160246
21.5 1.00238 1.0446 0.0172764
21.6 1.00206 1.04234 0.0176424
21.7 1.0037 1.04171 0.0196728
21.8 1.00434 1.04124 0.0192103
21.9 1.00682 1.03988 0.0184889
22 1.00643 1.04281 0.017265
22.1 1.00837 1.04155 0.0179292
22.2 1.00723 1.04242 0.0187852
22.3 1.00853 1.04146 0.0170693
22.4 1.00898 1.04059 0.0162574
22.5 1.00735 1.03865 0.0171076
22.6 1.00763 1.03889 0.0152727
22.7 1.01021 1.03995 0.0142608
22.8 1.01121 1.04067 0.0142874
22.9 1.00976 1.04033 0.0141414
23 1.01078 1.04056 0.0134541
23.1 1.01128 1.04202 0.0139601
23.2 1.00987 1.04303 0.0145594
23.3 1.00955 1.04228 0.0129894
23.4 1.00942 1.04247 0.0112819
23.5 1.00856 1.04218 0.0110411
23.6 1.00711 1.0437 0.012434
23.7 1.00864 1.04347 0.0117435
23.8 1.00726 1.0428 0.0106896
23.9 1.00878 1.04203 0.0110056
24 1.00804 1.0415 0.0121128
24.1 1.0084 1.04233 0.0112105
24.2 1.01253 1.0428 0.0114184
24.3 1.01212 1.04244 0.0119273
24.4 1.01467 1.04199 0.0115622
24.5 1.01411 1.04127 0.0124631
24.6 1.0149 1.0397 0.0131658
24.7 1.01465 1.03874 0.0148125
24.8 1.01654 1.03775 0.0134904
24.9 1.01667 1.03691 0.0133646
25 1.01503 1.03655 0.0121894
25.1 1.01534 1.03497 0.012659
25.2 1.01142 1.03537 0.0137109
25.3 1.01302 1.03443 0.0135638
25.4 1.01323 1.03382 0.0127214
25.5 1.01374 1.03529 0.0129837
25.6 1.01182 1.03367 0.0125028
25.7 1.01242 1.03363 0.0127907
25.8 1.01241 1.03278 0.0135774
25.9 1.01205 1.03554 0.0127434
26 1.01198 1.03691 0.0127305
26.1 1.0121 1.0367 0.0104195
26.2 1.01127 1.03507 0.011037
26.3 1.01246 1.03422 0.0114017
26.4 1.01486 1.03377 0.0122646
26.5 1.0163 1.03222 0.00977968
26.6 1.01687 1.03441 0.010107
26.7 1.01813 1.03233 0.00981385
26.8 1.0196 1.03308 0.0108675
26.9 1.02166 1.03251 0.0090375
27 1.02056 1.03431 0.00960987
27.1 1.02166 1.03303 0.00958709
27.2 1.0214 1.03364 0.0111659
27.3 1.02168 1.0332 0.0117182
27.4 1.02276 1.03433 0.0113386
27.5 1.02508 1.03565 0.0110413
27.6 1.02563 1.03567 0.0102677
27.7 1.02669 1.03759 0.00873854
27.8 1.02794 1.03851 0.00897543
27.9 1.02505 1.03808 0.00909375
28 1.02474 1.03808 0.00824771
28.1 1.0257 1.03849 0.00845488
28.2 1.02344 1.0389 0.00781374
28.3 1.02419 1.03875 0.00662942
28.4 1.02609 1.03827 0.00687103
28.5 1.02533 1.03796 0.00641692
28.6 1.02677 1.03855 0.0047932
28.7 1.02711 1.03745 0.00550792
28.8 1.02762 1.03834 0.00595662
28.9 1.02798 1.03869 0.00783441
29 1.02742 1.03746 0.00786307
29.1 1.02719 1.03762 0.00809166
29.2 1.02559 1.03903 0.00852107
29.3 1.02746 1.03937 0.00967407
29.4 1.0293 1.0389 0.0105182
29.5 1.02905 1.03777 0.0100849
29.6 1.02756 1.0373 0.0110006
29.7 1.02762 1.03853 0.0109972
29.8 1.02715 1.03761 0.00929499
29.9 1.02489 1.03835 0.00953628
30 1.02657 1.03874 0.0101586
30.1 1.02591 1.04089 0.0115173
30.2 1.02524 1.03972 0.0129369
30.3 1.02518 1.04062 0.0125443
30.4 1.025 1.04059 0.0123994
30.5 1.02672 1.04085 0.012111
30.6 1.02492 1.04221 0.0133884
30.7 1.02558 1.04217 0.0146244
30.8 1.02525 1.04233 0.0146462
30.9 1.02514 1.04222 0.0143882
31 1.02594 1.04106 0.0131668
31.1 1.02587 1.04218 0.0123332
31.2 1.02554 1.04371 0.0104067
31.3 1.02524 1.04171 0.00981922
31.4 1.02344 1.04148 0.00904396
31.5 1.02337 1.03902 0.00881651
31.6 1.02545 1.03981 0.00780306
31.7 1.02438 1.04103 0.00718424
31.8 1.02444 1.04105 0.00765035
31.9 1.02245 1.03836 0.00744919
32 1.022 1.03777 0.00762943
32.1 1.0231 1.03544 0.00792787
32.2 1.02294 1.03357 0.00770405
32.3 1.02429 1.0344 0.00802036
32.4 1.02441 1.03294 0.00811701
32.5 1.02264 1.03383 0.00745848
32.6 1.02414 1.03307 0.00849769
32.7 1.02486 1.03327 0.00833882
32.8 1.02457 1.03215 0.0094237
32.9 1.02427 1.03383 0.0102058
33 1.02197 1.03306 0.0101451
33.1 1.02297 1.03076 0.0096672
33.2 1.02346 1.03043 0.0106788
33.3 1.0216 1.02782 0.0116777
33.4 1.02125 1.02826 0.00994297
33.5 1.02087 1.02632 0.0114389
33.6 1.02241 1.02617 0.0109476
33.7 1.02287 1.02479 0.0101519
33.8 1.02296 1.02508 0.010733
33.9 1.0228 1.02458 0.0105019
34 1.02228 1.02467 0.0111143
34.1 1.02304 1.02519 0.0123559
34.2 1.02283 1.02628 0.0124977
34.3 1.02509 1.02665 0.0128279
34.4 1.02377 1.02748 0.0137868
34.5 1.02302 1.0287 0.0144152
34.6 1.02485 1.02835 0.01406
34.7 1.02385 1.02904 0.0146976
34.8 1.02549 1.0285 0.0131661
34.9 1.02446 1.02617 0.0135457
35 1.02304 1.02644 0.0139622
35.1 1.02285 1.0254 0.0139235
35.2 1.02319 1.02362 0.0135002
35.3 1.02413 1.0239 0.0132097
35.4 1.02436 1.02516 0.0124091
35.5 1.02323 1.02578 0.0117844
35.6 1.02185 1.0257 0.0112152
35.7 1.02125 1.02627 0.0122795
35.8 1.01964 1.02539 0.0120012
35.9 1.01864 1.02616 0.011989
36 1.01635 1.02658 0.0114859
36.1 1.01592 1.02731 0.0114322
36.2 1.01659 1.02881 0.00974664
36.3 1.01526 1.02797 0.00849844
36.4 1.01518 1.02626 0.00932147
36.5 1.01567 1.02606 0.00955845
36.6 1.01683 1.02782 0.0107028
36.7 1.01713 1.02739 0.0107855
36.8 1.01783 1.02734 0.0106397
36.9 1.01832 1.02711 0.0103453
37 1.01814 1.0269 0.010543
37.1 1.01632 1.02742 0.0101877
37.2 1.01512 1.02739 0.0101664
37.3 1.01576 1.02729 0.0108644
37.4 1.01647 1.02789 0.0108582
37.5 1.01667 1.02719 0.0109795
37.6 1.01494 1.02764 0.0110336
37.7 1.01619 1.02806 0.0105999
37.8 1.01573 1.0272 0.00946938
37.9 1.01812 1.02783 0.00960935
38 1.01907 1.02673 0.00980956
38.1 1.01798 1.02743 0.00978992
38.2 1.01757 1.02579 0.00874611
38.3 1.01697 1.02624 0.00799279
38.4 1.01839 1.02883 0.0065224
38.5 1.01752 1.02763 0.00609441
38.6 1.01701 1.02762 0.00581888
38.7 1.01571 1.02946 0.00603497
38.8 1.01489 1.0288 0.00674978
38.9 1.01364 1.02926 0.00722901
39 1.01574 1.02906 0.00716025
39.1 1.01613 1.0296 0.00753961
39.2 1.01534 1.02867 0.00653949
39.3 1.01623 1.02828 0.00603394
39.4 1.0159 1.02792 0.00534846
39.5 1.01458 1.02878 0.00600814
39.6 1.01346 1.02905 0.00772533
39.7 1.01439 1.02845 0.00857037
39.8 1.01276 1.02662 0.00937488
39.9 1.01391 1.02653 0.0106607
40 1.01403 1.02363 0.0110253
40.1 1.0148 1.02276 0.0122029
40.2 1.01442 1.02281 0.0115453
40.3 1.01316 1.02341 0.0111892
40.4 1.01407 1.02366 0.0135059
40.5 1.01439 1.02298 0.0132657
40.6 1.01506 1.02335 0.0140568
40.7 1.01391 1.02422 0.0139848
40.8 1.01483 1.02551 0.0151641
40.9 1.01395 1.02586 0.0151756
41 1.01377 1.02646 0.0151255
41.1 1.01365 1.02478 0.0165614
41.2 1.01329 1.02509 0.0164564
41.3 1.01397 1.02698 0.0154903
41.4 1.0141 1.02781 0.0159637
41.5 1.01609 1.02681 0.0154251
41.6 1.01639 1.02475 0.0142997
41.7 1.01892 1.02308 0.0126399
41.8 1.02041 1.02181 0.0132279
41.9 1.02026 1.02106 0.0136048
42 1.02156 1.02213 0.013442
42.1 1.02333 1.02258 0.0138176
42.2 1.02283 1.02148 0.0143577
42.3 1.02161 1.02178 0.0142766
42.4 1.02251 1.02193 0.0137566
42.5 1.02163 1.02325 0.0135666
42.6 1.02195 1.02378 0.012564
42.7 1.02153 1.02316 0.0117752
42.8 1.02058 1.0233 0.0123674
42.9 1.02071 1.02494 0.0134139
43 1.02135 1.02405 0.0138469
43.1 1.02162 1.02538 0.0133463
43.2 1.02111 1.026 0.0130301
43.3 1.02147 1.02634 0.0128455
43.4 1.02083 1.02682 0.0132375
43.5 1.02068 1.0248 0.0142522
43.6 1.02054 1.02493 0.0142174
43.7 1.01956 1.02467 0.0138544
43.8 1.01807 1.02402 0.0146823
43.9 1.01824 1.02523 0.0141346
44 1.01754 1.02486 0.0129188
44.1 1.01818 1.02567 0.0114042
44.2 1.01879 1.02555 0.0128243
44.3 1.02009 1.02691 0.0128189
44.4 1.02133 1.02499 0.0120079
44.5 1.02143 1.02449 0.0121827
44.6 1.02171 1.0236 0.0108844
44.7 1.02113 1.02446 0.0125637
44.8 1.02079 1.02463 0.011677
44.9 1.02141 1.02508 0.0112977
45 1.02209 1.0246 0.0116124
45.1 1.02165 1.02364 0.0114603
45.2 1.02257 1.02393 0.0113009
45.3 1.02276 1.02308 0.0115152
45.4 1.02335 1.02377 0.0123052
45.5 1.0214 1.02386 0.0132305
45.6 1.02008 1.02389 0.011999
45.7 1.02056 1.02585 0.0119233
45.8 1.02117 1.02634 0.0123359
45.9 1.02072 1.02561 0.0133338
46 1.01959 1.02599 0.0123158
46.1 1.01769 1.02712 0.0113937
46.2 1.01886 1.02607 0.010072
46.3 1.01884 1.02521 0.0111977
46.4 1.0189 1.0242 0.0122799
46.5 1.01875 1.02336 0.0126253
46.6 1.01995 1.02293 0.0115263
46.7 1.02062 1.02137 0.0114743
46.8 1.01997 1.02061 0.0113901
46.9 1.02038 1.02127 0.0111672
47 1.01981 1.02208 0.012117
47.1 1.01827 1.0236 0.0131417
47.2 1.01807 1.02285 0.0129301
47.3 1.0187 1.02032 0.0116642
47.4 1.01934 1.02077 0.0109718
47.5 1.01907 1.01969 0.0109335
47.6 1.01983 1.02221 0.0110975
47.7 1.01962 1.02396 0.0106695
47.8 1.01977 1.02451 0.010871
47.9 1.01963 1.02564 0.0112741
48 1.01951 1.02423 0.0101979
48.1 1.01948 1.02299 0.00869087
48.2 1.02017 1.02333 0.00802166
48.3 1.02038 1.02313 0.00851674
48.4 1.0197 1.02197 0.00812287
48.5 1.01937 1.02076 0.00863507
48.6 1.01888 1.02028 0.00790946
48.7 1.0193 1.0204 0.00786776
48.8 1.02002 1.02015 0.00766707
48.9 1.01937 1.02197 0.00811398
49 1.01961 1.02045 0.00696436
49.1 1.01837 1.01973 0.00771373
49.2 1.0173 1.01879 0.00805538
49.3 1.01856 1.01975 0.00923167
49.4 1.01788 1.0203 0.00908584
49.5 1.01677 1.02009 0.00944416
49.6 1.01639 1.02122 0.00959597
49.7 1.01585 1.02198 0.0099936
49.8 1.01774 1.02148 0.00981292
49.9 1.01715 1.02169 0.00944589
50 1.01816 1.02248 0.00971849
50.1 1.01847 1.02318 0.00962338
50.2 1.01806 1.02066 0.0106577
50.3 1.01604 1.02064 0.0108252
50.4 1.01627 1.01967 0.0100937
50.5 1.01504 1.01875 0.0106195
50.6 1.01493 1.01946 0.0105555
50.7 1.01592 1.01987 0.0112898
50.8 1.01711 1.02038 0.0115624
50.9 1.01803 1.02065 0.0113414
51 1.01747 1.02009 0.010923
51.1 1.01752 1.01895 0.0120063
51.2 1.01726 1.01712 0.011693
51.3 1.01606 1.01717 0.0107992
51.4 1.01586 1.01792 0.0110605
51.5 1.01665 1.01723 0.0107445
51.6 1.01755 1.01454 0.010635
51.7 1.01876 1.01348 0.010675
51.8 1.01778 1.01359 0.0109691
51.9 1.01889 1.01322 0.0106573
52 1.01812 1.0131 0.00926038
52.1 1.0177 1.01363 0.00940258
52.2 1.0167 1.01275 0.0102318
52.3 1.01742 1.01274 0.00947363
52.4 1.01788 1.0125 0.0088269
52.5 1.01773 1.01346 0.00897015
52.6 1.01634 1.01302 0.00929553
52.7 1.01623 1.01276 0.00950026
52.8 1.01591 1.011 0.00956698
52.9 1.01661 1.01048 0.0101079
53 1.01664 1.01026 0.00976314
53.1 1.01727 1.01142 0.00949751
53.2 1.01766 1.01059 0.00952904
53.3 1.01707 1.01159 0.00968197
53.4 1.0162 1.01037 0.0102116
53.5 1.01589 1.00908 0.00933422
53.6 1.01682 1.01042 0.00938732
53.7 1.01734 1.01185 0.00936553
53.8 1.01737 1.01193 0.00918531
53.9 1.01747 1.01223 0.00939468
54 1.01713 1.01265 0.0098097
54.1 1.01755 1.01194 0.00951312
54.2 1.01789 1.01211 0.00845003
54.3 1.01724 1.01297 0.00919311
54.4 1.01789 1.01346 0.00845371
54.5 1.01764 1.01451 0.0082696
54.6 1.01774 1.01434 0.00712279
54.7 1.01754 1.01359 0.00742142
54.8 1.01833 1.01227 0.00574391
54.9 1.0158 1.01139 0.00575322
55 1.01523 1.01033 0.00565411
55.1 1.01487 1.011 0.00651393
55.2 1.01473 1.0117 0.00686116
55.3 1.01482 1.01028 0.00581594
55.4 1.01606 1.01078 0.00646074
55.5 1.01677 1.01073 0.00791332
55.6 1.01602 1.01125 0.00870912
55.7 1.01716 1.0096 0.00883902
55.8 1.0174 1.01023 0.00875651
55.9 1.01685 1.01109 0.00827294
56 1.01643 1.01131 0.00811429
56.1 1.0165 1.01112 0.00731637
56.2 1.01624 1.01019 0.00737104
56.3 1.01642 1.00895 0.00769975
56.4 1.01687 1.00944 0.00780967
56.5 1.018 1.00892 0.0072698
56.6 1.01786 1.00934 0.00745347
56.7 1.01729 1.00941 0.00708662
56.8 1.01801 1.00794 0.00740408
56.9 1.01729 1.00775 0.00691902
57 1.01877 1.00772 0.00763772
57.1 1.01875 1.00876 0.00682066
57.2 1.01883 1.00856 0.00704279
57.3 1.02019 1.00894 0.00725824
57.4 1.02055 1.01027 0.00754083
57.5 1.0206 1.00977 0.00810636
57.6 1.02127 1.01034 0.0078905
57.7 1.02136 1.00984 0.00779417
57.8 1.02063 1.01022 0.00743573
57.9 1.0192 1.00973 0.00739625
58 1.0181 1.00976 0.00758805
58.1 1.01863 1.0088 0.00771015
58.2 1.01839 1.00786 0.0067157
58.3 1.01961 1.0076 0.0073076
58.4 1.01908 1.00805 0.00735272
58.5 1.01901 1.00829 0.00762699
58.6 1.01908 1.00723 0.00707925
58.7 1.01892 1.0075 0.00713242
58.8 1.01851 1.00708 0.00716327
58.9 1.0169 1.00506 0.00762694
59 1.01625 1.00421 0.00763426
59.1 1.0167 1.00398 0.00733504
59.2 1.01769 1.00271 0.00853714
59.3 1.01836 1.00344 0.00798497
59.4 1.01808 1.00285 0.00797573
59.5 1.01763 1.00464 0.00888179
59.6 1.01795 1.00511 0.00954292
59.7 1.01626 1.00478 0.00992987
59.8 1.01707 1.00593 0.00997869
59.9 1.01637 1.00519 0.0100976
60 1.01533 1.00593 0.0100655
60.1 1.01486 1.00689 0.0094651
60.2 1.01472 1.00657 0.00894465
60.3 1.01406 1.0064 0.00875619
60.4 1.01405 1.00673 0.00821337
60.5 1.01252 1.00686 0.00740323
60.6 1.01366 1.00794 0.0081846
60.7 1.01444 1.00816 0.00814031
60.8 1.01182 1.00735 0.00871581
60.9 1.01185 1.00728 0.00859594
61 1.01278 1.0078 0.00831335
61.1 1.01219 1.00831 0.00752089
61.2 1.0143 1.00821 0.00758796
61.3 1.01436 1.00707 0.0067606
61.4 1.01582 1.00582 0.00657877
61.5 1.01443 1.00594 0.00663179
61.6 1.01421 1.00515 0.00637514
61.7 1.01398 1.00506 0.00605777
61.8 1.01474 1.00481 0.00595048
61.9 1.0156 1.00471 0.0062262
62 1.01515 1.0039 0.00589469
62.1 1.01435 1.00503 0.00610956
62.2 1.01451 1.00416 0.00592155
62.3 1.01467 1.00502 0.00561419
62.4 1.01429 1.00496 0.00646194
62.5 1.01616 1.00452 0.00661975
62.6 1.01724 1.0047 0.00822896
62.7 1.01759 1.0042 0.00838556
62.8 1.01813 1.00362 0.0087205
62.9 1.01802 1.00339 0.0094515
63 1.01756 1.00298 0.00973648
63.1 1.01863 1.00216 0.0101897
63.2 1.01846 1.00293 0.0114033
63.3 1.02004 1.00223 0.00994889
63.4 1.02017 1.00184 0.0102524
63.5 1.02152 1.00221 0.0106423
63.6 1.02447 1.00146 0.0108576
63.7 1.02372 1.00115 0.0106699
63.8 1.02366 1.00087 0.0100811
63.9 1.0238 1.00121 0.0102544
64 1.02424 1.00121 0.00974206
64.1 1.02288 1.00077 0.00980666
64.2 1.02252 1.00123 0.010386
64.3 1.02149 1.00035 0.00972512
64.4 1.02221 0.999769 0.00916312
64.5 1.02225 1.00033 0.00907627
64.6 1.02171 1.00248 0.00888148
64.7 1.02138 1.00234 0.00905542
64.8 1.02125 1.00181 0.0093773
64.9 1.02064 1.00012 0.00903401
65 1.0202 0.998162 0.00894563
65.1 1.02059 0.997618 0.0105775
65.2 1.02088 0.997536 0.0110026
65.3 1.02138 0.998557 0.011031
65.4 1.02158 0.998199 0.0106789
65.5 1.02061 0.996356 0.0109862
65.6 1.01998 0.996165 0.0113782
65.7 1.01994 0.996508 0.0106326
65.8 1.02019 0.994963 0.0104192
65.9 1.01999 0.996064 0.0108615
66 1.01989 0.997114 0.0105024
66.1 1.01937 0.997761 0.0104006
66.2 1.01879 0.997689 0.0110224
66.3 1.01892 0.997657 0.0115457
66.4 1.01909 0.996807 0.0110746
66.5 1.01901 0.997066 0.0115492
66.6 1.0187 0.995771 0.0121263
66.7 1.01796 0.996092 0.0121461
66.8 1.01795 0.995787 0.0119812
66.9 1.01807 0.996374 0.0115084
67 1.01783 0.99679 0.0100742
67.1 1.01983 0.997564 0.0101692
67.2 1.01963 0.997653 0.0112375
67.3 1.01977 0.997822 0.0111568
67.4 1.01936 0.997391 0.011316
67.5 1.0193 0.996659 0.0121028
67.6 1.01792 0.995627 0.0121052
67.7 1.01747 0.99561 0.012364
67.8 1.01753 0.995876 0.0135441
67.9 1.01864 0.995781 0.0127338
68 1.01845 0.99603 0.0130229
68.1 1.01714 0.996103 0.0128656
68.2 1.01849 0.996285 0.0123842
68.3 1.01819 0.997131 0.0131634
68.4 1.01951 0.997497 0.0132566
68.5 1.01948 0.997186 0.0130379
68.6 1.0196 0.996981 0.0137114
68.7 1.01978 0.99668 0.0129333
68.8 1.02047 0.996627 0.0137953
68.9 1.02075 0.996063 0.0133874
69 1.01996 0.994906 0.0137773
69.1 1.0202 0.995365 0.0138775
69.2 1.02059 0.994212 0.0137213
69.3 1.021 0.994417 0.0132954
69.4 1.02139 0.993378 0.0129513
69.5 1.02135 0.99339 0.0126424
69.6 1.02133 0.994328 0.0123535
69.7 1.02085 0.994139 0.011305
69.8 1.02103 0.99338 0.0112492
69.9 1.0207 0.992401 0.01065
70 1.02042 0.991313 0.0105705
70.1 1.02248 0.991646 0.0106153
70.2 1.02274 0.992022 0.00982372
70.3 1.024 0.99312 0.0108478
70.4 1.02323 0.991772 0.0110711
70.5 1.02242 0.992038 0.00975228
70.6 1.02195 0.992074 0.0105563
70.7 1.02218 0.992707 0.0101721
70.8 1.02191 0.992113 0.0100373
70.9 1.02216 0.99409 0.0103025
71 1.02288 0.994387 0.00962533
71.1 1.02216 0.994908 0.0097668
71.2 1.02315 0.994697 0.0101533
71.3 1.02341 0.994662 0.0102959
71.4 1.0248 0.994286 0.00951832
71.5 1.02455 0.994555 0.00898063
71.6 1.0239 0.994036 0.00926199
71.7 1.02487 0.993174 0.0095055
71.8 1.02459 0.993477 0.00888658
71.9 1.02668 0.993774 0.00944008
72 1.02682 0.993807 0.00819597
72.1 1.02656 0.992863 0.00902119
72.2 1.02741 0.992198 0.00943397
72.3 1.02732 0.991779 0.00901192
72.4 1.02777 0.991946 0.00959994
72.5 1.02808 0.992573 0.00966655
72.6 1.02701 0.991364 0.00898979
72.7 1.02808 0.991483 0.00896277
72.8 1.02739 0.989929 0.00958136
72.9 1.02624 0.989869 0.0101794
73 1.0261 0.989799 0.010005
73.1 1.02421 0.98961 0.00965873
73.2 1.02514 0.989104 0.0100542
73.3 1.02608 0.988756 0.0107214
73.4 1.02557 0.98945 0.0110071
73.5 1.02593 0.988441 0.0106702
73.6 1.02687 0.987389 0.0111725
73.7 1.02694 0.986383 0.0111545
73.8 1.02717 0.985754 0.0100401
73.9 1.02643 0.98536 0.00958509
74 1.02726 0.986415 0.00926487
74.1 1.02571 0.985412 0.00850536
74.2 1.0259 0.985564 0.00875691
74.3 1.02503 0.98753 0.00865011
74.4 1.02389 0.9873 0.00889772
74.5 1.02332 0.987305 0.0090072
74.6 1.02276 0.987682 0.00802792
74.7 1.02243 0.988773 0.00768471
74.8 1.02245 0.9894 0.00750127
74.9 1.02259 0.989041 0.00672792
75 1.02326 0.988958 0.00738561
75.1 1.02148 0.987812 0.00725282
75.2 1.02045 0.986853 0.00690623
75.3 1.02118 0.985545 0.00712791
75.4 1.02105 0.985286 0.00702241
75.5 1.02052 0.984614 0.00730282
75.6 1.02086 0.984465 0.00710662
75.7 1.02064 0.983335 0.00756783
75.8 1.02023 0.983239 0.00683058
75.9 1.0183 0.983338 0.00702115
76 1.01915 0.984958 0.00790093
76.1 1.01899 0.984673 0.00678004
76.2 1.01685 0.985387 0.0077245
76.3 1.01729 0.985263 0.00866432
76.4 1.01676 0.985723 0.00822859
76.5 1.01663 0.987171 0.00694957
76.6 1.01667 0.986606 0.0060712
76.7 1.01645 0.987369 0.00547337
76.8 1.01596 0.987066 0.00524352
76.9 1.01614 0.986724 0.00579841
77 1.01643 0.985948 0.00544763
77.1 1.01691 0.986056 0.00525629
77.2 1.01643 0.985926 0.00554716
77.3 1.01604 0.986198 0.00497077
77.4 1.01623 0.985727 0.00553726
77.5 1.01664 0.986188 0.00501276
77.6 1.0175 0.987138 0.00465619
77.7 1.01868 0.986267 0.00471075
77.8 1.01875 0.987498 0.00460625
77.9 1.01983 0.987747 0.00382108
78 1.02029 0.987754 0.00404492
78.1 1.02056 0.987546 0.00330665
78.2 1.02095 0.987589 0.00342297
78.3 1.02138 0.987206 0.00332286
78.4 1.02055 0.987239 0.00320906
78.5 1.02201 0.986996 0.00289625
78.6 1.02165 0.986946 0.00315823
78.7 1.02085 0.986697 0.00364471
78.8 1.02187 0.987342 0.00350913
78.9 1.02229 0.98635 0.00343072
79 1.02384 0.985121 0.00420279
79.1 1.02375 0.985549 0.00397821
79.2 1.02334 0.985632 0.00420195
79.3 1.02433 0.985081 0.00379905
79.4 1.02449 0.985043 0.00463272
79.5 1.02456 0.983112 0.00521884
79.6 1.02491 0.982286 0.00574213
79.7 1.02602 0.982392 0.00632781
79.8 1.0263 0.981871 0.00706739
79.9 1.02499 0.981417 0.00736576
80 1.02487 0.982479 0.00740961
80.1 1.02501 0.983021 0.00711109
80.2 1.02485 0.983132 0.00667359
80.3 1.02527 0.983076 0.00745845
80.4 1.02595 0.983116 0.00650456
80.5 1.02535 0.982959 0.00643805
80.6 1.02453 0.983142 0.00655359
80.7 1.02462 0.981999 0.00696935
80.8 1.02608 0.983248 0.00710373
80.9 1.02609 0.982363 0.00703991
81 1.02752 0.981881 0.00649736
81.1 1.02737 0.982839 0.0072279
81.2 1.02703 0.98201 0.00698724
81.3 1.02746 0.981995 0.00725954
81.4 1.02749 0.980612 0.00645449
81.5 1.02746 0.981664 0.00652118
81.6 1.02649 0.981313 0.00650702
81.7 1.02685 0.982404 0.00665675
81.8 1.02649 0.98197 0.00698647
81.9 1.02695 0.982597 0.00711027
82 1.02591 0.982875 0.00792245
82.1 1.02563 0.982163 0.00711026
82.2 1.02624 0.981064 0.00690944
82.3 1.02641 0.982032 0.00693015
82.4 1.02602 0.982188 0.00601771
82.5 1.0263 0.982711 0.00686443
82.6 1.02554 0.983182 0.00650844
82.7 1.02591 0.982971 0.00670809
82.8 1.02519 0.981533 0.00686414
82.9 1.02596 0.981471 0.00784053
83 1.02519 0.980718 0.00650215
83.1 1.02588 0.982212 0.00695437
83.2 1.02458 0.983348 0.00705617
83.3 1.02332 0.982638 0.00621916
83.4 1.02396 0.982738 0.00535838
83.5 1.02355 0.98277 0.00526187
83.6 1.02372 0.983012 0.005566
83.7 1.02235 0.983533 0.00529485
83.8 1.02285 0.983547 0.00437727
83.9 1.02415 0.983517 0.0051182
84 1.02373 0.985329 0.00495733
84.1 1.02389 0.984586 0.00482806
84.2 1.02301 0.985498 0.00472108
84.3 1.02242 0.984499 0.00505147
84.4 1.02207 0.984115 0.0058911
84.5 1.02249 0.983417 0.00555921
84.6 1.02209 0.983231 0.00577042
84.7 1.02195 0.982844 0.00589926
84.8 1.02124 0.982863 0.00562037
84.9 1.02068 0.981861 0.00620116
85 1.02024 0.981732 0.00609423
85.1 1.01932 0.982003 0.00627708
85.2 1.01928 0.982498 0.00569405
85.3 1.01878 0.983054 0.00591935
85.4 1.01859 0.982507 0.00591951
85.5 1.01905 0.982398 0.00635723
85.6 1.01924 0.981739 0.00691296
85.7 1.01952 0.981615 0.00720666
85.8 1.01996 0.982931 0.00680628
85.9 1.01971 0.983652 0.00683476
86 1.0195 0.983695 0.00639263
86.1 1.02008 0.983651 0.00612229
86.2 1.01832 0.983774 0.00611029
86.3 1.01716 0.98339 0.00560842
86.4 1.01871 0.983028 0.0059114
86.5 1.01989 0.983917 0.0056652
86.6 1.02033 0.98498 0.00670164
86.7 1.01962 0.985133 0.00692468
86.8 1.01823 0.985435 0.00674871
86.9 1.01819 0.986204 0.00739717
87 1.01722 0.984579 0.00735213
87.1 1.01705 0.984432 0.00690062
87.2 1.01727 0.984512 0.00662848
87.3 1.0171 0.983936 0.00653771
87.4 1.01741 0.984268 0.00639589
87.5 1.01748 0.984104 0.00720283
87.6 1.01753 0.983906 0.00710567
87.7 1.01927 0.983651 0.0063445
87.8 1.01823 0.983354 0.00707663
87.9 1.01856 0.983381 0.0071756
88 1.01868 0.983646 0.00727482
88.1 1.01779 0.983496 0.00759064
88.2 1.01751 0.984453 0.0078979
88.3 1.01748 0.984177 0.00776091
88.4 1.01782 0.98479 0.00793664
88.5 1.01741 0.985379 0.00767288
88.6 1.01723 0.985728 0.00821135
88.7 1.01769 0.986047 0.00790999
88.8 1.0177 0.986286 0.00744892
88.9 1.01852 0.987474 0.00796105
89 1.01876 0.986961 0.00778973
89.1 1.01884 0.987563 0.00785133
89.2 1.01925 0.988012 0.00848941
89.3 1.01992 0.989101 0.00815731
89.4 1.02121 0.989756 0.00804329
89.5 1.02006 0.989328 0.00774979
89.6 1.02038 0.989953 0.00586885
89.7 1.0205 0.990283 0.00612844
89.8 1.02069 0.990379 0.0064733
89.9 1.02131 0.990783 0.00659631
90 1.02142 0.990592 0.00773513
90.1 1.02232 0.990459 0.00732265
90.2 1.02173 0.989696 0.00700076
90.3 1.02219 0.98917 0.00717214
90.4 1.02281 0.989816 0.00815595
90.5 1.02317 0.9901 0.00796513
90.6 1.02194 0.989672 0.00851469
90.7 1.02201 0.989257 0.00941859
90.8 1.02259 0.988657 0.0094617
90.9 1.02222 0.987923 0.00876957
91 1.02164 0.988957 0.00968735
91.1 1.02222 0.989286 0.0100039
91.2 1.02052 0.989604 0.00983729
91.3 1.01953 0.989661 0.0100691
91.4 1.01986 0.989851 0.00942569
91.5 1.01946 0.990201 0.0096499
91.6 1.01884 0.989953 0.00940154
91.7 1.01955 0.990816 0.00928737
91.8 1.01874 0.990062 0.00928771
91.9 1.01876 0.990526 0.00964759
92 1.0187 0.991503 0.00990609
92.1 1.01955 0.99158 0.00969404
92.2 1.02018 0.99226 0.0099875
92.3 1.01997 0.991577 0.00954762
92.4 1.01941 0.991579 0.00946121
92.5 1.01984 0.991379 0.00972561
92.6 1.01943 0.99185 0.00931065
92.7 1.01973 0.992269 0.0085559
92.8 1.01972 0.992983 0.00961019
92.9 1.01963 0.993796 0.00913938
93 1.02058 0.993778 0.00965366
93.1 1.01977 0.992091 0.00943913
93.2 1.01979 0.993001 0.00942066
93.3 1.01811 0.991778 0.00950331
93.4 1.019 0.991497 0.0104007
93.5 1.01813 0.990639 0.010491
93.6 1.01865 0.990893 0.0105821
93.7 1.01881 0.990939 0.0101866
93.8 1.01947 0.991098 0.0102772
93.9 1.02069 0.99169 0.00973191
94 1.02087 0.991783 0.0105181
94.1 1.02183 0.991835 0.0102459
94.2 1.02212 0.991528 0.0100531
94.3 1.02139 0.990659 0.00935353
94.4 1.02272 0.990842 0.00940461
94.5 1.02357 0.990687 0.00918448
94.6 1.02404 0.990876 0.00803591
94.7 1.02479 0.990401 0.0084302
94.8 1.02492 0.989886 0.00831976
94.9 1.0255 0.990107 0.00844838
95 1.02579 0.989545 0.00858868
95.1 1.02553 0.989956 0.00885037
95.2 1.02654 0.988757 0.00784743
95.3 1.02658 0.989525 0.00873505
95.4 1.02634 0.989362 0.00833268
95.5 1.02657 0.988625 0.00804766
95.6 1.02602 0.988979 0.00864822
95.7 1.02613 0.988208 0.00883831
95.8 1.02611 0.988403 0.00933997
95.9 1.02563 0.987053 0.00961091
96 1.02494 0.988126 0.00894283
96.1 1.02513 0.987784 0.00906365
96.2 1.02473 0.987264 0.00933101
96.3 1.02536 0.988636 0.00928852
96.4 1.02511 0.988181 0.00897967
96.5 1.02456 0.988161 0.00914587
96.6 1.02501 0.987545 0.0090888
96.7 1.02403 0.987845 0.00919105
96.8 1.02452 0.98807 0.00877642
96.9 1.02486 0.987502 0.00884535
97 1.0251 0.988123 0.00929089
97.1 1.02425 0.98837 0.008883
97.2 1.02404 0.989238 0.00903296
97.3 1.02443 0.990019 0.00888585
97.4 1.02469 0.99012 0.00890325
97.5 1.02427 0.989715 0.00949236
97.6 1.02475 0.989935 0.0092859
97.7 1.02476 0.9896 0.00880147
97.8 1.02401 0.990121 0.00866505
97.9 1.02396 0.989193 0.00851274
98 1.0237 0.989795 0.00802218
98.1 1.02361 0.989254 0.00794692
98.2 1.02549 0.988762 0.00807945
98.3 1.02542 0.988057 0.00834566
98.4 1.02592 0.988969 0.00809032
98.5 1.02566 0.988743 0.00823656
98.6 1.02523 0.988982 0.00765753
98.7 1.0245 0.989315 0.00768975
98.8 1.02373 0.989532 0.00756107
98.9 1.02388 0.989115 0.00779115
99 1.02309 0.989224 0.00720065
99.1 1.02367 0.989962 0.00706918
99.2 1.02386 0.990161 0.00711911
99.3 1.02324 0.990049 0.00746334
99.4 1.02291 0.99038 0.00795733
99.5 1.02281 0.988854 0.00770167
99.6 1.02282 0.98781 0.00762639
99.7 1.02362 0.988112 0.00710103
99.8 1.02369 0.989214 0.00665618
99.9 1.02303 0.988403 0.00701316
