0 5
1 10
2 15
3 20
4 25
5 30
6 35
7 40
8 45
9 50
10 55
11 60
12 65
13 70
14 75
15 80
16 85
17 90
18 95
19 100
20 105
21 110
22 115
23 120
24 125
25 130
26 135
27 140
28 145
29 150
30 155
31 160
32 165
33 170
34 175
35 180
36 185
37 190
38 195
39 200
40 205
41 210
42 215
43 220
44 225
45 230
46 235
47 240
48 245
49 250
50 255
51 260
52 265
53 270
54 275
55 280
56 285
57 290
58 295
59 300
60 305
61 310
62 315
63 320
64 325
65 330
66 335
67 340
68 345
69 350
70 355
71 359
72 364
73 369
74 374
75 379
76 384
77 389
78 394
79 399
80 404
81 409
82 414
83 419
84 424
85 429
86 434
87 439
88 444
89 449
90 454
91 459
92 464
93 469
94 474
95 479
96 484
97 489
98 494
99 499
100 504
101 509
102 514
103 519
104 524
105 529
106 534
107 539
108 544
109 549
110 554
111 559
112 564
113 569
114 573
115 577
116 582
117 587
118 592
119 597
120 601
121 606
122 610
123 615
124 620
125 625
126 630
127 635
128 640
129 645
130 650
131 655
132 660
133 665
134 669
135 674
136 679
137 684
138 688
139 693
140 698
141 703
142 708
143 713
144 716
145 721
146 726
147 731
148 736
149 741
150 746
151 751
152 755
153 759
154 764
155 769
156 774
157 779
158 784
159 789
160 794
161 798
162 803
163 806
164 811
165 816
166 821
167 826
168 831
169 836
170 841
171 846
172 850
173 855
174 860
175 865
176 870
177 875
178 880
179 884
180 889
181 894
182 899
183 904
184 909
185 914
186 919
187 924
188 929
189 932
190 937
191 941
192 945
193 949
194 954
195 959
196 963
197 968
198 973
199 978
200 982
201 987
202 992
203 997
204 1002
205 1007
206 1011
207 1016
208 1021
209 1026
210 1031
211 1035
212 1040
213 1045
214 1050
215 1054
216 1059
217 1061
218 1065
219 1069
220 1073
221 1078
222 1081
223 1086
224 1090
225 1095
226 1100
227 1105
228 1110
229 1113
230 1117
231 1122
232 1126
233 1131
234 1136
235 1141
236 1143
237 1147
238 1152
239 1157
240 1161
241 1164
242 1169
243 1174
244 1178
245 1182
246 1187
247 1192
248 1196
249 1201
250 1206
251 1211
252 1215
253 1220
254 1224
255 1229
256 1234
257 1239
258 1243
259 1247
260 1252
261 1257
262 1262
263 1267
264 1272
265 1276
266 1281
267 1286
268 1291
269 1295
270 1299
271 1304
272 1309
273 1313
274 1318
275 1323
276 1328
277 1333
278 1337
279 1342
280 1346
281 1350
282 1354
283 1358
284 1363
285 1368
286 1373
287 1378
288 1381
289 1386
290 1390
291 1393
292 1395
293 1399
294 1404
295 1408
296 1412
297 1416
298 1420
299 1424
300 1429
301 1434
302 1437
303 1441
304 1446
305 1448
306 1453
307 1456
308 1461
309 1465
310 1470
311 1475
312 1479
313 1484
314 1489
315 1494
316 1499
317 1502
318 1506
319 1508
320 1511
321 1514
322 1517
323 1521
324 1526
325 1531
326 1536
327 1541
328 1544
329 1548
330 1553
331 1558
332 1562
333 1566
334 1570
335 1575
336 1579
337 1583
338 1588
339 1593
340 1596
341 1600
342 1602
343 1607
344 1612
345 1617
346 1622
347 1627
348 1631
349 1635
350 1639
351 1641
352 1645
353 1647
354 1652
355 1653
356 1657
357 1661
358 1665
359 1669
360 1674
361 1678
362 1682
363 1686
364 1689
365 1693
366 1697
367 1701
368 1704
369 1709
370 1714
371 1719
372 1722
373 1727
374 1730
375 1735
376 1737
377 1742
378 1747
379 1749
380 1754
381 1759
382 1763
383 1768
384 1772
385 1776
386 1781
387 1786
388 1791
389 1795
390 1798
391 1802
392 1806
393 1808
394 1811
395 1814
396 1819
397 1823
398 1828
399 1833
400 1835
401 1838
402 1842
403 1847
404 1851
405 1855
406 1859
407 1864
408 1865
409 1865
410 1868
411 1872
412 1877
413 1880
414 1884
415 1886
416 1890
417 1893
418 1898
419 1902
420 1906
421 1911
422 1913
423 1918
424 1921
425 1924
426 1929
427 1933
428 1935
429 1940
430 1945
431 1948
432 1951
433 1955
434 1959
435 1964
436 1966
437 1970
438 1975
439 1979
440 1981
441 1984
442 1989
443 1994
444 1997
445 2000
446 2004
447 2007
448 2011
449 2014
450 2018
451 2021
452 2026
453 2030
454 2034
455 2037
456 2039
457 2042
458 2046
459 2051
460 2056
461 2059
462 2063
463 2067
464 2071
465 2073
466 2077
467 2082
468 2087
469 2092
470 2097
471 2102
472 2107
473 2111
474 2115
475 2118
476 2122
477 2125
478 2129
479 2133
480 2137
481 2140
482 2143
483 2147
484 2151
485 2156
486 2160
487 2163
488 2167
489 2169
490 2171
491 2173
492 2176
493 2177
494 2182
495 2187
496 2192
497 2193
498 2196
499 2201
500 2204
501 2208
502 2212
503 2214
504 2218
505 2222
506 2224
507 2228
508 2230
509 2233
510 2237
511 2242
512 2246
513 2248
514 2251
515 2252
516 2256
517 2260
518 2262
519 2265
520 2267
521 2270
522 2274
523 2278
524 2283
525 2286
526 2290
527 2292
528 2296
529 2298
530 2300
531 2304
532 2308
533 2310
534 2315
535 2319
536 2323
537 2327
538 2331
539 2332
540 2336
541 2338
542 2341
543 2345
544 2350
545 2352
546 2357
547 2359
548 2362
549 2365
550 2369
551 2371
552 2374
553 2378
554 2383
555 2386
556 2391
557 2394
558 2398
559 2399
560 2403
561 2406
562 2410
563 2413
564 2418
565 2421
566 2423
567 2426
568 2430
569 2433
570 2437
571 2440
572 2442
573 2447
574 2449
575 2452
576 2456
577 2461
578 2464
579 2466
580 2471
581 2474
582 2479
583 2482
584 2482
585 2484
586 2485
587 2489
588 2492
589 2495
590 2497
591 2500
592 2503
593 2505
594 2509
595 2511
596 2512
597 2512
598 2517
599 2522
600 2525
601 2529
602 2530
603 2531
604 2534
605 2538
606 2542
607 2542
608 2544
609 2547
610 2552
611 2557
612 2560
613 2563
614 2566
615 2566
616 2570
617 2574
618 2578
619 2582
620 2583
621 2587
622 2591
623 2593
624 2597
625 2601
626 2600
627 2600
628 2605
629 2606
630 2610
631 2614
632 2619
633 2624
634 2626
635 2628
636 2632
637 2636
638 2640
639 2642
640 2646
641 2649
642 2653
643 2656
644 2657
645 2661
646 2665
647 2669
648 2671
649 2674
650 2676
651 2680
652 2684
653 2686
654 2691
655 2695
656 2700
657 2702
658 2706
659 2711
660 2714
661 2715
662 2718
663 2721
664 2725
665 2728
666 2732
667 2735
668 2737
669 2737
670 2742
671 2746
672 2751
673 2753
674 2754
675 2759
676 2759
677 2764
678 2764
679 2767
680 2768
681 2772
682 2775
683 2778
684 2782
685 2781
686 2786
687 2789
688 2791
689 2796
690 2798
691 2802
692 2804
693 2806
694 2808
695 2810
696 2811
697 2815
698 2817
699 2818
700 2823
701 2826
702 2829
703 2834
704 2838
705 2838
706 2841
707 2844
708 2845
709 2849
710 2854
711 2858
712 2862
713 2861
714 2864
715 2866
716 2870
717 2872
718 2875
719 2877
720 2878
721 2881
722 2885
723 2886
724 2888
725 2892
726 2896
727 2898
728 2901
729 2903
730 2904
731 2907
732 2910
733 2912
734 2913
735 2916
736 2921
737 2924
738 2924
739 2928
740 2932
741 2933
742 2935
743 2938
744 2942
745 2945
746 2947
747 2951
748 2955
749 2957
750 2960
751 2962
752 2964
753 2968
754 2970
755 2971
756 2970
757 2975
758 2980
759 2983
760 2987
761 2990
762 2992
763 2996
764 2999
765 3004
766 3008
767 3011
768 3012
769 3015
770 3019
771 3021
772 3023
773 3026
774 3029
775 3032
776 3034
777 3039
778 3040
779 3043
780 3045
781 3047
782 3047
783 3051
784 3054
785 3056
786 3060
787 3065
788 3064
789 3067
790 3069
791 3070
792 3071
793 3072
794 3077
795 3081
796 3084
797 3087
798 3091
799 3091
800 3094
801 3098
802 3100
803 3105
804 3107
805 3112
806 3116
807 3121
808 3126
809 3130
810 3132
811 3135
812 3137
813 3141
814 3145
815 3147
816 3151
817 3151
818 3155
819 3159
820 3159
821 3159
822 3162
823 3165
824 3168
825 3170
826 3173
827 3176
828 3179
829 3181
830 3185
831 3187
832 3189
833 3190
834 3190
835 3193
836 3197
837 3201
838 3202
839 3202
840 3202
841 3206
842 3208
843 3211
844 3214
845 3212
846 3216
847 3219
848 3221
849 3225
850 3230
851 3233
852 3233
853 3235
854 3238
855 3242
856 3244
857 3247
858 3249
859 3252
860 3255
861 3257
862 3257
863 3261
864 3265
865 3269
866 3272
867 3272
868 3272
869 3276
870 3279
871 3280
872 3284
873 3288
874 3290
875 3292
876 3295
877 3296
878 3300
879 3302
880 3306
881 3308
882 3308
883 3308
884 3311
885 3312
886 3314
887 3318
888 3322
889 3326
890 3329
891 3329
892 3332
893 3334
894 3337
895 3338
896 3342
897 3347
898 3348
899 3353
900 3355
901 3358
902 3361
903 3363
904 3364
905 3366
906 3367
907 3370
908 3373
909 3377
910 3380
911 3381
912 3385
913 3389
914 3390
915 3390
916 3391
917 3393
918 3396
919 3398
920 3397
921 3397
922 3398
923 3402
924 3406
925 3407
926 3410
927 3412
928 3412
929 3415
930 3418
931 3418
932 3422
933 3426
934 3429
935 3432
936 3435
937 3436
938 3436
939 3441
940 3442
941 3445
942 3446
943 3451
944 3455
945 3457
946 3461
947 3464
948 3466
949 3469
950 3468
951 3471
952 3474
953 3476
954 3479
955 3483
956 3483
957 3487
958 3491
959 3494
960 3497
961 3497
962 3496
963 3500
964 3501
965 3504
966 3507
967 3507
968 3510
969 3510
970 3513
971 3513
972 3514
973 3516
974 3516
975 3518
976 3522
977 3525
978 3529
979 3533
980 3536
981 3539
982 3541
983 3539
984 3539
985 3538
986 3540
987 3544
988 3547
989 3548
990 3550
991 3550
992 3553
993 3553
994 3556
995 3558
996 3560
997 3560
998 3564
999 3565
1000 3568
1001 3571
1002 3573
1003 3574
1004 3576
1005 3579
1006 3581
1007 3582
1008 3585
1009 3587
1010 3587
1011 3589
1012 3592
1013 3597
1014 3598
1015 3600
1016 3602
1017 3604
1018 3606
1019 3609
1020 3614
1021 3616
1022 3619
1023 3622
1024 3623
1025 3624
1026 3627
1027 3630
1028 3634
1029 3634
1030 3637
1031 3639
1032 3640
1033 3642
1034 3642
1035 3642
1036 3644
1037 3647
1038 3649
1039 3653
1040 3654
1041 3656
1042 3659
1043 3662
1044 3662
1045 3666
1046 3667
1047 3671
1048 3672
1049 3671
1050 3671
1051 3671
1052 3674
1053 3677
1054 3680
1055 3684
1056 3687
1057 3688
1058 3689
1059 3694
1060 3697
1061 3698
1062 3699
1063 3702
1064 3705
1065 3704
1066 3708
1067 3710
1068 3709
1069 3713
1070 3715
1071 3720
1072 3724
1073 3726
1074 3729
1075 3730
1076 3730
1077 3733
1078 3734
1079 3737
1080 3740
1081 3741
1082 3744
1083 3744
1084 3748
1085 3751
1086 3753
1087 3756
1088 3758
1089 3759
1090 3761
1091 3762
1092 3764
1093 3767
1094 3770
1095 3772
1096 3776
1097 3776
1098 3780
1099 3782
1100 3778
1101 3780
1102 3782
1103 3786
1104 3786
1105 3786
1106 3785
1107 3782
1108 3783
1109 3784
1110 3787
1111 3789
1112 3790
1113 3789
1114 3793
1115 3794
1116 3794
1117 3794
1118 3799
1119 3802
1120 3804
1121 3807
1122 3810
1123 3812
1124 3811
1125 3812
1126 3816
1127 3819
1128 3821
1129 3824
1130 3825
1131 3827
1132 3831
1133 3834
1134 3838
1135 3839
1136 3838
1137 3837
1138 3840
1139 3842
1140 3847
1141 3846
1142 3848
1143 3849
1144 3849
1145 3851
1146 3850
1147 3851
1148 3854
1149 3856
1150 3855
1151 3853
1152 3858
1153 3860
1154 3860
1155 3859
1156 3861
1157 3863
1158 3863
1159 3868
1160 3872
1161 3876
1162 3880
1163 3882
1164 3880
1165 3882
1166 3886
1167 3886
1168 3889
1169 3893
1170 3898
1171 3902
1172 3901
1173 3904
1174 3903
1175 3907
1176 3909
1177 3914
1178 3915
1179 3918
1180 3919
1181 3920
1182 3924
1183 3928
1184 3931
1185 3932
1186 3935
1187 3937
1188 3939
1189 3943
1190 3946
1191 3948
1192 3951
1193 3953
1194 3955
1195 3958
1196 3957
1197 3961
1198 3963
1199 3966
1200 3969
1201 3973
1202 3975
1203 3978
1204 3981
1205 3983
1206 3984
1207 3987
1208 3991
1209 3991
1210 3991
1211 3990
1212 3988
1213 3989
1214 3992
1215 3996
1216 3995
1217 3995
1218 3995
1219 3997
1220 3998
1221 4000
1222 4003
1223 4003
1224 4002
1225 4007
1226 4010
1227 4010
1228 4012
1229 4015
1230 4017
1231 4018
1232 4022
1233 4023
1234 4025
1235 4026
1236 4029
1237 4029
1238 4032
1239 4033
1240 4036
1241 4041
1242 4044
1243 4044
1244 4046
1245 4048
1246 4050
1247 4052
1248 4052
1249 4053
1250 4057
1251 4060
1252 4062
1253 4063
1254 4064
1255 4065
1256 4065
1257 4068
1258 4068
1259 4071
1260 4072
1261 4075
1262 4076
1263 4079
1264 4082
1265 4082
1266 4085
1267 4088
1268 4090
1269 4092
1270 4094
1271 4096
1272 4098
1273 4099
1274 4102
1275 4104
1276 4108
1277 4110
1278 4111
1279 4115
1280 4113
1281 4116
1282 4119
1283 4119
1284 4121
1285 4123
1286 4126
1287 4131
1288 4131
1289 4131
1290 4131
1291 4132
1292 4136
1293 4139
1294 4142
1295 4144
1296 4146
1297 4147
1298 4148
1299 4150
1300 4149
1301 4150
1302 4149
1303 4151
1304 4151
1305 4154
1306 4155
1307 4158
1308 4159
1309 4162
1310 4163
1311 4163
1312 4164
1313 4163
1314 4159
1315 4162
1316 4161
1317 4163
1318 4165
1319 4167
1320 4169
1321 4170
1322 4170
1323 4171
1324 4175
1325 4174
1326 4178
1327 4181
1328 4181
1329 4184
1330 4188
1331 4191
1332 4193
1333 4194
1334 4196
1335 4197
1336 4200
1337 4203
1338 4207
1339 4208
1340 4211
1341 4214
1342 4210
1343 4210
1344 4212
1345 4217
1346 4215
1347 4212
1348 4214
1349 4219
1350 4222
1351 4224
1352 4222
1353 4223
1354 4223
1355 4225
1356 4227
1357 4228
1358 4230
1359 4230
1360 4235
1361 4238
1362 4239
1363 4241
1364 4243
1365 4247
1366 4250
1367 4251
1368 4251
1369 4252
1370 4251
1371 4253
1372 4254
1373 4258
1374 4256
1375 4256
1376 4256
1377 4257
1378 4260
1379 4260
1380 4263
1381 4264
1382 4268
1383 4268
1384 4268
1385 4265
1386 4267
1387 4270
1388 4269
1389 4274
1390 4274
1391 4277
1392 4275
1393 4277
1394 4277
1395 4279
1396 4281
1397 4281
1398 4281
1399 4285
1400 4289
1401 4290
1402 4292
1403 4294
1404 4292
1405 4293
1406 4295
1407 4296
1408 4295
1409 4298
1410 4301
1411 4304
1412 4306
1413 4308
1414 4310
1415 4313
1416 4316
1417 4317
1418 4319
1419 4319
1420 4321
1421 4323
1422 4325
1423 4327
1424 4326
1425 4324
1426 4324
1427 4327
1428 4330
1429 4330
1430 4330
1431 4333
1432 4336
1433 4340
1434 4338
1435 4340
1436 4341
1437 4343
1438 4342
1439 4345
1440 4342
1441 4346
1442 4348
1443 4346
1444 4349
1445 4351
1446 4352
1447 4353
1448 4356
1449 4359
1450 4360
1451 4360
1452 4361
1453 4362
1454 4363
1455 4363
1456 4368
1457 4368
1458 4371
1459 4370
1460 4370
1461 4370
1462 4374
1463 4371
1464 4375
1465 4376
1466 4379
1467 4381
1468 4384
1469 4388
1470 4390
1471 4393
1472 4394
1473 4397
1474 4396
1475 4398
1476 4399
1477 4399
1478 4401
1479 4400
1480 4404
1481 4405
1482 4406
1483 4407
1484 4406
1485 4407
1486 4408
1487 4403
1488 4395
1489 4397
1490 4400
1491 4403
1492 4404
1493 4404
1494 4405
1495 4407
1496 4407
1497 4409
1498 4411
1499 4409
1500 4407
1501 4407
1502 4409
1503 4410
1504 4411
1505 4413
1506 4415
1507 4419
1508 4422
1509 4424
1510 4426
1511 4424
1512 4427
1513 4428
1514 4428
1515 4429
1516 4426
1517 4427
1518 4423
1519 4424
1520 4427
1521 4426
1522 4428
1523 4431
1524 4435
1525 4439
1526 4439
1527 4443
1528 4446
1529 4449
1530 4452
1531 4456
1532 4455
1533 4455
1534 4457
1535 4457
1536 4457
1537 4461
1538 4465
1539 4467
1540 4472
1541 4471
1542 4473
1543 4476
1544 4480
1545 4483
1546 4488
1547 4490
1548 4494
1549 4496
1550 4495
1551 4493
1552 4491
1553 4494
1554 4494
1555 4498
1556 4500
1557 4502
1558 4505
1559 4509
1560 4512
1561 4516
1562 4515
1563 4516
1564 4519
1565 4521
1566 4521
1567 4523
1568 4522
1569 4523
1570 4528
1571 4528
1572 4531
1573 4534
1574 4536
1575 4537
1576 4536
1577 4537
1578 4541
1579 4543
1580 4542
1581 4545
1582 4546
1583 4551
1584 4551
1585 4553
1586 4557
1587 4557
1588 4562
1589 4562
1590 4560
1591 4559
1592 4561
1593 4565
1594 4563
1595 4566
1596 4569
1597 4568
1598 4565
1599 4566
1600 4570
1601 4573
1602 4573
1603 4574
1604 4576
1605 4578
1606 4580
1607 4582
1608 4578
1609 4580
1610 4581
1611 4580
1612 4582
1613 4584
1614 4585
1615 4590
1616 4593
1617 4595
1618 4597
1619 4596
1620 4598
1621 4597
1622 4595
1623 4596
1624 4598
1625 4602
1626 4604
1627 4607
1628 4611
1629 4613
1630 4616
1631 4615
1632 4616
1633 4619
1634 4620
1635 4623
1636 4624
1637 4624
1638 4626
1639 4627
1640 4631
1641 4633
1642 4636
1643 4639
1644 4641
1645 4640
1646 4643
1647 4644
1648 4645
1649 4649
1650 4647
1651 4650
1652 4652
1653 4655
1654 4653
1655 4654
1656 4649
1657 4652
1658 4653
1659 4655
1660 4659
1661 4660
1662 4664
1663 4665
1664 4664
1665 4665
1666 4665
1667 4665
1668 4666
1669 4669
1670 4670
1671 4671
1672 4672
1673 4674
1674 4675
1675 4679
1676 4682
1677 4685
1678 4681
1679 4684
1680 4689
1681 4689
1682 4690
1683 4689
1684 4691
1685 4691
1686 4688
1687 4692
1688 4692
1689 4692
1690 4695
1691 4694
1692 4698
1693 4700
1694 4702
1695 4699
1696 4703
1697 4704
1698 4702
1699 4703
1700 4704
1701 4706
1702 4709
1703 4709
1704 4708
1705 4709
1706 4709
1707 4709
1708 4712
1709 4709
1710 4710
1711 4708
1712 4707
1713 4710
1714 4708
1715 4712
1716 4712
1717 4709
1718 4707
1719 4707
1720 4709
1721 4712
1722 4715
1723 4716
1724 4717
1725 4719
1726 4721
1727 4719
1728 4717
1729 4718
1730 4722
1731 4725
1732 4727
1733 4726
1734 4729
1735 4732
1736 4733
1737 4734
1738 4736
1739 4734
1740 4736
1741 4738
1742 4736
1743 4733
1744 4738
1745 4737
1746 4739
1747 4741
1748 4746
1749 4748
1750 4748
1751 4746
1752 4747
1753 4746
1754 4744
1755 4747
1756 4748
1757 4749
1758 4750
1759 4752
1760 4745
1761 4746
1762 4748
1763 4750
1764 4749
1765 4750
1766 4749
1767 4749
1768 4751
1769 4752
1770 4752
1771 4756
1772 4757
1773 4756
1774 4755
1775 4757
1776 4761
1777 4761
1778 4758
1779 4760
1780 4763
1781 4763
1782 4765
1783 4765
1784 4764
1785 4764
1786 4763
1787 4764
1788 4764
1789 4767
1790 4768
1791 4766
1792 4767
1793 4767
1794 4767
1795 4764
1796 4766
1797 4769
1798 4770
1799 4770
1800 4767
1801 4767
1802 4771
1803 4770
1804 4772
1805 4775
1806 4775
1807 4777
1808 4774
1809 4770
1810 4770
1811 4770
1812 4772
1813 4775
1814 4774
1815 4773
1816 4775
1817 4771
1818 4770
1819 4773
1820 4772
1821 4774
1822 4778
1823 4781
1824 4781
1825 4780
1826 4781
1827 4783
1828 4785
1829 4784
1830 4785
1831 4783
1832 4785
1833 4786
1834 4788
1835 4790
1836 4788
1837 4787
1838 4784
1839 4783
1840 4787
1841 4789
1842 4790
1843 4789
1844 4790
1845 4790
1846 4789
1847 4791
1848 4793
1849 4793
1850 4794
1851 4792
1852 4794
1853 4794
1854 4794
1855 4794
1856 4792
1857 4793
1858 4796
1859 4798
1860 4799
1861 4802
1862 4802
1863 4802
1864 4802
1865 4803
1866 4804
1867 4807
1868 4808
1869 4811
1870 4815
1871 4813
1872 4816
1873 4819
1874 4818
1875 4818
1876 4820
1877 4824
1878 4822
1879 4820
1880 4821
1881 4822
1882 4824
1883 4825
1884 4823
1885 4822
1886 4821
1887 4824
1888 4820
1889 4822
1890 4824
1891 4824
1892 4823
1893 4824
1894 4822
1895 4824
1896 4827
1897 4829
1898 4829
1899 4832
1900 4830
1901 4830
1902 4828
1903 4830
1904 4829
1905 4834
1906 4836
1907 4838
1908 4840
1909 4840
1910 4839
1911 4842
1912 4844
1913 4846
1914 4848
1915 4849
1916 4849
1917 4850
1918 4853
1919 4848
1920 4850
1921 4854
1922 4856
1923 4857
1924 4859
1925 4862
1926 4863
1927 4865
1928 4870
1929 4871
1930 4872
1931 4874
1932 4875
1933 4878
1934 4877
1935 4878
1936 4875
1937 4875
1938 4876
1939 4879
1940 4879
1941 4879
1942 4879
1943 4879
1944 4880
1945 4879
1946 4877
1947 4875
1948 4872
1949 4873
1950 4876
1951 4879
1952 4881
1953 4882
1954 4882
1955 4879
1956 4881
1957 4881
1958 4881
1959 4882
1960 4883
1961 4885
1962 4888
1963 4886
1964 4880
1965 4879
1966 4879
1967 4878
1968 4877
1969 4876
1970 4876
1971 4878
1972 4881
1973 4881
1974 4883
1975 4881
1976 4882
1977 4882
1978 4883
1979 4883
1980 4884
1981 4883
1982 4886
1983 4885
1984 4888
1985 4888
1986 4890
1987 4892
1988 4895
1989 4894
1990 4894
1991 4895
1992 4894
1993 4895
1994 4894
1995 4898
1996 4898
1997 4899
1998 4900
1999 4899
2000 4901
2001 4901
2002 4900
2003 4900
2004 4900
2005 4903
2006 4905
2007 4909
2008 4907
2009 4910
2010 4915
2011 4913
2012 4915
2013 4915
2014 4916
2015 4917
2016 4918
2017 4919
2018 4922
2019 4919
2020 4922
2021 4924
2022 4926
2023 4925
2024 4925
2025 4928
2026 4928
2027 4926
2028 4927
2029 4926
2030 4927
2031 4931
2032 4932
2033 4931
2034 4930
2035 4928
2036 4927
2037 4927
2038 4927
2039 4928
2040 4928
2041 4926
2042 4927
2043 4929
2044 4931
2045 4935
2046 4934
2047 4935
2048 4937
2049 4936
2050 4937
2051 4941
2052 4943
2053 4943
2054 4944
2055 4943
2056 4943
2057 4947
2058 4949
2059 4951
2060 4954
2061 4958
2062 4958
2063 4958
2064 4957
2065 4958
2066 4957
2067 4955
2068 4955
2069 4955
2070 4955
2071 4955
2072 4955
2073 4949
2074 4944
2075 4944
2076 4944
2077 4944
2078 4947
2079 4949
2080 4946
2081 4944
2082 4946
2083 4946
2084 4948
2085 4947
2086 4949
2087 4946
2088 4945
2089 4945
2090 4945
2091 4942
2092 4942
2093 4943
2094 4941
2095 4938
2096 4938
2097 4937
2098 4938
2099 4938
2100 4940
2101 4939
2102 4941
2103 4941
2104 4941
2105 4942
2106 4941
2107 4945
2108 4946
2109 4948
2110 4949
2111 4952
2112 4954
2113 4956
2114 4959
2115 4957
2116 4956
2117 4961
2118 4963
2119 4967
2120 4968
2121 4967
2122 4970
2123 4969
2124 4970
2125 4972
2126 4976
2127 4979
2128 4981
2129 4981
2130 4981
2131 4985
2132 4986
2133 4988
2134 4989
2135 4989
2136 4988
2137 4990
2138 4990
2139 4994
2140 4995
2141 4997
2142 4996
2143 4995
2144 4995
2145 4997
2146 4998
2147 4998
2148 4992
2149 4997
2150 5001
2151 5003
2152 5003
2153 5002
2154 5004
2155 5001
2156 5002
2157 5000
2158 5001
2159 5001
2160 5003
2161 5002
2162 5002
2163 5001
2164 5004
2165 5007
2166 5004
2167 5005
2168 5006
2169 5005
2170 5005
2171 5006
2172 5003
2173 5001
2174 5002
2175 5003
2176 5005
2177 5004
2178 5002
2179 5001
2180 5000
2181 4999
2182 4999
2183 4997
2184 4998
2185 4994
2186 4992
2187 4997
2188 4998
2189 5001
2190 5001
2191 4999
2192 4997
2193 4999
2194 5000
2195 4997
2196 4998
2197 5001
2198 4999
2199 4998
2200 5001
2201 5000
2202 5004
2203 5004
2204 5008
2205 5011
2206 5012
2207 5012
2208 5011
2209 5011
2210 5011
2211 5014
2212 5015
2213 5014
2214 5018
2215 5020
2216 5023
2217 5023
2218 5025
2219 5030
2220 5028
2221 5028
2222 5027
2223 5030
2224 5029
2225 5032
2226 5036
2227 5031
2228 5035
2229 5034
2230 5031
2231 5029
2232 5033
2233 5037
2234 5034
2235 5035
2236 5034
2237 5035
2238 5037
2239 5038
2240 5038
2241 5039
2242 5034
2243 5037
2244 5038
2245 5038
2246 5039
2247 5041
2248 5044
2249 5047
2250 5045
2251 5045
2252 5044
2253 5046
2254 5045
2255 5042
2256 5045
2257 5046
2258 5047
2259 5047
2260 5048
2261 5048
2262 5051
2263 5048
2264 5049
2265 5050
2266 5050
2267 5049
2268 5053
2269 5056
2270 5060
2271 5059
2272 5059
2273 5059
2274 5058
2275 5058
2276 5058
2277 5058
2278 5057
2279 5057
2280 5059
2281 5061
2282 5061
2283 5059
2284 5058
2285 5060
2286 5063
2287 5062
2288 5063
2289 5066
2290 5068
2291 5067
2292 5069
2293 5066
2294 5070
2295 5069
2296 5065
2297 5067
2298 5071
2299 5072
2300 5072
2301 5071
2302 5070
2303 5069
2304 5070
2305 5065
2306 5069
2307 5068
2308 5070
2309 5069
2310 5072
2311 5071
2312 5070
2313 5069
2314 5069
2315 5067
2316 5070
2317 5070
2318 5069
2319 5068
2320 5069
2321 5070
2322 5073
2323 5073
2324 5077
2325 5077
2326 5077
2327 5079
2328 5079
2329 5080
2330 5081
2331 5084
2332 5086
2333 5085
2334 5089
2335 5087
2336 5083
2337 5078
2338 5081
2339 5084
2340 5085
2341 5085
2342 5080
2343 5081
2344 5082
2345 5082
2346 5084
2347 5079
2348 5083
2349 5081
2350 5084
2351 5083
2352 5085
2353 5086
2354 5089
2355 5089
2356 5092
2357 5096
2358 5100
2359 5098
2360 5101
2361 5101
2362 5104
2363 5104
2364 5104
2365 5103
2366 5105
2367 5106
2368 5108
2369 5111
2370 5114
2371 5115
2372 5117
2373 5118
2374 5120
2375 5121
2376 5117
2377 5119
2378 5120
2379 5122
2380 5124
2381 5126
2382 5127
2383 5126
2384 5123
2385 5123
2386 5119
2387 5117
2388 5118
2389 5120
2390 5121
2391 5120
2392 5122
2393 5125
2394 5126
2395 5129
2396 5131
2397 5134
2398 5135
2399 5138
2400 5136
2401 5139
2402 5136
2403 5137
2404 5134
2405 5134
2406 5138
2407 5141
2408 5143
2409 5145
2410 5147
2411 5148
2412 5150
2413 5152
2414 5150
2415 5152
2416 5154
2417 5155
2418 5160
2419 5159
2420 5160
2421 5163
2422 5167
2423 5170
2424 5172
2425 5174
2426 5176
2427 5176
2428 5175
2429 5177
2430 5179
2431 5183
2432 5180
2433 5178
2434 5177
2435 5180
2436 5181
2437 5182
2438 5186
2439 5188
2440 5188
2441 5189
2442 5190
2443 5192
2444 5192
2445 5193
2446 5191
2447 5194
2448 5192
2449 5192
2450 5194
2451 5196
2452 5199
2453 5203
2454 5202
2455 5203
2456 5205
2457 5207
2458 5208
2459 5209
2460 5208
2461 5209
2462 5212
2463 5216
2464 5217
2465 5216
2466 5218
2467 5219
2468 5219
2469 5217
2470 5220
2471 5221
2472 5223
2473 5223
2474 5221
2475 5224
2476 5226
2477 5227
2478 5228
2479 5226
2480 5229
2481 5230
2482 5231
2483 5232
2484 5233
2485 5233
2486 5232
2487 5229
2488 5230
2489 5229
2490 5228
2491 5229
2492 5230
2493 5228
2494 5230
2495 5231
2496 5230
2497 5228
2498 5226
2499 5224
2500 5225
2501 5230
2502 5232
2503 5234
2504 5234
2505 5234
2506 5235
2507 5236
2508 5236
2509 5236
2510 5239
2511 5240
2512 5241
2513 5243
2514 5240
2515 5242
2516 5246
2517 5248
2518 5248
2519 5249
2520 5250
2521 5250
2522 5254
2523 5255
2524 5257
2525 5258
2526 5258
2527 5259
2528 5255
2529 5260
2530 5261
2531 5263
2532 5267
2533 5265
2534 5265
2535 5265
2536 5265
2537 5264
2538 5267
2539 5265
2540 5268
2541 5273
2542 5275
2543 5276
2544 5276
2545 5278
2546 5278
2547 5283
2548 5286
2549 5286
2550 5287
2551 5289
2552 5293
2553 5292
2554 5293
2555 5290
2556 5294
2557 5296
2558 5298
2559 5301
2560 5304
2561 5301
2562 5300
2563 5298
2564 5298
2565 5296
2566 5296
2567 5296
2568 5297
2569 5298
2570 5301
2571 5304
2572 5305
2573 5303
2574 5301
2575 5297
2576 5298
2577 5299
2578 5300
2579 5302
2580 5304
2581 5307
2582 5309
2583 5313
2584 5315
2585 5315
2586 5311
2587 5307
2588 5307
2589 5310
2590 5310
2591 5310
2592 5313
2593 5312
2594 5312
2595 5313
2596 5316
2597 5315
2598 5316
2599 5316
2600 5318
2601 5318
2602 5318
2603 5319
2604 5320
2605 5322
2606 5325
2607 5326
2608 5321
2609 5320
2610 5323
2611 5322
2612 5326
2613 5322
2614 5323
2615 5323
2616 5323
2617 5321
2618 5320
2619 5324
2620 5326
2621 5327
2622 5326
2623 5328
2624 5323
2625 5321
2626 5322
2627 5326
2628 5325
2629 5326
2630 5329
2631 5329
2632 5332
2633 5331
2634 5334
2635 5333
2636 5334
2637 5335
2638 5338
2639 5337
2640 5337
2641 5337
2642 5338
2643 5336
2644 5336
2645 5337
2646 5338
2647 5339
2648 5342
2649 5342
2650 5341
2651 5343
2652 5345
2653 5343
2654 5341
2655 5345
2656 5346
2657 5344
2658 5344
2659 5345
2660 5345
2661 5346
2662 5344
2663 5341
2664 5343
2665 5345
2666 5346
2667 5344
2668 5343
2669 5344
2670 5346
2671 5346
2672 5346
2673 5344
2674 5341
2675 5339
2676 5339
2677 5337
2678 5338
2679 5341
2680 5341
2681 5340
2682 5334
2683 5335
2684 5331
2685 5332
2686 5327
2687 5329
2688 5329
2689 5332
2690 5330
2691 5333
2692 5334
2693 5336
2694 5335
2695 5334
2696 5335
2697 5335
2698 5334
2699 5336
2700 5336
2701 5333
2702 5332
2703 5330
2704 5332
2705 5336
2706 5334
2707 5332
2708 5330
2709 5331
2710 5331
2711 5333
2712 5334
2713 5333
2714 5332
2715 5335
2716 5335
2717 5337
2718 5337
2719 5336
2720 5334
2721 5337
2722 5334
2723 5331
2724 5334
2725 5335
2726 5337
2727 5335
2728 5333
2729 5334
2730 5332
2731 5331
2732 5334
2733 5332
2734 5332
2735 5332
2736 5331
2737 5330
2738 5335
2739 5336
2740 5338
2741 5337
2742 5340
2743 5338
2744 5340
2745 5341
2746 5341
2747 5341
2748 5342
2749 5340
2750 5341
2751 5342
2752 5342
2753 5344
2754 5345
2755 5342
2756 5341
2757 5338
2758 5339
2759 5341
2760 5341
2761 5342
2762 5343
2763 5341
2764 5344
2765 5347
2766 5347
2767 5348
2768 5345
2769 5345
2770 5343
2771 5343
2772 5344
2773 5345
2774 5344
2775 5344
2776 5344
2777 5344
2778 5346
2779 5346
2780 5343
2781 5345
2782 5346
2783 5349
2784 5349
2785 5350
2786 5352
2787 5348
2788 5347
2789 5348
2790 5347
2791 5349
2792 5349
2793 5347
2794 5352
2795 5352
2796 5352
2797 5353
2798 5356
2799 5358
2800 5360
2801 5363
2802 5365
2803 5365
2804 5365
2805 5367
2806 5372
2807 5372
2808 5373
2809 5374
2810 5376
2811 5380
2812 5381
2813 5382
2814 5384
2815 5384
2816 5386
2817 5387
2818 5386
2819 5383
2820 5386
2821 5387
2822 5380
2823 5383
2824 5384
2825 5383
2826 5384
2827 5384
2828 5381
2829 5383
2830 5385
2831 5385
2832 5386
2833 5389
2834 5391
2835 5390
2836 5391
2837 5389
2838 5390
2839 5392
2840 5394
2841 5395
2842 5394
2843 5392
2844 5390
2845 5387
2846 5390
2847 5391
2848 5392
2849 5391
2850 5393
2851 5392
2852 5387
2853 5386
2854 5390
2855 5390
2856 5390
2857 5390
2858 5390
2859 5392
2860 5389
2861 5391
2862 5393
2863 5392
2864 5390
2865 5393
2866 5394
2867 5398
2868 5395
2869 5399
2870 5399
2871 5402
2872 5402
2873 5406
2874 5408
2875 5408
2876 5405
2877 5405
2878 5405
2879 5406
2880 5406
2881 5407
2882 5406
2883 5405
2884 5406
2885 5408
2886 5408
2887 5409
2888 5409
2889 5409
2890 5410
2891 5413
2892 5414
2893 5416
2894 5414
2895 5418
2896 5416
2897 5420
2898 5424
2899 5424
2900 5426
2901 5425
2902 5426
2903 5425
2904 5426
2905 5424
2906 5424
2907 5425
2908 5425
2909 5426
2910 5429
2911 5430
2912 5429
2913 5426
2914 5426
2915 5426
2916 5425
2917 5426
2918 5418
2919 5420
2920 5422
2921 5420
2922 5421
2923 5418
2924 5415
2925 5413
2926 5412
2927 5415
2928 5418
2929 5418
2930 5420
2931 5420
2932 5420
2933 5423
2934 5421
2935 5421
2936 5416
2937 5418
2938 5420
2939 5418
2940 5418
2941 5418
2942 5419
2943 5418
2944 5418
2945 5418
2946 5419
2947 5416
2948 5415
2949 5418
2950 5417
2951 5414
2952 5415
2953 5418
2954 5419
2955 5422
2956 5424
2957 5424
2958 5424
2959 5426
2960 5428
2961 5429
2962 5429
2963 5431
2964 5432
2965 5430
2966 5431
2967 5431
2968 5434
2969 5433
2970 5435
2971 5437
2972 5438
2973 5434
2974 5433
2975 5436
2976 5437
2977 5437
2978 5438
2979 5435
2980 5436
2981 5440
2982 5439
2983 5439
2984 5439
2985 5441
2986 5438
2987 5440
2988 5437
2989 5442
2990 5443
2991 5443
2992 5445
2993 5448
2994 5444
2995 5449
2996 5447
2997 5447
2998 5445
2999 5445
3000 5448
3001 5450
3002 5451
3003 5450
3004 5453
3005 5452
3006 5454
3007 5455
3008 5453
3009 5454
3010 5454
3011 5457
3012 5459
3013 5460
3014 5462
3015 5461
3016 5461
3017 5458
3018 5461
3019 5461
3020 5463
3021 5457
3022 5457
3023 5459
3024 5456
3025 5454
3026 5455
3027 5454
3028 5453
3029 5451
3030 5453
3031 5454
3032 5458
3033 5455
3034 5454
3035 5451
3036 5449
3037 5446
3038 5446
3039 5445
3040 5446
3041 5448
3042 5449
3043 5451
3044 5452
3045 5454
3046 5452
3047 5453
3048 5457
3049 5456
3050 5457
3051 5457
3052 5458
3053 5454
3054 5455
3055 5457
3056 5459
3057 5457
3058 5460
3059 5461
3060 5465
3061 5466
3062 5465
3063 5458
3064 5460
3065 5462
3066 5463
3067 5464
3068 5466
3069 5470
3070 5471
3071 5470
3072 5470
3073 5471
3074 5470
3075 5468
3076 5467
3077 5468
3078 5468
3079 5468
3080 5463
3081 5466
3082 5463
3083 5463
3084 5461
3085 5462
3086 5455
3087 5454
3088 5455
3089 5455
3090 5453
3091 5449
3092 5449
3093 5451
3094 5448
3095 5451
3096 5454
3097 5456
3098 5460
3099 5462
3100 5463
3101 5461
3102 5464
3103 5466
3104 5466
3105 5468
3106 5470
3107 5472
3108 5468
3109 5466
3110 5462
3111 5464
3112 5461
3113 5462
3114 5456
3115 5456
3116 5454
3117 5454
3118 5452
3119 5452
3120 5453
3121 5449
3122 5451
3123 5449
3124 5449
3125 5445
3126 5445
3127 5448
3128 5452
3129 5453
3130 5455
3131 5454
3132 5454
3133 5455
3134 5453
3135 5453
3136 5451
3137 5451
3138 5449
3139 5449
3140 5450
3141 5450
3142 5452
3143 5453
3144 5455
3145 5452
3146 5452
3147 5450
3148 5451
3149 5446
3150 5445
3151 5446
3152 5447
3153 5446
3154 5444
3155 5446
3156 5443
3157 5444
3158 5443
3159 5448
3160 5447
3161 5446
3162 5445
3163 5445
3164 5444
3165 5445
3166 5446
3167 5448
3168 5448
3169 5446
3170 5444
3171 5447
3172 5447
3173 5447
3174 5448
3175 5450
3176 5445
3177 5446
3178 5447
3179 5448
3180 5452
3181 5453
3182 5454
3183 5456
3184 5454
3185 5456
3186 5457
3187 5456
3188 5456
3189 5457
3190 5461
3191 5458
3192 5459
3193 5462
3194 5460
3195 5462
3196 5461
3197 5461
3198 5463
3199 5461
3200 5461
3201 5462
3202 5463
3203 5462
3204 5463
3205 5459
3206 5459
3207 5461
3208 5461
3209 5463
3210 5461
3211 5460
3212 5462
3213 5464
3214 5463
3215 5467
3216 5469
3217 5470
3218 5474
3219 5473
3220 5475
3221 5475
3222 5469
3223 5470
3224 5471
3225 5473
3226 5476
3227 5475
3228 5474
3229 5473
3230 5476
3231 5475
3232 5474
3233 5477
3234 5480
3235 5480
3236 5479
3237 5475
3238 5476
3239 5475
3240 5477
3241 5479
3242 5482
3243 5482
3244 5481
3245 5485
3246 5484
3247 5484
3248 5485
3249 5483
3250 5480
3251 5482
3252 5484
3253 5484
3254 5486
3255 5490
3256 5491
3257 5492
3258 5491
3259 5491
3260 5491
3261 5490
3262 5491
3263 5489
3264 5489
3265 5491
3266 5491
3267 5493
3268 5494
3269 5495
3270 5497
3271 5495
3272 5496
3273 5496
3274 5497
3275 5497
3276 5501
3277 5496
3278 5500
3279 5502
3280 5506
3281 5510
3282 5509
3283 5510
3284 5512
3285 5511
3286 5512
3287 5514
3288 5513
3289 5516
3290 5516
3291 5516
3292 5515
3293 5516
3294 5515
3295 5512
3296 5513
3297 5515
3298 5514
3299 5517
3300 5517
3301 5518
3302 5518
3303 5515
3304 5512
3305 5513
3306 5512
3307 5514
3308 5514
3309 5518
3310 5519
3311 5522
3312 5523
3313 5524
3314 5522
3315 5524
3316 5521
3317 5523
3318 5526
3319 5520
3320 5521
3321 5522
3322 5517
3323 5518
3324 5518
3325 5518
3326 5520
3327 5522
3328 5521
3329 5521
3330 5522
3331 5524
3332 5525
3333 5526
3334 5526
3335 5528
3336 5529
3337 5528
3338 5530
3339 5531
3340 5531
3341 5530
3342 5529
3343 5528
3344 5530
3345 5527
3346 5529
3347 5529
3348 5533
3349 5536
3350 5537
3351 5538
3352 5541
3353 5542
3354 5544
3355 5545
3356 5547
3357 5546
3358 5544
3359 5544
3360 5545
3361 5545
3362 5545
3363 5545
3364 5546
3365 5542
3366 5546
3367 5546
3368 5544
3369 5544
3370 5544
3371 5547
3372 5547
3373 5548
3374 5550
3375 5550
3376 5552
3377 5552
3378 5552
3379 5546
3380 5545
3381 5547
3382 5542
3383 5543
3384 5542
3385 5543
3386 5541
3387 5541
3388 5541
3389 5544
3390 5545
3391 5546
3392 5547
3393 5548
3394 5547
3395 5546
3396 5549
3397 5551
3398 5554
3399 5556
3400 5559
3401 5562
3402 5560
3403 5561
3404 5562
3405 5562
3406 5563
3407 5564
3408 5566
3409 5567
3410 5564
3411 5559
3412 5558
3413 5554
3414 5553
3415 5553
3416 5551
3417 5551
3418 5556
3419 5549
3420 5553
3421 5556
3422 5554
3423 5555
3424 5556
3425 5553
3426 5556
3427 5554
3428 5552
3429 5550
3430 5552
3431 5553
3432 5555
3433 5558
3434 5561
3435 5564
3436 5565
3437 5566
3438 5567
3439 5568
3440 5569
3441 5567
3442 5569
3443 5572
3444 5568
3445 5567
3446 5567
3447 5566
3448 5565
3449 5561
3450 5561
3451 5559
3452 5557
3453 5556
3454 5557
3455 5558
3456 5561
3457 5561
3458 5564
3459 5559
3460 5563
3461 5559
3462 5560
3463 5561
3464 5558
3465 5559
3466 5560
3467 5558
3468 5560
3469 5560
3470 5560
3471 5560
3472 5558
3473 5560
3474 5556
3475 5548
3476 5549
3477 5546
3478 5547
3479 5545
3480 5548
3481 5546
3482 5544
3483 5542
3484 5543
3485 5547
3486 5548
3487 5549
3488 5551
3489 5550
3490 5553
3491 5549
3492 5551
3493 5553
3494 5554
3495 5553
3496 5555
3497 5554
3498 5551
3499 5553
3500 5551
3501 5549
3502 5542
3503 5545
3504 5547
3505 5544
3506 5544
3507 5546
3508 5551
3509 5553
3510 5554
3511 5557
3512 5556
3513 5557
3514 5557
3515 5557
3516 5558
3517 5556
3518 5560
3519 5559
3520 5557
3521 5557
3522 5555
3523 5553
3524 5554
3525 5555
3526 5555
3527 5555
3528 5553
3529 5552
3530 5548
3531 5549
3532 5548
3533 5546
3534 5547
3535 5547
3536 5549
3537 5550
3538 5553
3539 5553
3540 5553
3541 5551
3542 5555
3543 5552
3544 5550
3545 5552
3546 5552
3547 5553
3548 5552
3549 5552
3550 5550
3551 5553
3552 5550
3553 5552
3554 5547
3555 5547
3556 5549
3557 5551
3558 5554
3559 5554
3560 5555
3561 5556
3562 5557
3563 5556
3564 5557
3565 5555
3566 5553
3567 5556
3568 5557
3569 5561
3570 5563
3571 5563
3572 5562
3573 5562
3574 5561
3575 5561
3576 5565
3577 5561
3578 5561
3579 5562
3580 5563
3581 5564
3582 5568
3583 5568
3584 5566
3585 5566
3586 5568
3587 5571
3588 5569
3589 5571
3590 5574
3591 5572
3592 5573
3593 5573
3594 5568
3595 5570
3596 5567
3597 5570
3598 5569
3599 5564
3600 5562
3601 5564
3602 5561
3603 5559
3604 5557
3605 5559
3606 5560
3607 5559
3608 5560
3609 5558
3610 5556
3611 5557
3612 5562
3613 5562
3614 5559
3615 5561
3616 5559
3617 5558
3618 5555
3619 5559
3620 5559
3621 5559
3622 5559
3623 5561
3624 5561
3625 5563
3626 5563
3627 5561
3628 5560
3629 5563
3630 5565
3631 5570
3632 5571
3633 5569
3634 5569
3635 5569
3636 5567
3637 5567
3638 5569
3639 5567
3640 5568
3641 5571
3642 5573
3643 5575
3644 5568
3645 5569
3646 5565
3647 5566
3648 5569
3649 5572
3650 5573
3651 5574
3652 5577
3653 5579
3654 5582
3655 5581
3656 5584
3657 5586
3658 5585
3659 5586
3660 5586
3661 5586
3662 5589
3663 5585
3664 5581
3665 5583
3666 5584
3667 5582
3668 5583
3669 5583
3670 5585
3671 5585
3672 5587
3673 5590
3674 5583
3675 5581
3676 5583
3677 5583
3678 5581
3679 5584
3680 5582
3681 5584
3682 5586
3683 5586
3684 5585
3685 5588
3686 5589
3687 5589
3688 5589
3689 5591
3690 5591
3691 5590
3692 5594
3693 5596
3694 5597
3695 5599
3696 5597
3697 5596
3698 5598
3699 5598
3700 5593
3701 5597
3702 5598
3703 5596
3704 5597
3705 5593
3706 5595
3707 5600
3708 5602
3709 5604
3710 5600
3711 5601
3712 5600
3713 5603
3714 5606
3715 5606
3716 5603
3717 5604
3718 5604
3719 5605
3720 5606
3721 5607
3722 5606
3723 5606
3724 5607
3725 5607
3726 5603
3727 5603
3728 5606
3729 5605
3730 5607
3731 5604
3732 5605
3733 5604
3734 5607
3735 5610
3736 5613
3737 5613
3738 5615
3739 5611
3740 5613
3741 5615
3742 5613
3743 5617
3744 5614
3745 5614
3746 5617
3747 5620
3748 5622
3749 5622
3750 5624
3751 5628
3752 5627
3753 5631
3754 5632
3755 5634
3756 5635
3757 5636
3758 5634
3759 5636
3760 5630
3761 5632
3762 5627
3763 5628
3764 5627
3765 5630
3766 5633
3767 5631
3768 5632
3769 5631
3770 5630
3771 5628
3772 5629
3773 5630
3774 5632
3775 5634
3776 5635
3777 5638
3778 5642
3779 5646
3780 5645
3781 5647
3782 5649
3783 5653
3784 5654
3785 5651
3786 5644
3787 5647
3788 5647
3789 5645
3790 5648
3791 5648
3792 5646
3793 5645
3794 5646
3795 5642
3796 5643
3797 5643
3798 5639
3799 5640
3800 5642
3801 5642
3802 5645
3803 5646
3804 5646
3805 5643
3806 5647
3807 5645
3808 5643
3809 5642
3810 5645
3811 5647
3812 5648
3813 5648
3814 5649
3815 5650
3816 5653
3817 5656
3818 5657
3819 5655
3820 5655
3821 5652
3822 5654
3823 5657
3824 5661
3825 5662
3826 5665
3827 5669
3828 5673
3829 5674
3830 5673
3831 5675
3832 5678
3833 5673
3834 5676
3835 5676
3836 5674
3837 5674
3838 5674
3839 5677
3840 5679
3841 5679
3842 5683
3843 5685
3844 5683
3845 5681
3846 5680
3847 5679
3848 5681
3849 5682
3850 5685
3851 5684
3852 5685
3853 5686
3854 5685
3855 5685
3856 5685
3857 5683
3858 5685
3859 5688
3860 5691
3861 5691
3862 5694
3863 5696
3864 5698
3865 5695
3866 5695
3867 5698
3868 5697
3869 5698
3870 5698
3871 5695
3872 5694
3873 5696
3874 5692
3875 5695
3876 5696
3877 5692
3878 5689
3879 5687
3880 5688
3881 5691
3882 5695
3883 5695
3884 5693
3885 5696
3886 5700
3887 5703
3888 5704
3889 5702
3890 5702
3891 5702
3892 5701
3893 5700
3894 5699
3895 5699
3896 5700
3897 5699
3898 5699
3899 5698
3900 5703
3901 5705
3902 5701
3903 5701
3904 5702
3905 5701
3906 5700
3907 5697
3908 5698
3909 5698
3910 5698
3911 5696
3912 5693
3913 5693
3914 5694
3915 5689
3916 5689
3917 5686
3918 5685
3919 5686
3920 5681
3921 5685
3922 5685
3923 5688
3924 5687
3925 5686
3926 5688
3927 5691
3928 5692
3929 5688
3930 5686
3931 5684
3932 5683
3933 5685
3934 5683
3935 5680
3936 5682
3937 5685
3938 5686
3939 5686
3940 5686
3941 5689
3942 5688
3943 5687
3944 5684
3945 5684
3946 5687
3947 5687
3948 5689
3949 5692
3950 5692
3951 5692
3952 5693
3953 5692
3954 5695
3955 5698
3956 5700
3957 5703
3958 5702
3959 5702
3960 5701
3961 5699
3962 5700
3963 5700
3964 5697
3965 5693
3966 5694
3967 5692
3968 5686
3969 5686
3970 5684
3971 5686
3972 5690
3973 5691
3974 5694
3975 5693
3976 5693
3977 5694
3978 5695
3979 5694
3980 5688
3981 5687
3982 5689
3983 5692
3984 5692
3985 5696
3986 5698
3987 5699
3988 5703
3989 5703
3990 5698
3991 5697
3992 5698
3993 5701
3994 5702
3995 5705
3996 5707
3997 5706
3998 5702
3999 5704
4000 5703
4001 5705
4002 5707
4003 5710
4004 5709
4005 5707
4006 5707
4007 5709
4008 5710
4009 5707
4010 5706
4011 5705
4012 5701
4013 5699
4014 5698
4015 5696
4016 5696
4017 5695
4018 5695
4019 5692
4020 5693
4021 5695
4022 5693
4023 5696
4024 5694
4025 5691
4026 5689
4027 5689
4028 5689
4029 5692
4030 5691
4031 5690
4032 5691
4033 5692
4034 5689
4035 5691
4036 5690
4037 5690
4038 5691
4039 5689
4040 5689
4041 5684
4042 5681
4043 5682
4044 5679
4045 5681
4046 5681
4047 5681
4048 5677
4049 5677
4050 5680
4051 5680
4052 5684
4053 5684
4054 5686
4055 5687
4056 5687
4057 5687
4058 5686
4059 5686
4060 5684
4061 5684
4062 5686
4063 5689
4064 5691
4065 5691
4066 5692
4067 5694
4068 5693
4069 5693
4070 5692
4071 5690
4072 5690
4073 5692
4074 5691
4075 5690
4076 5691
4077 5691
4078 5690
4079 5693
4080 5696
4081 5696
4082 5697
4083 5696
4084 5695
4085 5697
4086 5694
4087 5691
4088 5691
4089 5694
4090 5694
4091 5693
4092 5697
4093 5698
4094 5700
4095 5701
4096 5699
4097 5697
4098 5699
4099 5700
4100 5697
4101 5696
4102 5700
4103 5701
4104 5700
4105 5698
4106 5696
4107 5696
4108 5696
4109 5694
4110 5693
4111 5695
4112 5699
4113 5692
4114 5688
4115 5689
4116 5688
4117 5689
4118 5691
4119 5693
4120 5694
4121 5695
4122 5695
4123 5698
4124 5695
4125 5695
4126 5698
4127 5699
4128 5701
4129 5704
4130 5704
4131 5702
4132 5701
4133 5702
4134 5703
4135 5702
4136 5703
4137 5706
4138 5706
4139 5702
4140 5702
4141 5700
4142 5701
4143 5703
4144 5705
4145 5702
4146 5700
4147 5699
4148 5699
4149 5697
4150 5695
4151 5697
4152 5696
4153 5688
4154 5686
4155 5685
4156 5685
4157 5685
4158 5685
4159 5684
4160 5688
4161 5687
4162 5684
4163 5685
4164 5685
4165 5685
4166 5683
4167 5680
4168 5677
4169 5680
4170 5676
4171 5678
4172 5680
4173 5678
4174 5678
4175 5677
4176 5680
4177 5683
4178 5687
4179 5683
4180 5680
4181 5684
4182 5684
4183 5686
4184 5687
4185 5687
4186 5687
4187 5686
4188 5681
4189 5680
4190 5678
4191 5680
4192 5682
4193 5679
4194 5679
4195 5678
4196 5680
4197 5682
4198 5684
4199 5687
4200 5689
4201 5691
4202 5692
4203 5694
4204 5693
4205 5693
4206 5692
4207 5694
4208 5693
4209 5690
4210 5691
4211 5690
4212 5691
4213 5693
4214 5694
4215 5694
4216 5692
4217 5691
4218 5686
4219 5687
4220 5686
4221 5686
4222 5689
4223 5690
4224 5691
4225 5694
4226 5696
4227 5695
4228 5696
4229 5696
4230 5695
4231 5696
4232 5698
4233 5698
4234 5701
4235 5701
4236 5697
4237 5700
4238 5702
4239 5701
4240 5702
4241 5704
4242 5702
4243 5704
4244 5705
4245 5706
4246 5704
4247 5703
4248 5702
4249 5700
4250 5702
4251 5703
4252 5703
4253 5701
4254 5704
4255 5706
4256 5706
4257 5706
4258 5704
4259 5705
4260 5703
4261 5703
4262 5701
4263 5705
4264 5705
4265 5705
4266 5701
4267 5704
4268 5702
4269 5704
4270 5702
4271 5707
4272 5708
4273 5707
4274 5704
4275 5706
4276 5709
4277 5710
4278 5707
4279 5705
4280 5708
4281 5712
4282 5712
4283 5715
4284 5717
4285 5716
4286 5715
4287 5713
4288 5712
4289 5710
4290 5710
4291 5711
4292 5708
4293 5712
4294 5713
4295 5713
4296 5712
4297 5714
4298 5714
4299 5715
4300 5713
4301 5712
4302 5715
4303 5715
4304 5719
4305 5718
4306 5718
4307 5719
4308 5716
4309 5713
4310 5711
4311 5711
4312 5711
4313 5711
4314 5708
4315 5706
4316 5709
4317 5712
4318 5715
4319 5716
4320 5716
4321 5718
4322 5717
4323 5717
4324 5716
4325 5718
4326 5722
4327 5723
4328 5725
4329 5723
4330 5724
4331 5725
4332 5725
4333 5726
4334 5729
4335 5732
4336 5733
4337 5738
4338 5737
4339 5733
4340 5735
4341 5734
4342 5732
4343 5733
4344 5737
4345 5739
4346 5740
4347 5740
4348 5738
4349 5740
4350 5743
4351 5742
4352 5741
4353 5740
4354 5736
4355 5737
4356 5739
4357 5741
4358 5740
4359 5741
4360 5741
4361 5740
4362 5738
4363 5739
4364 5741
4365 5743
4366 5743
4367 5744
4368 5744
4369 5746
4370 5744
4371 5745
4372 5746
4373 5747
4374 5748
4375 5753
4376 5753
4377 5754
4378 5754
4379 5754
4380 5753
4381 5754
4382 5751
4383 5750
4384 5751
4385 5751
4386 5750
4387 5752
4388 5752
4389 5753
4390 5753
4391 5754
4392 5757
4393 5755
4394 5756
4395 5756
4396 5754
4397 5748
4398 5748
4399 5750
4400 5751
4401 5749
4402 5748
4403 5750
4404 5747
4405 5749
4406 5750
4407 5747
4408 5745
4409 5743
4410 5742
4411 5740
4412 5741
4413 5736
4414 5736
4415 5739
4416 5740
4417 5737
4418 5736
4419 5736
4420 5737
4421 5739
4422 5738
4423 5738
4424 5740
4425 5742
4426 5742
4427 5747
4428 5748
4429 5746
4430 5745
4431 5744
4432 5746
4433 5746
4434 5746
4435 5750
4436 5752
4437 5748
4438 5750
4439 5749
4440 5753
4441 5752
4442 5751
4443 5752
4444 5752
4445 5752
4446 5749
4447 5750
4448 5753
4449 5756
4450 5760
4451 5757
4452 5758
4453 5760
4454 5758
4455 5758
4456 5760
4457 5760
4458 5763
4459 5763
4460 5764
4461 5761
4462 5756
4463 5757
4464 5758
4465 5757
4466 5757
4467 5759
4468 5760
4469 5756
4470 5756
4471 5758
4472 5757
4473 5760
4474 5760
4475 5757
4476 5758
4477 5755
4478 5758
4479 5756
4480 5757
4481 5759
4482 5759
4483 5760
4484 5760
4485 5760
4486 5758
4487 5757
4488 5758
4489 5758
4490 5758
4491 5758
4492 5760
4493 5763
4494 5760
4495 5763
4496 5764
4497 5765
4498 5764
4499 5761
4500 5763
4501 5766
4502 5764
4503 5764
4504 5766
4505 5763
4506 5765
4507 5761
4508 5763
4509 5766
4510 5768
4511 5766
4512 5767
4513 5767
4514 5768
4515 5772
4516 5769
4517 5770
4518 5771
4519 5772
4520 5773
4521 5774
4522 5775
4523 5775
4524 5775
4525 5775
4526 5774
4527 5774
4528 5774
4529 5776
4530 5776
4531 5774
4532 5776
4533 5774
4534 5775
4535 5773
4536 5772
4537 5772
4538 5774
4539 5774
4540 5774
4541 5773
4542 5774
4543 5777
4544 5776
4545 5778
4546 5780
4547 5774
4548 5775
4549 5777
4550 5781
4551 5778
4552 5780
4553 5779
4554 5777
4555 5775
4556 5775
4557 5777
4558 5780
4559 5775
4560 5775
4561 5778
4562 5778
4563 5781
4564 5786
4565 5783
4566 5779
4567 5780
4568 5778
4569 5774
4570 5776
4571 5774
4572 5775
4573 5776
4574 5773
4575 5774
4576 5774
4577 5772
4578 5771
4579 5770
4580 5770
4581 5771
4582 5771
4583 5773
4584 5769
4585 5770
4586 5768
4587 5768
4588 5769
4589 5767
4590 5768
4591 5767
4592 5767
4593 5769
4594 5767
4595 5770
4596 5771
4597 5769
4598 5773
4599 5770
4600 5767
4601 5766
4602 5765
4603 5766
4604 5767
4605 5771
4606 5770
4607 5771
4608 5773
4609 5776
4610 5774
4611 5775
4612 5775
4613 5771
4614 5768
4615 5762
4616 5759
4617 5758
4618 5760
4619 5760
4620 5761
4621 5762
4622 5762
4623 5761
4624 5763
4625 5758
4626 5755
4627 5755
4628 5756
4629 5759
4630 5759
4631 5754
4632 5756
4633 5757
4634 5757
4635 5759
4636 5761
4637 5763
4638 5767
4639 5767
4640 5764
4641 5765
4642 5766
4643 5766
4644 5766
4645 5769
4646 5772
4647 5771
4648 5769
4649 5770
4650 5772
4651 5770
4652 5770
4653 5773
4654 5774
4655 5775
4656 5772
4657 5774
4658 5776
4659 5776
4660 5773
4661 5772
4662 5769
4663 5767
4664 5767
4665 5770
4666 5774
4667 5778
4668 5782
4669 5782
4670 5777
4671 5778
4672 5778
4673 5778
4674 5780
4675 5784
4676 5785
4677 5786
4678 5790
4679 5791
4680 5785
4681 5786
4682 5784
4683 5784
4684 5786
4685 5785
4686 5784
4687 5783
4688 5783
4689 5785
4690 5784
4691 5784
4692 5784
4693 5787
4694 5790
4695 5790
4696 5792
4697 5794
4698 5797
4699 5796
4700 5796
4701 5798
4702 5800
4703 5797
4704 5800
4705 5798
4706 5798
4707 5797
4708 5795
4709 5797
4710 5795
4711 5796
4712 5795
4713 5796
4714 5795
4715 5798
4716 5795
4717 5795
4718 5795
4719 5796
4720 5800
4721 5802
4722 5800
4723 5802
4724 5800
4725 5799
4726 5797
4727 5795
4728 5793
4729 5793
4730 5790
4731 5790
4732 5791
4733 5789
4734 5794
4735 5795
4736 5797
4737 5795
4738 5788
4739 5788
4740 5789
4741 5787
4742 5789
4743 5791
4744 5786
4745 5783
4746 5785
4747 5786
4748 5788
4749 5790
4750 5788
4751 5790
4752 5790
4753 5792
4754 5791
4755 5794
4756 5795
4757 5795
4758 5799
4759 5799
4760 5795
4761 5796
4762 5798
4763 5799
4764 5796
4765 5797
4766 5797
4767 5798
4768 5790
4769 5788
4770 5792
4771 5794
4772 5793
4773 5793
4774 5795
4775 5793
4776 5791
4777 5791
4778 5791
4779 5793
4780 5791
4781 5790
4782 5791
4783 5788
4784 5789
4785 5793
4786 5793
4787 5795
4788 5797
4789 5795
4790 5794
4791 5784
4792 5780
4793 5782
4794 5784
4795 5785
4796 5787
4797 5788
4798 5790
4799 5788
4800 5786
4801 5785
4802 5787
4803 5787
4804 5790
4805 5792
4806 5790
4807 5789
4808 5792
4809 5794
4810 5792
4811 5792
4812 5791
4813 5790
4814 5788
4815 5785
4816 5788
4817 5789
4818 5788
4819 5786
4820 5784
4821 5781
4822 5781
4823 5783
4824 5782
4825 5777
4826 5777
4827 5773
4828 5772
4829 5772
4830 5775
4831 5777
4832 5780
4833 5779
4834 5774
4835 5772
4836 5771
4837 5772
4838 5773
4839 5772
4840 5770
4841 5769
4842 5766
4843 5768
4844 5772
4845 5772
4846 5770
4847 5770
4848 5773
4849 5774
4850 5771
4851 5773
4852 5775
4853 5776
4854 5775
4855 5778
4856 5779
4857 5782
4858 5782
4859 5784
4860 5783
4861 5782
4862 5782
4863 5783
4864 5787
4865 5787
4866 5790
4867 5790
4868 5791
4869 5788
4870 5786
4871 5789
4872 5785
4873 5784
4874 5785
4875 5786
4876 5784
4877 5782
4878 5781
4879 5781
4880 5781
4881 5777
4882 5775
4883 5774
4884 5771
4885 5772
4886 5773
4887 5772
4888 5771
4889 5769
4890 5771
4891 5772
4892 5772
4893 5774
4894 5774
4895 5773
4896 5772
4897 5772
4898 5772
4899 5774
4900 5779
4901 5780
4902 5780
4903 5781
4904 5783
4905 5781
4906 5779
4907 5778
4908 5780
4909 5782
4910 5786
4911 5786
4912 5786
4913 5787
4914 5784
4915 5781
4916 5781
4917 5779
4918 5779
4919 5779
4920 5781
4921 5781
4922 5784
4923 5785
4924 5788
4925 5788
4926 5789
4927 5786
4928 5785
4929 5788
4930 5788
4931 5788
4932 5790
4933 5784
4934 5784
4935 5782
4936 5785
4937 5787
4938 5788
4939 5786
4940 5784
4941 5785
4942 5787
4943 5783
4944 5780
4945 5780
4946 5778
4947 5779
4948 5779
4949 5778
4950 5774
4951 5770
4952 5771
4953 5770
4954 5770
4955 5771
4956 5771
4957 5773
4958 5777
4959 5777
4960 5779
4961 5778
4962 5776
4963 5779
4964 5777
4965 5780
4966 5782
4967 5781
4968 5782
4969 5780
4970 5775
4971 5777
4972 5776
4973 5773
4974 5773
4975 5770
4976 5770
4977 5774
4978 5774
4979 5777
4980 5778
4981 5779
4982 5775
4983 5772
4984 5775
4985 5775
4986 5778
4987 5776
4988 5775
4989 5772
4990 5770
4991 5773
4992 5774
4993 5776
4994 5777
4995 5778
4996 5782
4997 5785
4998 5787
4999 5787
5000 5788
5001 5793
5002 5793
5003 5796
5004 5794
5005 5794
5006 5796
5007 5798
5008 5799
5009 5794
5010 5797
5011 5793
5012 5794
5013 5790
5014 5791
5015 5793
5016 5793
5017 5793
5018 5790
5019 5790
5020 5792
5021 5794
5022 5790
5023 5790
5024 5789
5025 5789
5026 5790
5027 5792
5028 5793
5029 5791
5030 5790
5031 5789
5032 5789
5033 5793
5034 5792
5035 5791
5036 5793
5037 5793
5038 5791
5039 5791
5040 5789
5041 5791
5042 5792
5043 5795
5044 5792
5045 5794
5046 5794
5047 5794
5048 5793
5049 5795
5050 5798
5051 5796
5052 5793
5053 5796
5054 5795
5055 5794
5056 5797
5057 5797
5058 5800
5059 5804
5060 5804
5061 5806
5062 5803
5063 5805
5064 5805
5065 5806
5066 5804
5067 5802
5068 5803
5069 5804
5070 5807
5071 5805
5072 5802
5073 5801
5074 5798
5075 5799
5076 5798
5077 5798
5078 5803
5079 5802
5080 5801
5081 5799
5082 5799
5083 5797
5084 5798
5085 5796
5086 5796
5087 5799
5088 5801
5089 5798
5090 5800
5091 5798
5092 5802
5093 5802
5094 5806
5095 5808
5096 5806
5097 5809
5098 5812
5099 5813
5100 5812
5101 5812
5102 5812
5103 5809
5104 5808
5105 5808
5106 5807
5107 5807
5108 5810
5109 5810
5110 5809
5111 5812
5112 5815
5113 5814
5114 5813
5115 5813
5116 5816
5117 5816
5118 5816
5119 5811
5120 5812
5121 5811
5122 5814
5123 5816
5124 5818
5125 5817
5126 5813
5127 5810
5128 5811
5129 5812
5130 5813
5131 5810
5132 5812
5133 5809
5134 5812
5135 5810
5136 5808
5137 5808
5138 5807
5139 5808
5140 5810
5141 5811
5142 5813
5143 5815
5144 5814
5145 5812
5146 5814
5147 5811
5148 5813
5149 5815
5150 5814
5151 5814
5152 5815
5153 5813
5154 5813
5155 5810
5156 5806
5157 5804
5158 5804
5159 5808
5160 5803
5161 5804
5162 5801
5163 5801
5164 5801
5165 5800
5166 5799
5167 5794
5168 5793
5169 5792
5170 5792
5171 5794
5172 5795
5173 5797
5174 5797
5175 5798
5176 5800
5177 5802
5178 5804
5179 5803
5180 5802
5181 5804
5182 5805
5183 5805
5184 5806
5185 5807
5186 5810
5187 5812
5188 5812
5189 5813
5190 5812
5191 5811
5192 5813
5193 5811
5194 5813
5195 5815
5196 5815
5197 5815
5198 5814
5199 5816
5200 5817
5201 5815
5202 5815
5203 5817
5204 5816
5205 5815
5206 5816
5207 5817
5208 5820
5209 5821
5210 5824
5211 5823
5212 5822
5213 5826
5214 5823
5215 5824
5216 5823
5217 5821
5218 5819
5219 5817
5220 5815
5221 5819
5222 5816
5223 5815
5224 5813
5225 5810
5226 5812
5227 5811
5228 5815
5229 5815
5230 5815
5231 5810
5232 5810
5233 5814
5234 5816
5235 5816
5236 5816
5237 5814
5238 5817
5239 5818
5240 5822
5241 5825
5242 5828
5243 5827
5244 5825
5245 5827
5246 5829
5247 5830
5248 5830
5249 5831
5250 5833
5251 5834
5252 5831
5253 5832
5254 5832
5255 5832
5256 5829
5257 5830
5258 5834
5259 5836
5260 5832
5261 5833
5262 5836
5263 5836
5264 5834
5265 5832
5266 5832
5267 5830
5268 5828
5269 5829
5270 5830
5271 5830
5272 5831
5273 5834
5274 5832
5275 5837
5276 5833
5277 5832
5278 5834
5279 5836
5280 5837
5281 5841
5282 5841
5283 5843
5284 5837
5285 5838
5286 5837
5287 5839
5288 5841
5289 5844
5290 5845
5291 5846
5292 5850
5293 5852
5294 5850
5295 5848
5296 5852
5297 5852
5298 5855
5299 5857
5300 5860
5301 5860
5302 5856
5303 5859
5304 5860
5305 5863
5306 5866
5307 5865
5308 5868
5309 5870
5310 5873
5311 5874
5312 5873
5313 5874
5314 5868
5315 5865
5316 5864
5317 5866
5318 5870
5319 5866
5320 5867
5321 5865
5322 5865
5323 5867
5324 5865
5325 5864
5326 5862
5327 5864
5328 5864
5329 5864
5330 5865
5331 5864
5332 5864
5333 5862
5334 5863
5335 5863
5336 5862
5337 5862
5338 5863
5339 5866
5340 5865
5341 5868
5342 5865
5343 5867
5344 5871
5345 5874
5346 5875
5347 5873
5348 5871
5349 5873
5350 5871
5351 5871
5352 5871
5353 5867
5354 5866
5355 5866
5356 5862
5357 5860
5358 5860
5359 5861
5360 5860
5361 5855
5362 5851
5363 5853
5364 5856
5365 5857
5366 5856
5367 5854
5368 5855
5369 5856
5370 5856
5371 5858
5372 5861
5373 5862
5374 5862
5375 5862
5376 5861
5377 5860
5378 5862
5379 5864
5380 5865
5381 5866
5382 5867
5383 5870
5384 5870
5385 5867
5386 5871
5387 5871
5388 5869
5389 5867
5390 5868
5391 5866
5392 5865
5393 5868
5394 5870
5395 5870
5396 5868
5397 5868
5398 5865
5399 5867
5400 5866
5401 5865
5402 5863
5403 5864
5404 5868
5405 5866
5406 5866
5407 5867
5408 5865
5409 5865
5410 5866
5411 5868
5412 5869
5413 5872
5414 5870
5415 5870
5416 5868
5417 5871
5418 5866
5419 5865
5420 5864
5421 5866
5422 5868
5423 5867
5424 5870
5425 5873
5426 5874
5427 5874
5428 5875
5429 5874
5430 5874
5431 5876
5432 5876
5433 5878
5434 5880
5435 5881
5436 5883
5437 5883
5438 5886
5439 5886
5440 5886
5441 5887
5442 5888
5443 5889
5444 5889
5445 5890
5446 5891
5447 5890
5448 5891
5449 5893
5450 5891
5451 5889
5452 5885
5453 5889
5454 5890
5455 5894
5456 5891
5457 5889
5458 5886
5459 5886
5460 5889
5461 5890
5462 5893
5463 5889
5464 5888
5465 5889
5466 5887
5467 5889
5468 5892
5469 5897
5470 5894
5471 5897
5472 5897
5473 5895
5474 5892
5475 5894
5476 5893
5477 5893
5478 5883
5479 5886
5480 5889
5481 5893
5482 5894
5483 5894
5484 5891
5485 5890
5486 5892
5487 5891
5488 5887
5489 5886
5490 5883
5491 5879
5492 5880
5493 5881
5494 5883
5495 5878
5496 5876
5497 5875
5498 5877
5499 5873
5500 5874
5501 5870
5502 5867
5503 5869
5504 5867
5505 5867
5506 5869
5507 5866
5508 5867
5509 5865
5510 5863
5511 5865
5512 5861
5513 5860
5514 5860
5515 5860
5516 5861
5517 5863
5518 5860
5519 5860
5520 5862
5521 5864
5522 5865
5523 5868
5524 5865
5525 5866
5526 5865
5527 5866
5528 5866
5529 5863
5530 5864
5531 5864
5532 5862
5533 5861
5534 5857
5535 5856
5536 5859
5537 5861
5538 5859
5539 5858
5540 5855
5541 5858
5542 5858
5543 5860
5544 5859
5545 5857
5546 5857
5547 5859
5548 5861
5549 5860
5550 5862
5551 5863
5552 5863
5553 5862
5554 5863
5555 5863
5556 5863
5557 5865
5558 5868
5559 5866
5560 5869
5561 5869
5562 5867
5563 5868
5564 5870
5565 5873
5566 5872
5567 5871
5568 5869
5569 5866
5570 5865
5571 5865
5572 5864
5573 5865
5574 5867
5575 5866
5576 5868
5577 5870
5578 5869
5579 5869
5580 5869
5581 5869
5582 5871
5583 5866
5584 5866
5585 5864
5586 5865
5587 5867
5588 5868
5589 5866
5590 5866
5591 5865
5592 5861
5593 5862
5594 5864
5595 5859
5596 5860
5597 5857
5598 5858
5599 5850
5600 5850
5601 5848
5602 5852
5603 5849
5604 5853
5605 5853
5606 5852
5607 5849
5608 5848
5609 5848
5610 5846
5611 5850
5612 5852
5613 5850
5614 5853
5615 5856
5616 5858
5617 5856
5618 5858
5619 5859
5620 5861
5621 5865
5622 5867
5623 5865
5624 5869
5625 5873
5626 5875
5627 5876
5628 5872
5629 5872
5630 5871
5631 5870
5632 5872
5633 5868
5634 5869
5635 5865
5636 5862
5637 5865
5638 5869
5639 5869
5640 5868
5641 5869
5642 5871
5643 5870
5644 5875
5645 5871
5646 5870
5647 5870
5648 5870
5649 5869
5650 5866
5651 5864
5652 5860
5653 5860
5654 5859
5655 5860
5656 5857
5657 5857
5658 5857
5659 5858
5660 5861
5661 5858
5662 5859
5663 5861
5664 5862
5665 5860
5666 5858
5667 5857
5668 5857
5669 5859
5670 5860
5671 5862
5672 5864
5673 5865
5674 5868
5675 5869
5676 5869
5677 5871
5678 5868
5679 5865
5680 5862
5681 5862
5682 5864
5683 5864
5684 5864
5685 5865
5686 5866
5687 5863
5688 5860
5689 5861
5690 5860
5691 5862
5692 5861
5693 5861
5694 5861
5695 5861
5696 5857
5697 5854
5698 5855
5699 5850
5700 5847
5701 5845
5702 5844
5703 5842
5704 5842
5705 5843
5706 5840
5707 5836
5708 5832
5709 5831
5710 5832
5711 5836
5712 5836
5713 5839
5714 5842
5715 5843
5716 5843
5717 5844
5718 5846
5719 5844
5720 5845
5721 5843
5722 5841
5723 5840
5724 5842
5725 5842
5726 5838
5727 5837
5728 5839
5729 5837
5730 5840
5731 5841
5732 5844
5733 5842
5734 5844
5735 5844
5736 5844
5737 5844
5738 5844
5739 5841
5740 5839
5741 5840
5742 5838
5743 5837
5744 5839
5745 5839
5746 5840
5747 5834
5748 5834
5749 5833
5750 5835
5751 5829
5752 5829
5753 5829
5754 5832
5755 5829
5756 5832
5757 5832
5758 5829
5759 5822
5760 5827
5761 5823
5762 5821
5763 5818
5764 5818
5765 5816
5766 5814
5767 5813
5768 5815
5769 5817
5770 5819
5771 5817
5772 5816
5773 5819
5774 5821
5775 5822
5776 5823
5777 5821
5778 5820
5779 5819
5780 5816
5781 5813
5782 5814
5783 5813
5784 5815
5785 5815
5786 5812
5787 5814
5788 5813
5789 5813
5790 5813
5791 5817
5792 5818
5793 5816
5794 5815
5795 5816
5796 5812
5797 5810
5798 5814
5799 5814
5800 5816
5801 5817
5802 5816
5803 5816
5804 5814
5805 5812
5806 5814
5807 5816
5808 5816
5809 5815
5810 5815
5811 5813
5812 5813
5813 5812
5814 5813
5815 5814
5816 5810
5817 5810
5818 5808
5819 5808
5820 5812
5821 5811
5822 5811
5823 5815
5824 5811
5825 5808
5826 5810
5827 5806
5828 5808
5829 5805
5830 5803
5831 5798
5832 5796
5833 5797
5834 5797
5835 5798
5836 5797
5837 5793
5838 5795
5839 5798
5840 5799
5841 5799
5842 5800
5843 5803
5844 5802
5845 5801
5846 5795
5847 5797
5848 5795
5849 5794
5850 5791
5851 5794
5852 5794
5853 5794
5854 5796
5855 5791
5856 5788
5857 5788
5858 5790
5859 5791
5860 5792
5861 5793
5862 5795
5863 5795
5864 5797
5865 5795
5866 5793
5867 5795
5868 5795
5869 5794
5870 5793
5871 5791
5872 5789
5873 5786
5874 5787
5875 5788
5876 5788
5877 5788
5878 5787
5879 5791
5880 5791
5881 5790
5882 5789
5883 5789
5884 5790
5885 5789
5886 5791
5887 5792
5888 5791
5889 5793
5890 5790
5891 5791
5892 5795
5893 5797
5894 5797
5895 5798
5896 5796
5897 5796
5898 5793
5899 5791
5900 5793
5901 5789
5902 5787
5903 5788
5904 5786
5905 5786
5906 5785
5907 5786
5908 5789
5909 5792
5910 5792
5911 5795
5912 5794
5913 5792
5914 5789
5915 5783
5916 5784
5917 5780
5918 5779
5919 5780
5920 5782
5921 5784
5922 5781
5923 5781
5924 5780
5925 5784
5926 5786
5927 5786
5928 5786
5929 5789
5930 5793
5931 5791
5932 5791
5933 5795
5934 5797
5935 5796
5936 5795
5937 5795
5938 5792
5939 5794
5940 5795
5941 5795
5942 5795
5943 5798
5944 5801
5945 5799
5946 5796
5947 5797
5948 5798
5949 5795
5950 5793
5951 5790
5952 5785
5953 5787
5954 5786
5955 5785
5956 5787
5957 5786
5958 5788
5959 5791
5960 5786
5961 5786
5962 5783
5963 5785
5964 5785
5965 5787
5966 5783
5967 5784
5968 5785
5969 5783
5970 5784
5971 5787
5972 5789
5973 5787
5974 5784
5975 5788
5976 5785
5977 5787
5978 5786
5979 5784
5980 5787
5981 5784
5982 5782
5983 5782
5984 5781
5985 5780
5986 5783
5987 5786
5988 5783
5989 5784
5990 5785
5991 5785
5992 5784
5993 5785
5994 5782
5995 5782
5996 5780
5997 5781
5998 5777
5999 5777
6000 5775
6001 5775
6002 5775
6003 5772
6004 5768
6005 5769
6006 5768
6007 5769
6008 5770
6009 5773
6010 5775
6011 5776
6012 5777
6013 5777
6014 5776
6015 5774
6016 5774
6017 5776
6018 5775
6019 5771
6020 5771
6021 5772
6022 5773
6023 5772
6024 5772
6025 5775
6026 5773
6027 5768
6028 5765
6029 5765
6030 5766
6031 5769
6032 5767
6033 5765
6034 5768
6035 5766
6036 5763
6037 5761
6038 5759
6039 5760
6040 5762
6041 5767
6042 5768
6043 5772
6044 5771
6045 5770
6046 5770
6047 5769
6048 5768
6049 5767
6050 5768
6051 5766
6052 5763
6053 5755
6054 5756
6055 5759
6056 5758
6057 5761
6058 5759
6059 5757
6060 5756
6061 5758
6062 5757
6063 5754
6064 5756
6065 5756
6066 5756
6067 5757
6068 5754
6069 5752
6070 5755
6071 5754
6072 5756
6073 5759
6074 5757
6075 5758
6076 5759
6077 5761
6078 5763
6079 5764
6080 5765
6081 5767
6082 5768
6083 5766
6084 5769
6085 5766
6086 5762
6087 5761
6088 5762
6089 5763
6090 5763
6091 5762
6092 5766
6093 5769
6094 5772
6095 5774
6096 5775
6097 5777
6098 5778
6099 5780
6100 5781
6101 5782
6102 5782
6103 5785
6104 5787
6105 5789
6106 5791
6107 5794
6108 5795
6109 5797
6110 5790
6111 5788
6112 5790
6113 5790
6114 5786
6115 5784
6116 5785
6117 5786
6118 5789
6119 5790
6120 5790
6121 5791
6122 5790
6123 5793
6124 5793
6125 5795
6126 5793
6127 5794
6128 5795
6129 5795
6130 5794
6131 5795
6132 5795
6133 5790
6134 5788
6135 5788
6136 5791
6137 5791
6138 5788
6139 5790
6140 5788
6141 5790
6142 5788
6143 5788
6144 5786
6145 5787
6146 5784
6147 5782
6148 5783
6149 5783
6150 5786
6151 5784
6152 5781
6153 5781
6154 5781
6155 5783
6156 5784
6157 5781
6158 5782
6159 5785
6160 5787
6161 5790
6162 5791
6163 5786
6164 5789
6165 5788
6166 5791
6167 5788
6168 5790
6169 5793
6170 5790
6171 5791
6172 5789
6173 5790
6174 5790
6175 5792
6176 5791
6177 5791
6178 5795
6179 5792
6180 5792
6181 5789
6182 5787
6183 5787
6184 5786
6185 5788
6186 5789
6187 5789
6188 5788
6189 5786
6190 5788
6191 5785
6192 5785
6193 5787
6194 5783
6195 5784
6196 5780
6197 5780
6198 5783
6199 5779
6200 5780
6201 5784
6202 5785
6203 5785
6204 5785
6205 5785
6206 5784
6207 5788
6208 5791
6209 5792
6210 5792
6211 5796
6212 5796
6213 5797
6214 5797
6215 5797
6216 5799
6217 5797
6218 5798
6219 5796
6220 5800
6221 5799
6222 5799
6223 5799
6224 5797
6225 5795
6226 5797
6227 5797
6228 5795
6229 5797
6230 5800
6231 5797
6232 5794
6233 5794
6234 5794
6235 5791
6236 5793
6237 5795
6238 5796
6239 5793
6240 5792
6241 5789
6242 5790
6243 5792
6244 5796
6245 5797
6246 5795
6247 5794
6248 5792
6249 5791
6250 5792
6251 5793
6252 5794
6253 5797
6254 5799
6255 5797
6256 5798
6257 5798
6258 5797
6259 5799
6260 5802
6261 5803
6262 5802
6263 5802
6264 5801
6265 5804
6266 5803
6267 5804
6268 5804
6269 5803
6270 5806
6271 5806
6272 5807
6273 5809
6274 5813
6275 5811
6276 5810
6277 5809
6278 5810
6279 5811
6280 5808
6281 5808
6282 5811
6283 5809
6284 5807
6285 5807
6286 5808
6287 5809
6288 5810
6289 5812
6290 5816
6291 5819
6292 5816
6293 5815
6294 5813
6295 5810
6296 5808
6297 5810
6298 5813
6299 5810
6300 5810
6301 5812
6302 5810
6303 5808
6304 5808
6305 5810
6306 5812
6307 5811
6308 5810
6309 5812
6310 5810
6311 5810
6312 5806
6313 5806
6314 5803
6315 5804
6316 5806
6317 5799
6318 5802
6319 5801
6320 5802
6321 5804
6322 5805
6323 5801
6324 5799
6325 5795
6326 5800
6327 5799
6328 5799
6329 5802
6330 5805
6331 5805
6332 5804
6333 5808
6334 5809
6335 5807
6336 5807
6337 5806
6338 5807
6339 5804
6340 5802
6341 5803
6342 5804
6343 5807
6344 5807
6345 5808
6346 5808
6347 5806
6348 5806
6349 5804
6350 5808
6351 5811
6352 5810
6353 5809
6354 5810
6355 5811
6356 5813
6357 5815
6358 5815
6359 5819
6360 5819
6361 5821
6362 5823
6363 5823
6364 5823
6365 5824
6366 5822
6367 5822
6368 5818
6369 5821
6370 5820
6371 5818
6372 5819
6373 5820
6374 5820
6375 5820
6376 5821
6377 5820
6378 5819
6379 5819
6380 5822
6381 5824
6382 5825
6383 5825
6384 5824
6385 5824
6386 5823
6387 5823
6388 5819
6389 5818
6390 5814
6391 5812
6392 5814
6393 5813
6394 5813
6395 5816
6396 5817
6397 5818
6398 5816
6399 5817
6400 5818
6401 5817
6402 5816
6403 5816
6404 5817
6405 5816
6406 5819
6407 5818
6408 5820
6409 5819
6410 5821
6411 5821
6412 5820
6413 5822
6414 5822
6415 5824
6416 5823
6417 5824
6418 5821
6419 5820
6420 5814
6421 5813
6422 5813
6423 5815
6424 5816
6425 5815
6426 5813
6427 5812
6428 5812
6429 5808
6430 5807
6431 5809
6432 5810
6433 5811
6434 5813
6435 5813
6436 5814
6437 5815
6438 5814
6439 5814
6440 5810
6441 5809
6442 5811
6443 5807
6444 5809
6445 5807
6446 5810
6447 5807
6448 5805
6449 5803
6450 5799
6451 5798
6452 5800
6453 5800
6454 5799
6455 5798
6456 5800
6457 5799
6458 5799
6459 5802
6460 5800
6461 5801
6462 5803
6463 5799
6464 5794
6465 5796
6466 5796
6467 5796
6468 5795
6469 5793
6470 5792
6471 5791
6472 5790
6473 5791
6474 5792
6475 5793
6476 5795
6477 5793
6478 5790
6479 5788
6480 5788
6481 5789
6482 5785
6483 5785
6484 5785
6485 5786
6486 5786
6487 5787
6488 5789
6489 5785
6490 5786
6491 5780
6492 5779
6493 5780
6494 5779
6495 5781
6496 5780
6497 5781
6498 5782
6499 5782
6500 5783
6501 5785
6502 5785
6503 5785
6504 5784
6505 5784
6506 5785
6507 5781
6508 5779
6509 5780
6510 5782
6511 5784
6512 5784
6513 5785
6514 5782
6515 5782
6516 5782
6517 5782
6518 5783
6519 5783
6520 5780
6521 5779
6522 5782
6523 5784
6524 5785
6525 5784
6526 5784
6527 5784
6528 5787
6529 5789
6530 5790
6531 5794
6532 5794
6533 5788
6534 5784
6535 5783
6536 5786
6537 5784
6538 5784
6539 5784
6540 5784
6541 5785
6542 5786
6543 5784
6544 5783
6545 5778
6546 5776
6547 5778
6548 5778
6549 5781
6550 5776
6551 5780
6552 5783
6553 5785
6554 5780
6555 5783
6556 5785
6557 5787
6558 5787
6559 5789
6560 5790
6561 5788
6562 5787
6563 5787
6564 5785
6565 5782
6566 5783
6567 5783
6568 5782
6569 5783
6570 5783
6571 5785
6572 5782
6573 5783
6574 5785
6575 5785
6576 5785
6577 5787
6578 5784
6579 5784
6580 5783
6581 5782
6582 5781
6583 5781
6584 5782
6585 5781
6586 5782
6587 5785
6588 5786
6589 5784
6590 5780
6591 5779
6592 5774
6593 5776
6594 5779
6595 5777
6596 5780
6597 5780
6598 5782
6599 5785
6600 5777
6601 5778
6602 5777
6603 5776
6604 5777
6605 5778
6606 5782
6607 5784
6608 5785
6609 5788
6610 5786
6611 5786
6612 5787
6613 5782
6614 5781
6615 5783
6616 5783
6617 5779
6618 5783
6619 5781
6620 5783
6621 5784
6622 5787
6623 5788
6624 5788
6625 5786
6626 5786
6627 5787
6628 5792
6629 5792
6630 5793
6631 5794
6632 5792
6633 5792
6634 5792
6635 5794
6636 5795
6637 5795
6638 5798
6639 5801
6640 5797
6641 5797
6642 5799
6643 5797
6644 5799
6645 5796
6646 5798
6647 5800
6648 5799
6649 5800
6650 5801
6651 5803
6652 5801
6653 5802
6654 5797
6655 5798
6656 5801
6657 5804
6658 5804
6659 5805
6660 5810
6661 5814
6662 5810
6663 5809
6664 5811
6665 5810
6666 5812
6667 5812
6668 5813
6669 5815
6670 5816
6671 5818
6672 5817
6673 5819
6674 5815
6675 5815
6676 5814
6677 5810
6678 5811
6679 5814
6680 5816
6681 5816
6682 5820
6683 5822
6684 5822
6685 5821
6686 5825
6687 5828
6688 5829
6689 5830
6690 5832
6691 5833
6692 5836
6693 5837
6694 5839
6695 5840
6696 5840
6697 5842
6698 5841
6699 5840
6700 5841
6701 5843
6702 5843
6703 5842
6704 5840
6705 5838
6706 5835
6707 5834
6708 5829
6709 5832
6710 5833
6711 5834
6712 5836
6713 5838
6714 5838
6715 5838
6716 5839
6717 5841
6718 5840
6719 5843
6720 5844
6721 5841
6722 5841
6723 5841
6724 5841
6725 5844
6726 5844
6727 5840
6728 5838
6729 5835
6730 5833
6731 5834
6732 5837
6733 5841
6734 5839
6735 5841
6736 5843
6737 5846
6738 5847
6739 5848
6740 5848
6741 5850
6742 5852
6743 5851
6744 5853
6745 5856
6746 5860
6747 5857
6748 5860
6749 5862
6750 5864
6751 5867
6752 5869
6753 5872
6754 5869
6755 5869
6756 5869
6757 5864
6758 5866
6759 5868
6760 5863
6761 5857
6762 5854
6763 5856
6764 5851
6765 5854
6766 5851
6767 5853
6768 5854
6769 5854
6770 5855
6771 5853
6772 5851
6773 5848
6774 5847
6775 5848
6776 5846
6777 5848
6778 5846
6779 5848
6780 5847
6781 5846
6782 5846
6783 5843
6784 5838
6785 5833
6786 5834
6787 5836
6788 5834
6789 5834
6790 5837
6791 5839
6792 5834
6793 5836
6794 5836
6795 5840
6796 5839
6797 5836
6798 5835
6799 5834
6800 5833
6801 5829
6802 5826
6803 5827
6804 5829
6805 5828
6806 5826
6807 5827
6808 5826
6809 5829
6810 5829
6811 5828
6812 5826
6813 5826
6814 5828
6815 5829
6816 5831
6817 5830
6818 5830
6819 5829
6820 5828
6821 5830
6822 5835
6823 5835
6824 5839
6825 5837
6826 5837
6827 5836
6828 5837
6829 5839
6830 5839
6831 5837
6832 5841
6833 5842
6834 5843
6835 5840
6836 5840
6837 5843
6838 5846
6839 5845
6840 5847
6841 5845
6842 5843
6843 5845
6844 5849
6845 5851
6846 5851
6847 5853
6848 5850
6849 5847
6850 5850
6851 5851
6852 5854
6853 5856
6854 5855
6855 5855
6856 5854
6857 5855
6858 5856
6859 5860
6860 5856
6861 5858
6862 5856
6863 5854
6864 5855
6865 5855
6866 5854
6867 5853
6868 5854
6869 5853
6870 5851
6871 5851
6872 5850
6873 5852
6874 5852
6875 5855
6876 5854
6877 5854
6878 5852
6879 5852
6880 5849
6881 5849
6882 5848
6883 5851
6884 5849
6885 5846
6886 5847
6887 5848
6888 5847
6889 5851
6890 5851
6891 5847
6892 5845
6893 5848
6894 5848
6895 5848
6896 5848
6897 5848
6898 5851
6899 5851
6900 5852
6901 5853
6902 5856
6903 5858
6904 5859
6905 5858
6906 5855
6907 5856
6908 5856
6909 5850
6910 5852
6911 5851
6912 5853
6913 5855
6914 5851
6915 5854
6916 5855
6917 5854
6918 5856
6919 5854
6920 5849
6921 5846
6922 5848
6923 5850
6924 5846
6925 5847
6926 5845
6927 5843
6928 5839
6929 5839
6930 5836
6931 5838
6932 5839
6933 5838
6934 5838
6935 5841
6936 5846
6937 5846
6938 5846
6939 5846
6940 5845
6941 5836
6942 5840
6943 5842
6944 5841
6945 5840
6946 5841
6947 5842
6948 5844
6949 5847
6950 5847
6951 5846
6952 5844
6953 5842
6954 5838
6955 5838
6956 5842
6957 5846
6958 5844
6959 5838
6960 5838
6961 5835
6962 5835
6963 5834
6964 5835
6965 5836
6966 5834
6967 5832
6968 5832
6969 5831
6970 5831
6971 5831
6972 5830
6973 5834
6974 5833
6975 5837
6976 5837
6977 5839
6978 5838
6979 5837
6980 5837
6981 5838
6982 5837
6983 5836
6984 5828
6985 5830
6986 5832
6987 5834
6988 5834
6989 5835
6990 5834
6991 5835
6992 5833
6993 5834
6994 5836
6995 5836
6996 5835
6997 5838
6998 5839
6999 5839
7000 5837
7001 5836
7002 5838
7003 5840
7004 5840
7005 5842
7006 5840
7007 5837
7008 5836
7009 5838
7010 5840
7011 5838
7012 5838
7013 5833
7014 5831
7015 5830
7016 5832
7017 5831
7018 5832
7019 5834
7020 5833
7021 5833
7022 5831
7023 5832
7024 5833
7025 5833
7026 5834
7027 5836
7028 5836
7029 5839
7030 5838
7031 5838
7032 5839
7033 5841
7034 5842
7035 5844
7036 5847
7037 5847
7038 5845
7039 5845
7040 5846
7041 5842
7042 5842
7043 5843
7044 5841
7045 5844
7046 5843
7047 5844
7048 5847
7049 5849
7050 5851
7051 5853
7052 5852
7053 5849
7054 5847
7055 5849
7056 5849
7057 5851
7058 5853
7059 5854
7060 5855
7061 5858
7062 5859
7063 5857
7064 5855
7065 5856
7066 5857
7067 5857
7068 5857
7069 5858
7070 5861
7071 5862
7072 5860
7073 5863
7074 5862
7075 5863
7076 5860
7077 5862
7078 5863
7079 5865
7080 5865
7081 5860
7082 5858
7083 5857
7084 5854
7085 5851
7086 5848
7087 5847
7088 5847
7089 5848
7090 5845
7091 5842
7092 5842
7093 5845
7094 5845
7095 5845
7096 5837
7097 5833
7098 5831
7099 5830
7100 5833
7101 5833
7102 5835
7103 5834
7104 5832
7105 5830
7106 5824
7107 5823
7108 5823
7109 5818
7110 5817
7111 5819
7112 5821
7113 5820
7114 5822
7115 5819
7116 5817
7117 5817
7118 5818
7119 5819
7120 5816
7121 5812
7122 5811
7123 5813
7124 5812
7125 5815
7126 5814
7127 5813
7128 5817
7129 5818
7130 5819
7131 5821
7132 5818
7133 5816
7134 5814
7135 5817
7136 5820
7137 5819
7138 5819
7139 5822
7140 5816
7141 5817
7142 5813
7143 5813
7144 5814
7145 5818
7146 5819
7147 5823
7148 5821
7149 5819
7150 5821
7151 5823
7152 5822
7153 5821
7154 5825
7155 5823
7156 5824
7157 5825
7158 5823
7159 5823
7160 5825
7161 5823
7162 5824
7163 5827
7164 5824
7165 5825
7166 5827
7167 5821
7168 5823
7169 5821
7170 5824
7171 5824
7172 5826
7173 5827
7174 5829
7175 5828
7176 5829
7177 5828
7178 5830
7179 5830
7180 5824
7181 5826
7182 5825
7183 5823
7184 5825
7185 5824
7186 5827
7187 5829
7188 5827
7189 5825
7190 5826
7191 5826
7192 5827
7193 5827
7194 5829
7195 5832
7196 5828
7197 5830
7198 5830
7199 5827
7200 5825
7201 5824
7202 5824
7203 5825
7204 5824
7205 5825
7206 5827
7207 5829
7208 5830
7209 5830
7210 5829
7211 5829
7212 5829
7213 5831
7214 5833
7215 5833
7216 5833
7217 5835
7218 5838
7219 5837
7220 5834
7221 5837
7222 5835
7223 5835
7224 5831
7225 5832
7226 5833
7227 5830
7228 5828
7229 5829
7230 5830
7231 5829
7232 5827
7233 5828
7234 5828
7235 5824
7236 5825
7237 5827
7238 5827
7239 5827
7240 5826
7241 5825
7242 5824
7243 5827
7244 5827
7245 5828
7246 5829
7247 5831
7248 5829
7249 5824
7250 5827
7251 5828
7252 5831
7253 5828
7254 5830
7255 5829
7256 5828
7257 5826
7258 5827
7259 5827
7260 5831
7261 5833
7262 5833
7263 5834
7264 5831
7265 5830
7266 5828
7267 5828
7268 5831
7269 5831
7270 5834
7271 5837
7272 5837
7273 5835
7274 5837
7275 5839
7276 5837
7277 5838
7278 5838
7279 5839
7280 5838
7281 5838
7282 5839
7283 5840
7284 5843
7285 5843
7286 5844
7287 5845
7288 5843
7289 5844
7290 5842
7291 5841
7292 5839
7293 5842
7294 5842
7295 5843
7296 5844
7297 5845
7298 5847
7299 5846
7300 5846
7301 5848
7302 5846
7303 5844
7304 5848
7305 5850
7306 5847
7307 5846
7308 5845
7309 5842
7310 5840
7311 5839
7312 5832
7313 5831
7314 5833
7315 5836
7316 5838
7317 5839
7318 5841
7319 5845
7320 5840
7321 5839
7322 5842
7323 5845
7324 5844
7325 5845
7326 5845
7327 5846
7328 5842
7329 5840
7330 5840
7331 5839
7332 5838
7333 5836
7334 5836
7335 5837
7336 5837
7337 5839
7338 5835
7339 5835
7340 5836
7341 5835
7342 5837
7343 5833
7344 5830
7345 5831
7346 5831
7347 5829
7348 5831
7349 5834
7350 5832
7351 5831
7352 5833
7353 5835
7354 5834
7355 5833
7356 5832
7357 5835
7358 5835
7359 5837
7360 5841
7361 5839
7362 5839
7363 5838
7364 5837
7365 5833
7366 5837
7367 5830
7368 5827
7369 5826
7370 5828
7371 5825
7372 5827
7373 5826
7374 5822
7375 5821
7376 5820
7377 5819
7378 5818
7379 5820
7380 5818
7381 5818
7382 5816
7383 5818
7384 5818
7385 5819
7386 5818
7387 5820
7388 5816
7389 5815
7390 5814
7391 5816
7392 5817
7393 5819
7394 5817
7395 5818
7396 5817
7397 5820
7398 5820
7399 5822
7400 5824
7401 5826
7402 5828
7403 5824
7404 5824
7405 5825
7406 5828
7407 5826
7408 5825
7409 5825
7410 5821
7411 5822
7412 5821
7413 5822
7414 5822
7415 5824
7416 5823
7417 5820
7418 5823
7419 5820
7420 5819
7421 5821
7422 5821
7423 5820
7424 5818
7425 5817
7426 5816
7427 5816
7428 5813
7429 5814
7430 5815
7431 5816
7432 5816
7433 5814
7434 5814
7435 5811
7436 5810
7437 5806
7438 5804
7439 5805
7440 5807
7441 5806
7442 5804
7443 5805
7444 5803
7445 5802
7446 5799
7447 5796
7448 5794
7449 5794
7450 5794
7451 5794
7452 5791
7453 5791
7454 5790
7455 5790
7456 5791
7457 5790
7458 5788
7459 5785
7460 5784
7461 5786
7462 5787
7463 5790
7464 5791
7465 5793
7466 5795
7467 5792
7468 5789
7469 5791
7470 5793
7471 5791
7472 5791
7473 5788
7474 5784
7475 5782
7476 5783
7477 5783
7478 5782
7479 5783
7480 5783
7481 5784
7482 5785
7483 5781
7484 5780
7485 5780
7486 5781
7487 5781
7488 5783
7489 5785
7490 5786
7491 5785
7492 5785
7493 5783
7494 5785
7495 5786
7496 5787
7497 5786
7498 5783
7499 5786
7500 5784
7501 5784
7502 5780
7503 5779
7504 5781
7505 5780
7506 5784
7507 5782
7508 5782
7509 5779
7510 5779
7511 5778
7512 5780
7513 5783
7514 5785
7515 5786
7516 5784
7517 5785
7518 5787
7519 5787
7520 5790
7521 5789
7522 5791
7523 5789
7524 5791
7525 5793
7526 5792
7527 5788
7528 5787
7529 5784
7530 5782
7531 5780
7532 5782
7533 5778
7534 5780
7535 5783
7536 5788
7537 5787
7538 5788
7539 5788
7540 5782
7541 5780
7542 5781
7543 5784
7544 5779
7545 5775
7546 5776
7547 5775
7548 5774
7549 5774
7550 5776
7551 5779
7552 5776
7553 5777
7554 5777
7555 5779
7556 5779
7557 5778
7558 5781
7559 5780
7560 5778
7561 5775
7562 5774
7563 5773
7564 5775
7565 5775
7566 5777
7567 5775
7568 5775
7569 5777
7570 5776
7571 5775
7572 5776
7573 5778
7574 5778
7575 5781
7576 5783
7577 5783
7578 5783
7579 5778
7580 5779
7581 5779
7582 5781
7583 5780
7584 5777
7585 5773
7586 5774
7587 5774
7588 5774
7589 5774
7590 5772
7591 5775
7592 5776
7593 5778
7594 5775
7595 5777
7596 5774
7597 5771
7598 5770
7599 5770
7600 5770
7601 5769
7602 5769
7603 5771
7604 5771
7605 5768
7606 5768
7607 5767
7608 5769
7609 5770
7610 5767
7611 5769
7612 5771
7613 5770
7614 5768
7615 5767
7616 5767
7617 5766
7618 5763
7619 5767
7620 5767
7621 5767
7622 5766
7623 5763
7624 5762
7625 5761
7626 5759
7627 5758
7628 5760
7629 5758
7630 5755
7631 5751
7632 5747
7633 5748
7634 5748
7635 5743
7636 5747
7637 5748
7638 5747
7639 5746
7640 5743
7641 5740
7642 5739
7643 5741
7644 5741
7645 5740
7646 5739
7647 5736
7648 5737
7649 5738
7650 5734
7651 5733
7652 5734
7653 5732
7654 5733
7655 5729
7656 5731
7657 5728
7658 5726
7659 5723
7660 5722
7661 5722
7662 5724
7663 5726
7664 5725
7665 5725
7666 5725
7667 5726
7668 5727
7669 5729
7670 5730
7671 5732
7672 5730
7673 5728
7674 5724
7675 5724
7676 5726
7677 5726
7678 5725
7679 5724
7680 5723
7681 5723
7682 5725
7683 5727
7684 5720
7685 5718
7686 5718
7687 5721
7688 5721
7689 5718
7690 5719
7691 5718
7692 5718
7693 5720
7694 5722
7695 5724
7696 5722
7697 5721
7698 5721
7699 5720
7700 5720
7701 5721
7702 5719
7703 5721
7704 5723
7705 5726
7706 5724
7707 5727
7708 5730
7709 5726
7710 5729
7711 5724
7712 5721
7713 5718
7714 5722
7715 5723
7716 5723
7717 5723
7718 5725
7719 5727
7720 5728
7721 5726
7722 5722
7723 5725
7724 5726
7725 5729
7726 5725
7727 5724
7728 5724
7729 5723
7730 5721
7731 5721
7732 5719
7733 5719
7734 5715
7735 5717
7736 5714
7737 5713
7738 5713
7739 5708
7740 5711
7741 5712
7742 5712
7743 5710
7744 5709
7745 5710
7746 5708
7747 5708
7748 5709
7749 5710
7750 5712
7751 5713
7752 5711
7753 5710
7754 5709
7755 5706
7756 5708
7757 5706
7758 5707
7759 5709
7760 5709
7761 5705
7762 5707
7763 5708
7764 5711
7765 5710
7766 5713
7767 5717
7768 5718
7769 5716
7770 5720
7771 5722
7772 5722
7773 5720
7774 5717
7775 5719
7776 5719
7777 5718
7778 5718
7779 5717
7780 5719
7781 5721
7782 5721
7783 5721
7784 5711
7785 5711
7786 5712
7787 5707
7788 5705
7789 5707
7790 5708
7791 5707
7792 5704
7793 5705
7794 5705
7795 5707
7796 5708
7797 5710
7798 5712
7799 5710
7800 5711
7801 5708
7802 5703
7803 5703
7804 5704
7805 5705
7806 5700
7807 5697
7808 5699
7809 5701
7810 5699
7811 5694
7812 5693
7813 5694
7814 5693
7815 5695
7816 5691
7817 5689
7818 5686
7819 5689
7820 5690
7821 5691
7822 5692
7823 5693
7824 5691
7825 5689
7826 5692
7827 5692
7828 5695
7829 5690
7830 5689
7831 5690
7832 5688
7833 5689
7834 5690
7835 5692
7836 5690
7837 5690
7838 5692
7839 5691
7840 5689
7841 5691
7842 5692
7843 5692
7844 5692
7845 5695
7846 5695
7847 5696
7848 5694
7849 5698
7850 5699
7851 5696
7852 5691
7853 5691
7854 5693
7855 5688
7856 5688
7857 5690
7858 5692
7859 5689
7860 5690
7861 5691
7862 5693
7863 5694
7864 5694
7865 5693
7866 5693
7867 5694
7868 5695
7869 5696
7870 5697
7871 5692
7872 5695
7873 5694
7874 5697
7875 5697
7876 5695
7877 5698
7878 5701
7879 5699
7880 5702
7881 5702
7882 5702
7883 5706
7884 5705
7885 5708
7886 5706
7887 5704
7888 5705
7889 5701
7890 5702
7891 5702
7892 5699
7893 5699
7894 5699
7895 5703
7896 5699
7897 5694
7898 5693
7899 5692
7900 5692
7901 5693
7902 5690
7903 5688
7904 5691
7905 5689
7906 5690
7907 5694
7908 5695
7909 5698
7910 5697
7911 5696
7912 5696
7913 5695
7914 5694
7915 5696
7916 5693
7917 5692
7918 5691
7919 5689
7920 5689
7921 5687
7922 5687
7923 5687
7924 5690
7925 5688
7926 5688
7927 5687
7928 5684
7929 5680
7930 5681
7931 5683
7932 5681
7933 5680
7934 5683
7935 5682
7936 5679
7937 5679
7938 5680
7939 5678
7940 5677
7941 5679
7942 5680
7943 5682
7944 5682
7945 5685
7946 5684
7947 5685
7948 5686
7949 5690
7950 5687
7951 5687
7952 5690
7953 5693
7954 5690
7955 5688
7956 5688
7957 5693
7958 5693
7959 5693
7960 5697
7961 5699
7962 5699
7963 5699
7964 5700
7965 5702
7966 5703
7967 5701
7968 5700
7969 5704
7970 5697
7971 5692
7972 5697
7973 5695
7974 5696
7975 5699
7976 5699
7977 5698
7978 5697
7979 5696
7980 5700
7981 5700
7982 5701
7983 5705
7984 5707
7985 5704
7986 5704
7987 5706
7988 5705
7989 5709
7990 5714
7991 5714
7992 5711
7993 5711
7994 5713
7995 5710
7996 5709
7997 5710
7998 5711
7999 5716
8000 5716
8001 5717
8002 5715
8003 5713
8004 5710
8005 5712
8006 5714
8007 5714
8008 5715
8009 5716
8010 5716
8011 5717
8012 5720
8013 5718
8014 5714
8015 5708
8016 5712
8017 5715
8018 5711
8019 5711
8020 5712
8021 5713
8022 5711
8023 5712
8024 5709
8025 5710
8026 5708
8027 5706
8028 5707
8029 5710
8030 5711
8031 5711
8032 5711
8033 5712
8034 5710
8035 5711
8036 5709
8037 5711
8038 5711
8039 5714
8040 5714
8041 5716
8042 5720
8043 5717
8044 5717
8045 5716
8046 5719
8047 5719
8048 5719
8049 5718
8050 5718
8051 5718
8052 5718
8053 5716
8054 5715
8055 5715
8056 5714
8057 5712
8058 5713
8059 5715
8060 5713
8061 5711
8062 5711
8063 5710
8064 5712
8065 5716
8066 5721
8067 5723
8068 5725
8069 5725
8070 5724
8071 5723
8072 5722
8073 5719
8074 5714
8075 5712
8076 5714
8077 5716
8078 5716
8079 5717
8080 5719
8081 5717
8082 5718
8083 5717
8084 5719
8085 5719
8086 5718
8087 5718
8088 5721
8089 5721
8090 5717
8091 5717
8092 5718
8093 5715
8094 5714
8095 5714
8096 5715
8097 5717
8098 5715
8099 5719
8100 5720
8101 5716
8102 5719
8103 5717
8104 5719
8105 5720
8106 5720
8107 5723
8108 5726
8109 5724
8110 5723
8111 5722
8112 5721
8113 5722
8114 5724
8115 5722
8116 5722
8117 5721
8118 5718
8119 5718
8120 5722
8121 5719
8122 5719
8123 5721
8124 5724
8125 5721
8126 5724
8127 5727
8128 5726
8129 5725
8130 5728
8131 5731
8132 5734
8133 5737
8134 5737
8135 5738
8136 5740
8137 5745
8138 5748
8139 5749
8140 5752
8141 5756
8142 5756
8143 5755
8144 5756
8145 5757
8146 5760
8147 5757
8148 5761
8149 5760
8150 5757
8151 5758
8152 5761
8153 5761
8154 5762
8155 5764
8156 5766
8157 5769
8158 5765
8159 5766
8160 5768
8161 5767
8162 5767
8163 5764
8164 5766
8165 5766
8166 5766
8167 5765
8168 5765
8169 5765
8170 5763
8171 5763
8172 5762
8173 5766
8174 5766
8175 5767
8176 5767
8177 5767
8178 5763
8179 5766
8180 5767
8181 5763
8182 5763
8183 5762
8184 5763
8185 5764
8186 5762
8187 5759
8188 5762
8189 5764
8190 5764
8191 5763
8192 5762
8193 5765
8194 5766
8195 5764
8196 5763
8197 5764
8198 5766
8199 5766
8200 5768
8201 5771
8202 5771
8203 5770
8204 5766
8205 5767
8206 5767
8207 5771
8208 5774
8209 5777
8210 5777
8211 5776
8212 5777
8213 5777
8214 5778
8215 5777
8216 5778
8217 5781
8218 5782
8219 5783
8220 5784
8221 5789
8222 5784
8223 5784
8224 5780
8225 5782
8226 5783
8227 5778
8228 5782
8229 5778
8230 5771
8231 5769
8232 5767
8233 5772
8234 5772
8235 5772
8236 5773
8237 5774
8238 5778
8239 5778
8240 5779
8241 5782
8242 5780
8243 5781
8244 5783
8245 5786
8246 5787
8247 5790
8248 5791
8249 5785
8250 5779
8251 5781
8252 5779
8253 5783
8254 5784
8255 5787
8256 5786
8257 5788
8258 5788
8259 5792
8260 5792
8261 5791
8262 5791
8263 5787
8264 5791
8265 5793
8266 5796
8267 5792
8268 5794
8269 5795
8270 5796
8271 5797
8272 5794
8273 5794
8274 5789
8275 5792
8276 5790
8277 5794
8278 5797
8279 5799
8280 5796
8281 5798
8282 5798
8283 5798
8284 5796
8285 5794
8286 5795
8287 5790
8288 5790
8289 5790
8290 5792
8291 5789
8292 5786
8293 5783
8294 5783
8295 5784
8296 5782
8297 5782
8298 5780
8299 5777
8300 5778
8301 5775
8302 5772
8303 5773
8304 5770
8305 5769
8306 5774
8307 5775
8308 5773
8309 5774
8310 5776
8311 5776
8312 5778
8313 5781
8314 5781
8315 5781
8316 5776
8317 5779
8318 5781
8319 5782
8320 5785
8321 5783
8322 5783
8323 5786
8324 5784
8325 5787
8326 5790
8327 5790
8328 5788
8329 5791
8330 5792
8331 5790
8332 5791
8333 5792
8334 5789
8335 5789
8336 5791
8337 5793
8338 5794
8339 5792
8340 5795
8341 5798
8342 5803
8343 5802
8344 5803
8345 5802
8346 5802
8347 5803
8348 5799
8349 5800
8350 5801
8351 5803
8352 5807
8353 5806
8354 5806
8355 5809
8356 5809
8357 5811
8358 5814
8359 5817
8360 5816
8361 5817
8362 5817
8363 5819
8364 5818
8365 5814
8366 5813
8367 5808
8368 5811
8369 5813
8370 5811
8371 5808
8372 5808
8373 5809
8374 5810
8375 5810
8376 5812
8377 5812
8378 5815
8379 5817
8380 5819
8381 5818
8382 5814
8383 5817
8384 5820
8385 5819
8386 5818
8387 5817
8388 5818
8389 5814
8390 5816
8391 5814
8392 5817
8393 5817
8394 5817
8395 5815
8396 5819
8397 5822
8398 5817
8399 5814
8400 5815
8401 5818
8402 5817
8403 5821
8404 5816
8405 5817
8406 5818
8407 5814
8408 5814
8409 5811
8410 5812
8411 5815
8412 5816
8413 5820
8414 5815
8415 5813
8416 5807
8417 5809
8418 5810
8419 5809
8420 5809
8421 5813
8422 5811
8423 5815
8424 5815
8425 5818
8426 5817
8427 5817
8428 5819
8429 5815
8430 5816
8431 5817
8432 5817
8433 5814
8434 5814
8435 5811
8436 5807
8437 5804
8438 5801
8439 5797
8440 5799
8441 5798
8442 5799
8443 5802
8444 5799
8445 5799
8446 5797
8447 5791
8448 5792
8449 5790
8450 5790
8451 5794
8452 5798
8453 5795
8454 5792
8455 5793
8456 5788
8457 5791
8458 5790
8459 5789
8460 5790
8461 5787
8462 5789
8463 5788
8464 5784
8465 5780
8466 5776
8467 5777
8468 5776
8469 5771
8470 5773
8471 5766
8472 5767
8473 5767
8474 5767
8475 5771
8476 5771
8477 5773
8478 5773
8479 5771
8480 5774
8481 5767
8482 5766
8483 5762
8484 5762
8485 5761
8486 5763
8487 5765
8488 5761
8489 5760
8490 5765
8491 5765
8492 5764
8493 5766
8494 5766
8495 5763
8496 5765
8497 5768
8498 5763
8499 5764
8500 5764
8501 5763
8502 5766
8503 5767
8504 5771
8505 5771
8506 5774
8507 5771
8508 5774
8509 5775
8510 5775
8511 5773
8512 5771
8513 5768
8514 5767
8515 5768
8516 5768
8517 5768
8518 5771
8519 5770
8520 5767
8521 5765
8522 5766
8523 5765
8524 5767
8525 5763
8526 5765
8527 5767
8528 5767
8529 5768
8530 5765
8531 5764
8532 5761
8533 5762
8534 5759
8535 5758
8536 5758
8537 5757
8538 5760
8539 5762
8540 5761
8541 5760
8542 5762
8543 5764
8544 5762
8545 5764
8546 5764
8547 5766
8548 5768
8549 5770
8550 5770
8551 5769
8552 5770
8553 5770
8554 5770
8555 5770
8556 5766
8557 5769
8558 5771
8559 5767
8560 5770
8561 5766
8562 5767
8563 5766
8564 5763
8565 5764
8566 5762
8567 5765
8568 5763
8569 5764
8570 5766
8571 5763
8572 5764
8573 5767
8574 5765
8575 5763
8576 5765
8577 5767
8578 5766
8579 5767
8580 5768
8581 5769
8582 5769
8583 5771
8584 5774
8585 5769
8586 5768
8587 5769
8588 5768
8589 5772
8590 5773
8591 5772
8592 5774
8593 5773
8594 5774
8595 5774
8596 5773
8597 5772
8598 5771
8599 5774
8600 5777
8601 5779
8602 5779
8603 5781
8604 5783
8605 5780
8606 5781
8607 5779
8608 5778
8609 5774
8610 5775
8611 5770
8612 5770
8613 5767
8614 5765
8615 5764
8616 5762
8617 5762
8618 5757
8619 5756
8620 5753
8621 5754
8622 5757
8623 5755
8624 5751
8625 5749
8626 5753
8627 5756
8628 5755
8629 5758
8630 5762
8631 5764
8632 5763
8633 5763
8634 5762
8635 5763
8636 5762
8637 5760
8638 5760
8639 5762
8640 5759
8641 5759
8642 5760
8643 5757
8644 5758
8645 5758
8646 5760
8647 5759
8648 5761
8649 5764
8650 5762
8651 5761
8652 5754
8653 5757
8654 5756
8655 5760
8656 5758
8657 5759
8658 5759
8659 5762
8660 5763
8661 5760
8662 5758
8663 5758
8664 5755
8665 5755
8666 5759
8667 5762
8668 5759
8669 5757
8670 5758
8671 5760
8672 5761
8673 5765
8674 5762
8675 5762
8676 5764
8677 5765
8678 5766
8679 5767
8680 5769
8681 5767
8682 5767
8683 5768
8684 5770
8685 5774
8686 5776
8687 5776
8688 5776
8689 5775
8690 5774
8691 5776
8692 5773
8693 5773
8694 5773
8695 5776
8696 5778
8697 5779
8698 5779
8699 5779
8700 5780
8701 5779
8702 5780
8703 5780
8704 5782
8705 5783
8706 5783
8707 5786
8708 5785
8709 5783
8710 5785
8711 5784
8712 5782
8713 5785
8714 5787
8715 5787
8716 5786
8717 5781
8718 5783
8719 5783
8720 5787
8721 5788
8722 5789
8723 5791
8724 5796
8725 5796
8726 5797
8727 5799
8728 5794
8729 5793
8730 5788
8731 5788
8732 5787
8733 5787
8734 5787
8735 5786
8736 5787
8737 5785
8738 5787
8739 5788
8740 5785
8741 5784
8742 5786
8743 5786
8744 5786
8745 5784
8746 5784
8747 5785
8748 5787
8749 5789
8750 5790
8751 5793
8752 5796
8753 5799
8754 5801
8755 5802
8756 5805
8757 5808
8758 5806
8759 5806
8760 5803
8761 5801
8762 5800
8763 5802
8764 5802
8765 5802
8766 5802
8767 5800
8768 5799
8769 5799
8770 5800
8771 5801
8772 5800
8773 5798
8774 5799
8775 5800
8776 5800
8777 5797
8778 5799
8779 5793
8780 5796
8781 5799
8782 5802
8783 5802
8784 5800
8785 5803
8786 5802
8787 5804
8788 5800
8789 5800
8790 5802
8791 5804
8792 5802
8793 5800
8794 5804
8795 5808
8796 5811
8797 5809
8798 5809
8799 5810
8800 5807
8801 5808
8802 5810
8803 5811
8804 5809
8805 5812
8806 5814
8807 5811
8808 5811
8809 5812
8810 5815
8811 5816
8812 5815
8813 5815
8814 5820
8815 5816
8816 5817
8817 5818
8818 5819
8819 5818
8820 5818
8821 5820
8822 5816
8823 5814
8824 5819
8825 5817
8826 5818
8827 5819
8828 5822
8829 5821
8830 5820
8831 5816
8832 5821
8833 5818
8834 5818
8835 5818
8836 5817
8837 5822
8838 5821
8839 5820
8840 5821
8841 5822
8842 5820
8843 5823
8844 5821
8845 5821
8846 5818
8847 5821
8848 5817
8849 5817
8850 5818
8851 5818
8852 5821
8853 5822
8854 5823
8855 5823
8856 5822
8857 5825
8858 5824
8859 5824
8860 5822
8861 5824
8862 5828
8863 5831
8864 5833
8865 5835
8866 5836
8867 5837
8868 5836
8869 5834
8870 5837
8871 5837
8872 5836
8873 5837
8874 5840
8875 5842
8876 5842
8877 5844
8878 5845
8879 5844
8880 5844
8881 5843
8882 5844
8883 5845
8884 5844
8885 5849
8886 5850
8887 5849
8888 5845
8889 5845
8890 5845
8891 5848
8892 5850
8893 5853
8894 5855
8895 5855
8896 5856
8897 5852
8898 5855
8899 5853
8900 5852
8901 5853
8902 5850
8903 5853
8904 5855
8905 5854
8906 5848
8907 5848
8908 5848
8909 5851
8910 5849
8911 5851
8912 5851
8913 5850
8914 5852
8915 5855
8916 5854
8917 5855
8918 5855
8919 5854
8920 5854
8921 5856
8922 5856
8923 5855
8924 5852
8925 5851
8926 5853
8927 5848
8928 5849
8929 5851
8930 5848
8931 5848
8932 5849
8933 5849
8934 5851
8935 5848
8936 5848
8937 5849
8938 5850
8939 5851
8940 5852
8941 5851
8942 5850
8943 5848
8944 5849
8945 5847
8946 5846
8947 5849
8948 5847
8949 5848
8950 5852
8951 5851
8952 5851
8953 5850
8954 5850
8955 5849
8956 5847
8957 5847
8958 5850
8959 5846
8960 5848
8961 5844
8962 5844
8963 5845
8964 5848
8965 5850
8966 5852
8967 5851
8968 5849
8969 5849
8970 5850
8971 5849
8972 5850
8973 5849
8974 5849
8975 5847
8976 5849
8977 5850
8978 5851
8979 5853
8980 5852
8981 5847
8982 5847
8983 5847
8984 5850
8985 5850
8986 5849
8987 5852
8988 5854
8989 5857
8990 5858
8991 5862
8992 5864
8993 5862
8994 5866
8995 5869
8996 5868
8997 5867
8998 5863
8999 5863
9000 5864
9001 5864
9002 5865
9003 5865
9004 5867
9005 5866
9006 5869
9007 5870
9008 5868
9009 5867
9010 5864
9011 5865
9012 5862
9013 5861
9014 5863
9015 5862
9016 5862
9017 5861
9018 5864
9019 5868
9020 5869
9021 5868
9022 5868
9023 5871
9024 5872
9025 5873
9026 5874
9027 5872
9028 5870
9029 5870
9030 5872
9031 5871
9032 5872
9033 5871
9034 5872
9035 5874
9036 5871
9037 5872
9038 5868
9039 5866
9040 5865
9041 5868
9042 5865
9043 5865
9044 5866
9045 5865
9046 5867
9047 5867
9048 5869
9049 5870
9050 5869
9051 5866
9052 5867
9053 5866
9054 5868
9055 5864
9056 5863
9057 5863
9058 5858
9059 5857
9060 5857
9061 5861
9062 5859
9063 5862
9064 5857
9065 5859
9066 5861
9067 5855
9068 5852
9069 5856
9070 5856
9071 5855
9072 5856
9073 5856
9074 5858
9075 5855
9076 5855
9077 5857
9078 5858
9079 5858
9080 5859
9081 5859
9082 5857
9083 5859
9084 5860
9085 5859
9086 5861
9087 5857
9088 5856
9089 5853
9090 5852
9091 5852
9092 5854
9093 5852
9094 5855
9095 5852
9096 5854
9097 5850
9098 5851
9099 5854
9100 5854
9101 5856
9102 5855
9103 5853
9104 5854
9105 5853
9106 5851
9107 5854
9108 5854
9109 5857
9110 5854
9111 5854
9112 5854
9113 5852
9114 5853
9115 5855
9116 5856
9117 5852
9118 5851
9119 5849
9120 5852
9121 5851
9122 5853
9123 5852
9124 5852
9125 5847
9126 5849
9127 5854
9128 5853
9129 5856
9130 5850
9131 5848
9132 5845
9133 5848
9134 5851
9135 5851
9136 5853
9137 5853
9138 5852
9139 5852
9140 5854
9141 5853
9142 5855
9143 5852
9144 5856
9145 5856
9146 5858
9147 5858
9148 5855
9149 5854
9150 5854
9151 5857
9152 5858
9153 5858
9154 5861
9155 5858
9156 5859
9157 5859
9158 5860
9159 5856
9160 5859
9161 5855
9162 5859
9163 5862
9164 5861
9165 5862
9166 5860
9167 5861
9168 5861
9169 5863
9170 5865
9171 5866
9172 5867
9173 5866
9174 5871
9175 5873
9176 5872
9177 5871
9178 5870
9179 5869
9180 5867
9181 5866
9182 5866
9183 5869
9184 5872
9185 5874
9186 5876
9187 5875
9188 5878
9189 5880
9190 5878
9191 5881
9192 5880
9193 5882
9194 5882
9195 5881
9196 5881
9197 5880
9198 5879
9199 5879
9200 5877
9201 5876
9202 5876
9203 5878
9204 5876
9205 5876
9206 5875
9207 5876
9208 5877
9209 5876
9210 5874
9211 5875
9212 5872
9213 5872
9214 5871
9215 5871
9216 5867
9217 5865
9218 5864
9219 5862
9220 5857
9221 5858
9222 5858
9223 5858
9224 5855
9225 5857
9226 5854
9227 5855
9228 5854
9229 5855
9230 5852
9231 5851
9232 5854
9233 5858
9234 5860
9235 5859
9236 5861
9237 5860
9238 5857
9239 5859
9240 5861
9241 5858
9242 5856
9243 5860
9244 5863
9245 5863
9246 5863
9247 5860
9248 5861
9249 5858
9250 5855
9251 5857
9252 5856
9253 5857
9254 5855
9255 5857
9256 5860
9257 5862
9258 5860
9259 5861
9260 5862
9261 5864
9262 5866
9263 5867
9264 5865
9265 5863
9266 5862
9267 5862
9268 5863
9269 5864
9270 5867
9271 5864
9272 5862
9273 5863
9274 5864
9275 5861
9276 5857
9277 5859
9278 5858
9279 5857
9280 5855
9281 5856
9282 5860
9283 5861
9284 5860
9285 5864
9286 5863
9287 5861
9288 5860
9289 5860
9290 5861
9291 5860
9292 5860
9293 5860
9294 5855
9295 5852
9296 5851
9297 5847
9298 5846
9299 5845
9300 5846
9301 5845
9302 5847
9303 5847
9304 5846
9305 5847
9306 5851
9307 5855
9308 5856
9309 5854
9310 5855
9311 5856
9312 5855
9313 5855
9314 5856
9315 5854
9316 5854
9317 5852
9318 5851
9319 5855
9320 5854
9321 5854
9322 5855
9323 5859
9324 5859
9325 5860
9326 5861
9327 5856
9328 5858
9329 5854
9330 5857
9331 5854
9332 5852
9333 5852
9334 5850
9335 5847
9336 5846
9337 5848
9338 5848
9339 5849
9340 5850
9341 5849
9342 5848
9343 5848
9344 5848
9345 5850
9346 5852
9347 5852
9348 5850
9349 5851
9350 5851
9351 5851
9352 5843
9353 5844
9354 5844
9355 5846
9356 5845
9357 5845
9358 5843
9359 5843
9360 5844
9361 5846
9362 5845
9363 5844
9364 5843
9365 5846
9366 5844
9367 5846
9368 5846
9369 5846
9370 5847
9371 5849
9372 5853
9373 5853
9374 5851
9375 5850
9376 5850
9377 5845
9378 5843
9379 5842
9380 5842
9381 5843
9382 5841
9383 5837
9384 5838
9385 5836
9386 5838
9387 5840
9388 5844
9389 5843
9390 5845
9391 5847
9392 5848
9393 5850
9394 5853
9395 5854
9396 5852
9397 5851
9398 5852
9399 5850
9400 5851
9401 5852
9402 5850
9403 5848
9404 5845
9405 5845
9406 5844
9407 5846
9408 5848
9409 5850
9410 5846
9411 5847
9412 5851
9413 5851
9414 5852
9415 5855
9416 5856
9417 5857
9418 5853
9419 5854
9420 5854
9421 5855
9422 5858
9423 5858
9424 5861
9425 5859
9426 5861
9427 5864
9428 5863
9429 5866
9430 5867
9431 5864
9432 5863
9433 5862
9434 5863
9435 5860
9436 5855
9437 5854
9438 5853
9439 5853
9440 5853
9441 5847
9442 5851
9443 5853
9444 5852
9445 5855
9446 5852
9447 5854
9448 5855
9449 5854
9450 5854
9451 5854
9452 5853
9453 5852
9454 5851
9455 5852
9456 5853
9457 5857
9458 5859
9459 5856
9460 5856
9461 5857
9462 5861
9463 5858
9464 5857
9465 5857
9466 5856
9467 5850
9468 5850
9469 5851
9470 5849
9471 5849
9472 5847
9473 5847
9474 5845
9475 5844
9476 5846
9477 5843
9478 5846
9479 5846
9480 5845
9481 5846
9482 5846
9483 5844
9484 5843
9485 5838
9486 5836
9487 5836
9488 5835
9489 5837
9490 5840
9491 5837
9492 5835
9493 5834
9494 5834
9495 5832
9496 5834
9497 5831
9498 5833
9499 5828
9500 5829
9501 5825
9502 5827
9503 5826
9504 5828
9505 5829
9506 5831
9507 5830
9508 5827
9509 5827
9510 5827
9511 5826
9512 5829
9513 5825
9514 5824
9515 5820
9516 5822
9517 5819
9518 5819
9519 5811
9520 5812
9521 5811
9522 5812
9523 5815
9524 5814
9525 5816
9526 5817
9527 5819
9528 5819
9529 5820
9530 5823
9531 5825
9532 5821
9533 5823
9534 5826
9535 5828
9536 5829
9537 5828
9538 5829
9539 5831
9540 5831
9541 5830
9542 5831
9543 5826
9544 5830
9545 5831
9546 5832
9547 5834
9548 5834
9549 5831
9550 5832
9551 5832
9552 5830
9553 5830
9554 5833
9555 5834
9556 5835
9557 5836
9558 5834
9559 5835
9560 5839
9561 5843
9562 5845
9563 5846
9564 5844
9565 5840
9566 5840
9567 5843
9568 5846
9569 5846
9570 5847
9571 5846
9572 5849
9573 5848
9574 5845
9575 5846
9576 5849
9577 5847
9578 5848
9579 5848
9580 5847
9581 5845
9582 5845
9583 5844
9584 5847
9585 5845
9586 5846
9587 5846
9588 5846
9589 5846
9590 5843
9591 5846
9592 5848
9593 5850
9594 5853
9595 5854
9596 5848
9597 5845
9598 5845
9599 5845
9600 5845
9601 5842
9602 5843
9603 5846
9604 5847
9605 5847
9606 5847
9607 5844
9608 5842
9609 5842
9610 5842
9611 5843
9612 5845
9613 5844
9614 5842
9615 5840
9616 5842
9617 5844
9618 5845
9619 5847
9620 5846
9621 5846
9622 5846
9623 5846
9624 5846
9625 5848
9626 5848
9627 5843
9628 5844
9629 5844
9630 5846
9631 5845
9632 5847
9633 5851
9634 5853
9635 5852
9636 5850
9637 5849
9638 5848
9639 5847
9640 5850
9641 5849
9642 5848
9643 5852
9644 5851
9645 5852
9646 5852
9647 5854
9648 5857
9649 5856
9650 5861
9651 5863
9652 5863
9653 5859
9654 5858
9655 5861
9656 5860
9657 5856
9658 5856
9659 5855
9660 5857
9661 5854
9662 5853
9663 5853
9664 5853
9665 5850
9666 5852
9667 5855
9668 5851
9669 5853
9670 5852
9671 5852
9672 5850
9673 5848
9674 5846
9675 5846
9676 5847
9677 5843
9678 5847
9679 5850
9680 5851
9681 5852
9682 5853
9683 5853
9684 5852
9685 5855
9686 5852
9687 5851
9688 5851
9689 5849
9690 5848
9691 5848
9692 5848
9693 5850
9694 5851
9695 5851
9696 5852
9697 5851
9698 5854
9699 5856
9700 5853
9701 5857
9702 5860
9703 5859
9704 5862
9705 5865
9706 5867
9707 5869
9708 5872
9709 5872
9710 5869
9711 5870
9712 5868
9713 5864
9714 5860
9715 5862
9716 5861
9717 5862
9718 5861
9719 5859
9720 5859
9721 5859
9722 5860
9723 5858
9724 5862
9725 5863
9726 5863
9727 5860
9728 5861
9729 5860
9730 5860
9731 5861
9732 5860
9733 5859
9734 5856
9735 5859
9736 5860
9737 5857
9738 5860
9739 5857
9740 5858
9741 5859
9742 5860
9743 5862
9744 5861
9745 5863
9746 5863
9747 5863
9748 5865
9749 5864
9750 5859
9751 5856
9752 5849
9753 5850
9754 5851
9755 5846
9756 5843
9757 5844
9758 5845
9759 5847
9760 5845
9761 5846
9762 5847
9763 5841
9764 5835
9765 5834
9766 5832
9767 5834
9768 5831
9769 5835
9770 5837
9771 5832
9772 5835
9773 5837
9774 5840
9775 5841
9776 5837
9777 5841
9778 5841
9779 5837
9780 5834
9781 5835
9782 5834
9783 5835
9784 5836
9785 5838
9786 5838
9787 5838
9788 5837
9789 5833
9790 5835
9791 5827
9792 5825
9793 5824
9794 5826
9795 5823
9796 5827
9797 5830
9798 5828
9799 5829
9800 5829
9801 5827
9802 5827
9803 5831
9804 5832
9805 5833
9806 5833
9807 5835
9808 5832
9809 5830
9810 5828
9811 5828
9812 5832
9813 5831
9814 5833
9815 5833
9816 5832
9817 5831
9818 5830
9819 5824
9820 5822
9821 5824
9822 5824
9823 5828
9824 5828
9825 5824
9826 5824
9827 5825
9828 5824
9829 5825
9830 5824
9831 5823
9832 5822
9833 5822
9834 5823
9835 5823
9836 5819
9837 5820
9838 5821
9839 5824
9840 5826
9841 5825
9842 5825
9843 5822
9844 5824
9845 5823
9846 5824
9847 5820
9848 5822
9849 5823
9850 5825
9851 5824
9852 5819
9853 5820
9854 5822
9855 5820
9856 5825
9857 5825
9858 5828
9859 5831
9860 5834
9861 5837
9862 5836
9863 5834
9864 5833
9865 5835
9866 5839
9867 5841
9868 5843
9869 5840
9870 5841
9871 5843
9872 5842
9873 5845
9874 5845
9875 5846
9876 5849
9877 5849
9878 5849
9879 5848
9880 5849
9881 5848
9882 5850
9883 5851
9884 5849
9885 5846
9886 5848
9887 5850
9888 5850
9889 5850
9890 5852
9891 5851
9892 5856
9893 5859
9894 5858
9895 5859
9896 5860
9897 5858
9898 5854
9899 5855
9900 5857
9901 5858
9902 5856
9903 5856
9904 5855
9905 5854
9906 5852
9907 5850
9908 5847
9909 5844
9910 5842
9911 5845
9912 5844
9913 5843
9914 5840
9915 5837
9916 5839
9917 5841
9918 5841
9919 5842
9920 5840
9921 5842
9922 5843
9923 5842
9924 5840
9925 5842
9926 5844
9927 5845
9928 5846
9929 5846
9930 5845
9931 5848
9932 5847
9933 5847
9934 5851
9935 5851
9936 5856
9937 5855
9938 5853
9939 5855
9940 5855
9941 5857
9942 5859
9943 5859
9944 5860
9945 5861
9946 5860
9947 5861
9948 5859
9949 5856
9950 5855
9951 5856
9952 5858
9953 5858
9954 5857
9955 5856
9956 5858
9957 5857
9958 5859
9959 5859
9960 5859
9961 5861
9962 5860
9963 5858
9964 5859
9965 5859
9966 5862
9967 5855
9968 5856
9969 5859
9970 5856
9971 5853
9972 5851
9973 5851
9974 5844
9975 5844
9976 5837
9977 5839
9978 5840
9979 5840
9980 5838
9981 5839
9982 5840
9983 5837
9984 5834
9985 5837
9986 5838
9987 5841
9988 5842
9989 5842
9990 5839
9991 5835
9992 5835
9993 5836
9994 5838
9995 5836
9996 5839
9997 5841
9998 5841
9999 5841
