0 inf inf -inf
0.1 2.01389 2.04056 -0.0262708
0.2 1.52892 1.53206 -0.0438612
0.3 1.32059 1.34082 -0.0200073
0.4 1.31411 1.25037 -0.0293485
0.5 1.2459 1.21595 -0.0277004
0.6 1.17727 1.17823 -0.0480733
0.7 1.14931 1.14944 -0.0506152
0.8 1.10405 1.1107 -0.0364648
0.9 1.08537 1.09212 -0.0225444
1 1.08757 1.05566 -0.0173261
1.1 1.0698 1.0443 0.00773463
1.2 1.08163 1.10466 0.00761764
1.3 1.08861 1.11452 0.00805887
1.4 1.10008 1.11966 0.0259616
1.5 1.09231 1.10862 0.0352303
1.6 1.06559 1.0931 0.0442966
1.7 1.03796 1.07372 0.0479504
1.8 1.0481 1.09546 0.0343599
1.9 1.05646 1.06848 0.0286645
2 1.03494 1.08514 0.0343751
2.1 1.04573 1.10361 0.0336556
2.2 1.05724 1.07952 0.0248709
2.3 1.04303 1.06657 0.0135619
2.4 1.03408 1.04001 0.0142316
2.5 1.03913 1.03663 0.0267709
2.6 1.04417 1.03252 0.0277535
2.7 1.03602 1.03116 0.0225908
2.8 1.00174 0.999134 0.0261355
2.9 0.98905 0.992406 0.029059
3 0.996453 0.988877 0.0195463
3.1 1.0021 0.991532 0.0253824
3.2 1.00947 0.997598 0.0210064
3.3 1.01322 1.01201 0.0377487
3.4 1.02472 0.983938 0.0364233
3.5 1.03897 0.985559 0.0449941
3.6 1.04116 0.988633 0.0458285
3.7 1.04016 0.99307 0.0423229
3.8 1.04005 0.990964 0.0368731
3.9 1.04608 0.992848 0.0424004
4 1.03559 0.981517 0.044028
4.1 1.02631 0.979865 0.0436251
4.2 1.02574 0.984553 0.0479607
4.3 1.02079 0.991333 0.0354093
4.4 1.02806 0.99257 0.0471182
4.5 1.03122 0.991097 0.0450007
4.6 1.02604 0.990857 0.0470419
4.7 1.03908 0.982724 0.0529148
4.8 1.03606 0.989997 0.0502201
4.9 1.03328 0.984006 0.0508998
5 1.0429 0.996455 0.0530357
5.1 1.0465 1.00757 0.0456962
5.2 1.04035 1.00318 0.0435006
5.3 1.02709 1.01754 0.0376483
5.4 1.00784 1.03122 0.028363
5.5 1.0323 1.03061 0.0312061
5.6 1.02258 1.02703 0.0302042
5.7 1.01998 1.03378 0.0334084
5.8 1.02587 1.04333 0.0258931
5.9 1.03108 1.02539 0.0230275
6 1.04012 1.01204 0.0190379
6.1 1.05516 1.0136 0.0140683
6.2 1.0578 1.00268 0.0104262
6.3 1.0509 0.989912 0.0219648
6.4 1.04123 0.999457 0.0197162
6.5 1.0409 1.00526 0.0156099
6.6 1.03613 1.0182 0.0199386
6.7 1.0346 1.01458 0.0238624
6.8 1.05598 1.02061 0.0259558
6.9 1.04615 1.00948 0.0175877
7 1.04609 1.0105 0.0066922
7.1 1.04148 1.00655 0.00235013
7.2 1.04303 0.999804 0.00820648
7.3 1.03474 1.00715 -0.00389204
7.4 1.03496 1.01218 -0.00539768
7.5 1.04177 1.00362 -0.00721152
7.6 1.02689 1.00507 -0.00927754
7.7 1.01882 1.00781 -0.00923148
7.8 1.01925 1.0084 -0.00729979
7.9 1.02031 1.00926 -0.00720369
8 1.02526 0.999556 -0.00696173
8.1 0.99969 0.999615 -0.00920646
8.2 1.00074 0.998008 -0.0146882
8.3 1.00945 1.00042 -0.0169802
8.4 1.00466 0.99191 -0.00786637
8.5 0.995935 0.979326 -0.0074485
8.6 0.991004 0.982068 -0.00337982
8.7 0.988298 0.98628 -0.0027222
8.8 0.986237 0.989416 -0.00110946
8.9 0.985001 0.984509 -0.0076435
9 0.986429 0.995234 -0.00651244
9.1 0.994107 0.99549 -0.00315292
9.2 0.980404 0.99092 -0.00122468
9.3 0.973742 0.988758 0.00387583
9.4 0.970681 0.979046 -0.00154626
9.5 0.983031 0.984283 -0.00479678
9.6 0.973988 0.990408 -0.007952
9.7 0.975738 0.992236 -0.0108893
9.8 0.972611 1.0035 -0.0184101
9.9 0.977811 0.998225 -0.0213469
10 0.97367 1.00713 -0.0215045
10.1 0.968688 1.0165 -0.0164479
10.2 0.966283 1.02198 -0.0189296
10.3 0.972464 1.01464 -0.0174017
10.4 0.972344 1.01864 -0.0221401
10.5 0.97154 1.00795 -0.0292452
10.6 0.977902 1.01597 -0.0244761
10.7 0.976423 1.00565 -0.0266961
10.8 0.964601 1.00496 -0.0236604
10.9 0.970564 1.01067 -0.0186458
11 0.966975 1.00777 -0.0173453
11.1 0.968325 0.999809 -0.0188196
11.2 0.960123 0.989934 -0.0135446
11.3 0.95601 0.988369 -0.0140183
11.4 0.954376 0.991206 -0.0173158
11.5 0.950666 0.990061 -0.0178341
11.6 0.951205 0.99941 -0.0257558
11.7 0.952472 1.00641 -0.0250745
11.8 0.940162 1.00111 -0.0235873
11.9 0.93917 1.00033 -0.0222801
12 0.938536 0.999263 -0.0232899
12.1 0.938864 1.01152 -0.0231056
12.2 0.938994 1.00492 -0.0184935
12.3 0.93668 1.00877 -0.0134198
12.4 0.939158 1.01714 -0.019222
12.5 0.941991 1.02618 -0.0204876
12.6 0.934145 1.02848 -0.0268504
12.7 0.937893 1.02857 -0.0262196
12.8 0.934784 1.01544 -0.0220191
12.9 0.930446 1.02362 -0.0205225
13 0.928453 1.02347 -0.0211109
13.1 0.933082 1.02719 -0.0301536
13.2 0.933539 1.03275 -0.0307612
13.3 0.943131 1.03032 -0.0355842
13.4 0.950132 1.02884 -0.0411186
13.5 0.943448 1.02802 -0.0387505
13.6 0.949028 1.03075 -0.0366772
13.7 0.942311 1.03001 -0.0353501
13.8 0.940982 1.02567 -0.02989
13.9 0.940482 1.01381 -0.0302778
14 0.94366 1.01972 -0.0314633
14.1 0.939088 1.01665 -0.0340139
14.2 0.942799 1.01022 -0.0282652
14.3 0.939813 1.01118 -0.0325071
14.4 0.945602 1.01422 -0.0224737
14.5 0.951342 1.01253 -0.0260819
14.6 0.95276 1.01745 -0.0212373
14.7 0.948244 1.01681 -0.02225
14.8 0.945751 1.01185 -0.0267738
14.9 0.941968 1.0117 -0.0251436
15 0.939269 1.01377 -0.0321033
15.1 0.937829 1.01099 -0.0288226
15.2 0.936067 1.01462 -0.0264929
15.3 0.932605 1.0077 -0.0313164
15.4 0.938221 1.00989 -0.0299583
15.5 0.946029 1.01195 -0.0357156
15.6 0.944483 1.00698 -0.0315101
15.7 0.937906 1.00438 -0.0277314
15.8 0.93346 1.00742 -0.0328237
15.9 0.922019 1.01059 -0.0308326
16 0.923271 0.998806 -0.0301391
16.1 0.923133 1.00593 -0.0220015
16.2 0.922009 1.0073 -0.0261723
16.3 0.915012 0.998667 -0.026523
16.4 0.910961 0.993349 -0.0235027
16.5 0.911875 0.995235 -0.0229884
16.6 0.912354 0.996134 -0.0213404
16.7 0.912212 0.995715 -0.0242364
16.8 0.91167 1.00081 -0.0252582
16.9 0.907836 0.996801 -0.0265486
17 0.906425 0.995994 -0.0316055
17.1 0.908286 0.9883 -0.0339665
17.2 0.907744 0.988016 -0.0369735
17.3 0.908788 0.985687 -0.0411149
17.4 0.902497 0.975724 -0.0444783
17.5 0.912193 0.976397 -0.0470733
17.6 0.909383 0.983659 -0.044849
17.7 0.909053 0.987411 -0.0406325
17.8 0.919255 0.991122 -0.0464276
17.9 0.918836 0.997834 -0.0512943
18 0.922792 1.0044 -0.053313
18.1 0.926467 1.00024 -0.0517177
18.2 0.935441 0.993576 -0.0496515
18.3 0.922507 0.993585 -0.0473372
18.4 0.923689 0.9904 -0.0473009
18.5 0.925514 0.987311 -0.0495487
18.6 0.9289 0.986508 -0.0462198
18.7 0.928159 0.987123 -0.0434714
18.8 0.92788 0.982426 -0.0427196
18.9 0.933911 0.981241 -0.0438776
19 0.940528 0.990965 -0.0428018
19.1 0.937155 0.983362 -0.0375159
19.2 0.936755 0.985753 -0.0375648
19.3 0.939854 0.993493 -0.0391384
19.4 0.941773 0.989581 -0.0431432
19.5 0.946111 0.988327 -0.04353
19.6 0.947189 0.983209 -0.0423748
19.7 0.947495 0.983543 -0.038237
19.8 0.950243 0.986991 -0.0397455
19.9 0.950634 0.993138 -0.0437155
20 0.955788 1.00152 -0.04645
20.1 0.95763 0.996733 -0.048424
20.2 0.952371 1.00384 -0.0435115
20.3 0.953795 0.999697 -0.041691
20.4 0.963145 1.00646 -0.0433068
20.5 0.971524 0.995957 -0.0398769
20.6 0.973998 0.995867 -0.0390867
20.7 0.976796 0.999702 -0.043742
20.8 0.979542 1.00446 -0.0479864
20.9 0.97575 1.0056 -0.0506196
21 0.973681 1.00445 -0.0480198
21.1 0.971364 1.00184 -0.0470901
21.2 0.971286 1.00181 -0.0433235
21.3 0.963871 0.993321 -0.0453685
21.4 0.968095 0.992488 -0.0434635
21.5 0.964359 0.989871 -0.0384095
21.6 0.96872 0.992815 -0.0366169
21.7 0.970352 0.998611 -0.0352062
21.8 0.968548 1.00066 -0.0317443
21.9 0.974973 1.00469 -0.0289637
22 0.981855 1.00892 -0.0260646
22.1 0.977429 1.00956 -0.0298455
22.2 0.978539 1.00332 -0.028525
22.3 0.987387 1.00202 -0.029173
22.4 0.982218 0.996263 -0.0279574
22.5 0.979617 1.00042 -0.0298608
22.6 0.982504 0.998935 -0.028361
22.7 0.98075 1.00704 -0.0259688
22.8 0.977737 1.01125 -0.0251264
22.9 0.977454 1.01121 -0.0262747
23 0.976934 1.01112 -0.0266342
23.1 0.977698 1.00878 -0.0280212
23.2 0.97921 1.00934 -0.0311952
23.3 0.976854 1.0102 -0.0296341
23.4 0.973326 1.01505 -0.0286334
23.5 0.981 1.01485 -0.023988
23.6 0.975416 1.01332 -0.0279662
23.7 0.976588 1.01571 -0.031231
23.8 0.976197 1.00881 -0.0285403
23.9 0.96952 1.01217 -0.0319796
24 0.970827 1.01324 -0.0275676
24.1 0.972518 1.01213 -0.02694
24.2 0.975597 1.01256 -0.0266123
24.3 0.971657 1.01566 -0.0307913
24.4 0.978075 1.01757 -0.0311844
24.5 0.978163 1.01654 -0.0274929
24.6 0.990091 1.02107 -0.027776
24.7 0.99792 1.02326 -0.0314789
24.8 0.999783 1.01648 -0.0294864
24.9 0.999837 1.00965 -0.0320486
25 0.996362 1.00782 -0.0308903
25.1 0.990822 1.01183 -0.0298401
25.2 0.98781 1.00669 -0.028183
25.3 0.986843 1.00166 -0.0311759
25.4 0.9802 0.999005 -0.0297919
25.5 0.975228 1.00036 -0.0305213
25.6 0.981229 1.00317 -0.0299096
25.7 0.977582 1.00313 -0.0253529
25.8 0.980514 0.99768 -0.0258091
25.9 0.981489 0.998828 -0.0286971
26 0.979602 0.996479 -0.0250083
26.1 0.980253 1.00009 -0.0240332
26.2 0.977827 0.996522 -0.0256037
26.3 0.973505 0.997215 -0.0261531
26.4 0.973599 0.991729 -0.0227447
26.5 0.967993 0.995178 -0.0196699
26.6 0.971883 1.00346 -0.0205699
26.7 0.977787 1.00092 -0.0168371
26.8 0.97718 1.00055 -0.0142221
26.9 0.977978 1.00545 -0.013586
27 0.977134 1.00763 -0.0168968
27.1 0.98163 1.01132 -0.0142889
27.2 0.978919 1.00967 -0.0104156
27.3 0.98175 1.00728 -0.0144853
27.4 0.982831 1.0097 -0.0115584
27.5 0.985241 1.00359 -0.00994528
27.6 0.982546 0.998612 -0.0134658
27.7 0.980742 0.997393 -0.0148052
27.8 0.980326 0.9996 -0.0127592
27.9 0.978076 0.999866 -0.0134678
28 0.974357 1 -0.0131955
28.1 0.981277 1.00095 -0.0145183
28.2 0.983904 1.00227 -0.0141904
28.3 0.989158 1.00077 -0.0168177
28.4 0.985677 1.00525 -0.0152216
28.5 0.990526 1.00257 -0.0134204
28.6 0.989283 1.00148 -0.0143178
28.7 0.988192 1.00339 -0.0119955
28.8 0.986991 1.00455 -0.0140033
28.9 0.984378 1.01028 -0.0162673
29 0.986978 1.01078 -0.0150786
29.1 0.987299 1.00475 -0.0135921
29.2 0.986575 1.00325 -0.0172449
29.3 0.989267 0.997694 -0.0122533
29.4 0.990892 1.0009 -0.0141527
29.5 0.987658 0.996112 -0.0134893
29.6 0.989424 0.998981 -0.010446
29.7 0.992482 0.999128 -0.0121973
29.8 0.991176 1.00578 -0.011951
29.9 0.988761 1.00249 -0.0101683
30 0.988623 1.00907 -0.011722
30.1 0.99106 1.00804 -0.0122421
30.2 0.988076 1.0121 -0.0114093
30.3 0.985913 1.01493 -0.0124471
30.4 0.98886 1.01219 -0.00960367
30.5 0.986653 1.01253 -0.00954922
30.6 0.988476 1.01445 -0.0110649
30.7 0.986702 1.02042 -0.0158069
30.8 0.991074 1.01971 -0.0154941
30.9 0.990157 1.01879 -0.0134374
31 0.991899 1.02143 -0.0134592
31.1 0.993047 1.02036 -0.0134265
31.2 0.992139 1.01617 -0.0156759
31.3 0.992802 1.0139 -0.0159781
31.4 0.992324 1.01765 -0.0184085
31.5 0.995485 1.01647 -0.0227144
31.6 0.989801 1.01368 -0.0216341
31.7 0.99578 1.00419 -0.0218801
31.8 0.995539 1.00253 -0.0197548
31.9 0.996533 1.00168 -0.0172619
32 0.997094 1.00122 -0.0119317
32.1 0.9971 1.0024 -0.00983629
32.2 0.998598 0.99212 -0.0128974
32.3 1.00341 0.991352 -0.0126667
32.4 1.00213 0.993469 -0.0110678
32.5 1.00256 1.00697 -0.00753207
32.6 1.00138 1.00679 -0.00789396
32.7 0.998266 1.00914 -0.0073143
32.8 1.00196 1.00938 -0.00728557
32.9 1.00693 1.01248 -0.00529294
33 1.01002 1.01203 -0.00183888
33.1 1.01493 1.00829 -0.000860822
33.2 1.01071 1.00671 0.00275519
33.3 1.01166 1.00923 0.00140827
33.4 1.01474 1.00939 0.00384929
33.5 1.01416 1.00713 0.00747217
33.6 1.01755 1.01114 0.00937041
33.7 1.02084 1.01161 0.0109751
33.8 1.02613 1.01322 0.0105873
33.9 1.03103 1.01368 0.0101957
34 1.03472 1.01332 0.0113848
34.1 1.03503 1.00913 0.0123989
34.2 1.03645 1.01009 0.0123677
34.3 1.03789 1.01202 0.0118202
34.4 1.03724 1.00631 0.0100502
34.5 1.03638 1.01655 0.00804892
34.6 1.03435 1.01911 0.00462954
34.7 1.03089 1.01987 0.00110835
34.8 1.0311 1.02141 0.00276565
34.9 1.02428 1.02402 0.00656647
35 1.03047 1.01773 0.00469347
35.1 1.03189 1.01965 0.00713088
35.2 1.03676 1.02115 0.00615116
35.3 1.03067 1.0254 0.00767712
35.4 1.03202 1.02257 -0.000945162
35.5 1.03177 1.02159 0.00393148
35.6 1.02603 1.01811 -0.00118118
35.7 1.0273 1.01345 0.000655232
35.8 1.02369 1.00478 0.000417261
35.9 1.02377 1.00065 -0.00238724
36 1.02823 1.00057 -0.00136611
36.1 1.02789 0.997393 -0.000970478
36.2 1.02304 0.9963 -0.00114479
36.3 1.02076 0.995228 -0.00349175
36.4 1.0208 0.997795 -0.00580582
36.5 1.02227 0.997289 -0.00565079
36.6 1.02962 0.995695 -0.00431921
36.7 1.02723 0.988133 -0.00431684
36.8 1.0269 0.990973 0.000106643
36.9 1.0267 0.987827 0.00239516
37 1.02265 0.980665 0.00165662
37.1 1.02231 0.979109 8.32596e-05
37.2 1.02011 0.981243 0.00147556
37.3 1.01749 0.980464 0.000765872
37.4 1.01092 0.982804 0.00375883
37.5 1.00713 0.977748 0.00456163
37.6 1.00944 0.975764 0.00474353
37.7 1.01243 0.975811 0.00393265
37.8 1.01213 0.97655 0.00154109
37.9 1.01668 0.975225 -0.000778717
38 1.01086 0.977172 0.00182748
38.1 1.0063 0.978433 0.00118068
38.2 1.00292 0.97372 -0.00295463
38.3 1.00841 0.972718 0.00101545
38.4 1.01114 0.976788 0.00158034
38.5 1.01076 0.971357 0.00362685
38.6 1.01348 0.968897 0.00709206
38.7 1.01835 0.972838 0.00888214
38.8 1.01673 0.97285 0.0086118
38.9 1.01279 0.974094 0.0107235
39 1.0103 0.971878 0.0109863
39.1 1.0076 0.971309 0.0105165
39.2 1.01161 0.974758 0.0127669
39.3 1.01578 0.969904 0.0114877
39.4 1.01368 0.975974 0.0132338
39.5 1.00951 0.981689 0.00834253
39.6 1.00314 0.98318 0.0116995
39.7 1.00484 0.982208 0.00943672
39.8 1.00632 0.980114 0.00863932
39.9 1.00339 0.981263 0.0067001
40 1.00529 0.982062 0.0023037
40.1 1.00189 0.981234 0.00857905
40.2 1.00152 0.980678 0.00386788
40.3 1.00178 0.985048 0.00223927
40.4 0.994369 0.981454 -0.00115348
40.5 0.991919 0.9815 -0.00442533
40.6 0.987751 0.984424 -0.00299814
40.7 0.987654 0.982782 -0.00227678
40.8 0.987264 0.977771 0.000767937
40.9 0.991973 0.981501 0.00316774
41 0.988823 0.981135 0.00496256
41.1 0.988672 0.983182 0.00569672
41.2 0.994692 0.985694 0.00122765
41.3 0.989862 0.984437 0.00332432
41.4 0.986639 0.982801 0.00359334
41.5 0.981436 0.980065 0.00472361
41.6 0.973456 0.977598 0.00655698
41.7 0.976893 0.981153 0.0113884
41.8 0.977414 0.985969 0.0154404
41.9 0.984801 0.983298 0.0136054
42 0.987932 0.985845 0.0111723
42.1 0.985043 0.986275 0.0112698
42.2 0.982497 0.983795 0.0108508
42.3 0.988956 0.984761 0.00860289
42.4 0.993993 0.981981 0.00962664
42.5 0.992399 0.978367 0.0106394
42.6 0.988056 0.977898 0.0109843
42.7 0.993763 0.978973 0.0114835
42.8 0.991124 0.977899 0.0138589
42.9 0.99307 0.981029 0.0158482
43 0.993914 0.985556 0.0150895
43.1 0.99168 0.983308 0.0188704
43.2 0.993466 0.981541 0.0167775
43.3 0.988364 0.983996 0.0141433
43.4 0.988583 0.988441 0.0160252
43.5 0.984715 0.991521 0.0173083
43.6 0.986879 0.994941 0.0173506
43.7 0.989953 0.998243 0.0160078
43.8 0.98972 0.996267 0.0146655
43.9 0.995354 0.995914 0.0198768
44 0.99444 0.989533 0.018033
44.1 0.993331 0.989492 0.0180931
44.2 0.995467 0.986294 0.0190953
44.3 1.00107 0.986355 0.020185
44.4 1.00195 0.984586 0.0219552
44.5 0.999656 0.982692 0.0212497
44.6 0.99637 0.97797 0.0190893
44.7 0.997628 0.979407 0.0216884
44.8 0.992555 0.980392 0.0212848
44.9 0.991904 0.975548 0.0211371
45 0.988378 0.972817 0.02215
45.1 0.985997 0.971964 0.0191953
45.2 0.987886 0.973933 0.019852
45.3 0.985709 0.973339 0.0192686
45.4 0.987164 0.976735 0.0156429
45.5 0.988339 0.977328 0.0204199
45.6 0.987949 0.976406 0.0234864
45.7 0.99146 0.979199 0.0223011
45.8 0.993898 0.979203 0.0195985
45.9 0.991723 0.979677 0.0182611
46 0.991173 0.981433 0.0200766
46.1 0.987505 0.981249 0.0196218
46.2 0.990699 0.976714 0.0181126
46.3 0.989727 0.978893 0.0158172
46.4 0.985627 0.974869 0.0160125
46.5 0.987317 0.977839 0.0144312
46.6 0.988511 0.978371 0.0151304
46.7 0.991954 0.981326 0.0183202
46.8 0.993482 0.984265 0.0184915
46.9 0.993565 0.983852 0.0213713
47 0.991121 0.983083 0.020464
47.1 0.992726 0.986231 0.0258231
47.2 0.987252 0.985389 0.0250239
47.3 0.990552 0.987668 0.0207185
47.4 0.989941 0.989302 0.0189352
47.5 0.986638 0.984624 0.0178508
47.6 0.985461 0.98048 0.0165496
47.7 0.986948 0.980653 0.0180195
47.8 0.987966 0.982312 0.0158317
47.9 0.987806 0.985658 0.017425
48 0.9901 0.988764 0.0191255
48.1 0.985413 0.987533 0.0179959
48.2 0.98839 0.988319 0.0175686
48.3 0.98641 0.991069 0.0192266
48.4 0.980681 0.995129 0.0199199
48.5 0.977994 0.998423 0.0167682
48.6 0.978153 1.00217 0.0182078
48.7 0.976563 1.00244 0.0191146
48.8 0.9746 0.999816 0.0199247
48.9 0.969334 1.00044 0.0198377
49 0.969178 1.00239 0.0197187
49.1 0.971238 0.999455 0.0192515
49.2 0.970679 1.00285 0.0196411
49.3 0.969586 1.0031 0.0181224
49.4 0.97046 0.998731 0.0169118
49.5 0.971067 0.999206 0.0228189
49.6 0.971807 1.00011 0.0230134
49.7 0.971584 1.00389 0.0233527
49.8 0.97099 1.00333 0.0252516
49.9 0.969525 0.998381 0.028594
50 0.969532 0.992127 0.0288349
50.1 0.969878 0.991839 0.0293002
50.2 0.969418 0.993899 0.0287995
50.3 0.971788 0.992562 0.0273236
50.4 0.971634 0.988385 0.0272668
50.5 0.977174 0.993065 0.0262976
50.6 0.977288 0.993729 0.027065
50.7 0.979952 0.995802 0.0291193
50.8 0.977436 0.994093 0.0301075
50.9 0.975727 0.990283 0.0312843
51 0.974661 0.99195 0.0319906
51.1 0.973304 0.983683 0.0339576
51.2 0.97222 0.984445 0.0362704
51.3 0.974068 0.976192 0.0346898
51.4 0.969067 0.974751 0.034322
51.5 0.974633 0.976264 0.0331259
51.6 0.973444 0.975682 0.0372758
51.7 0.970347 0.976214 0.0376018
51.8 0.969898 0.977165 0.0371394
51.9 0.973836 0.977513 0.0368709
52 0.97123 0.978291 0.0380715
52.1 0.97131 0.977671 0.0403243
52.2 0.973093 0.980102 0.0432036
52.3 0.968413 0.978442 0.0431051
52.4 0.970896 0.976597 0.0402789
52.5 0.967369 0.974326 0.0384179
52.6 0.968454 0.973731 0.0396254
52.7 0.965737 0.977403 0.0390002
52.8 0.968442 0.978274 0.0392601
52.9 0.970346 0.97564 0.0386017
53 0.973248 0.97456 0.0351063
53.1 0.973163 0.978343 0.0334516
53.2 0.976478 0.977889 0.0321049
53.3 0.97773 0.978531 0.0338328
53.4 0.974531 0.977899 0.0334529
53.5 0.970628 0.977168 0.0332782
53.6 0.973139 0.974438 0.034007
53.7 0.974798 0.974012 0.0312511
53.8 0.97225 0.971266 0.0267227
53.9 0.97658 0.97372 0.0297822
54 0.975536 0.972104 0.0258635
54.1 0.97422 0.969751 0.0285735
54.2 0.976855 0.96914 0.0258724
54.3 0.977876 0.972253 0.031931
54.4 0.979398 0.974896 0.0311218
54.5 0.982507 0.977374 0.0322056
54.6 0.979283 0.976845 0.0336616
54.7 0.980404 0.975665 0.0349051
54.8 0.980257 0.974023 0.0330531
54.9 0.97902 0.977466 0.0334111
55 0.982697 0.96964 0.0319699
55.1 0.981084 0.973372 0.0314548
55.2 0.980974 0.973522 0.0351787
55.3 0.9794 0.973026 0.0346176
55.4 0.97933 0.970308 0.0381189
55.5 0.976648 0.971006 0.0400078
55.6 0.975845 0.970426 0.041537
55.7 0.974036 0.971014 0.0429293
55.8 0.973092 0.970681 0.0457954
55.9 0.973414 0.969819 0.0435769
56 0.972298 0.971366 0.0459396
56.1 0.973821 0.965379 0.0431854
56.2 0.966773 0.966781 0.0444058
56.3 0.965338 0.964702 0.0461607
56.4 0.96523 0.966323 0.0495775
56.5 0.966702 0.965823 0.0470824
56.6 0.968346 0.966753 0.0489398
56.7 0.965741 0.969106 0.0481814
56.8 0.962186 0.97274 0.0505559
56.9 0.959615 0.978396 0.0510136
57 0.963697 0.981707 0.0512045
57.1 0.964781 0.979347 0.0507695
57.2 0.965179 0.977481 0.0507886
57.3 0.964718 0.977562 0.052437
57.4 0.965389 0.971532 0.0525703
57.5 0.964969 0.97405 0.0528053
57.6 0.963863 0.971539 0.0541644
57.7 0.96467 0.973351 0.0526181
57.8 0.965955 0.972367 0.0503281
57.9 0.966357 0.968467 0.0513626
58 0.96882 0.966572 0.0528742
58.1 0.971316 0.969426 0.0506527
58.2 0.969867 0.968702 0.0538318
58.3 0.972992 0.969401 0.0508164
58.4 0.972496 0.967952 0.0502063
58.5 0.974972 0.96841 0.0480108
58.6 0.979443 0.963346 0.0501066
58.7 0.984362 0.9586 0.0508499
58.8 0.983829 0.959721 0.0509553
58.9 0.984867 0.959667 0.0496391
59 0.984629 0.96082 0.0507976
59.1 0.985829 0.961338 0.049666
59.2 0.985033 0.957528 0.0509826
59.3 0.980955 0.957849 0.0523115
59.4 0.98118 0.958847 0.0547627
59.5 0.982129 0.957154 0.0537565
59.6 0.982396 0.955685 0.0533202
59.7 0.98084 0.956554 0.0515984
59.8 0.984815 0.955265 0.0534969
59.9 0.987018 0.957444 0.0545347
60 0.988701 0.960084 0.0521293
60.1 0.984578 0.962733 0.050975
60.2 0.987526 0.961789 0.0510461
60.3 0.986755 0.963469 0.0516632
60.4 0.988623 0.960325 0.0520252
60.5 0.985687 0.959565 0.0522995
60.6 0.984916 0.964462 0.0552893
60.7 0.985227 0.96493 0.0543543
60.8 0.986824 0.966354 0.0522063
60.9 0.989691 0.968214 0.0533069
61 0.992115 0.967257 0.0507616
61.1 0.992877 0.965904 0.0536509
61.2 0.990477 0.966923 0.05303
61.3 0.992941 0.969875 0.0542096
61.4 0.99248 0.970179 0.0538564
61.5 0.992599 0.973439 0.0551437
61.6 0.992294 0.976241 0.0490489
61.7 0.988268 0.975531 0.0469454
61.8 0.987869 0.975525 0.0466346
61.9 0.989051 0.975821 0.0467717
62 0.986681 0.973284 0.0433912
62.1 0.982836 0.968655 0.0412391
62.2 0.978206 0.969392 0.0410999
62.3 0.981057 0.967849 0.0438266
62.4 0.975699 0.970532 0.0400509
62.5 0.976291 0.970629 0.0423142
62.6 0.972784 0.970557 0.0437343
62.7 0.970427 0.971895 0.0452308
62.8 0.97165 0.971899 0.0463153
62.9 0.976412 0.970241 0.0456975
63 0.979984 0.965373 0.045864
63.1 0.976757 0.966172 0.0457921
63.2 0.976693 0.967846 0.0487927
63.3 0.976842 0.968929 0.0497632
63.4 0.977532 0.967357 0.0529795
63.5 0.977738 0.964917 0.049457
63.6 0.977073 0.967811 0.0476036
63.7 0.980595 0.968848 0.0489345
63.8 0.982292 0.970127 0.0518619
63.9 0.981652 0.967441 0.0513041
64 0.980389 0.966695 0.0492549
64.1 0.977702 0.967337 0.0486238
64.2 0.978972 0.966608 0.048008
64.3 0.980941 0.964781 0.0521844
64.4 0.982052 0.968266 0.055649
64.5 0.981775 0.965283 0.0534838
64.6 0.984435 0.965503 0.0518498
64.7 0.981927 0.965225 0.0523323
64.8 0.982657 0.965194 0.0529636
64.9 0.984774 0.960489 0.0499756
65 0.98809 0.961288 0.0502638
65.1 0.98759 0.964113 0.0484803
65.2 0.986175 0.959841 0.0505194
65.3 0.980974 0.961157 0.0495479
65.4 0.980247 0.962563 0.0472625
65.5 0.97877 0.95953 0.0453046
65.6 0.977369 0.959484 0.0476374
65.7 0.979841 0.956829 0.0447518
65.8 0.981889 0.95781 0.0447763
65.9 0.980413 0.957532 0.0438491
66 0.980366 0.960847 0.0455986
66.1 0.98107 0.958981 0.0434815
66.2 0.979604 0.959937 0.0418513
66.3 0.982477 0.96296 0.043433
66.4 0.988755 0.960357 0.0431694
66.5 0.986296 0.961033 0.0429882
66.6 0.992867 0.962004 0.0444246
66.7 0.990328 0.959472 0.0438565
66.8 0.987344 0.958849 0.0446891
66.9 0.985035 0.956603 0.0476083
67 0.986639 0.952531 0.0483528
67.1 0.983678 0.954216 0.04607
67.2 0.981073 0.955832 0.0475275
67.3 0.979121 0.95714 0.0462282
67.4 0.977148 0.957023 0.0440716
67.5 0.976983 0.957361 0.0448315
67.6 0.976893 0.955996 0.0469842
67.7 0.976299 0.956108 0.0472021
67.8 0.974005 0.951046 0.043834
67.9 0.978466 0.951486 0.0445339
68 0.975855 0.952351 0.0441914
68.1 0.977841 0.955307 0.0434852
68.2 0.979752 0.956737 0.0439566
68.3 0.983226 0.955741 0.0453702
68.4 0.980906 0.959623 0.0453166
68.5 0.980208 0.95913 0.0509693
68.6 0.986818 0.960113 0.0513189
68.7 0.987451 0.959273 0.0513149
68.8 0.990934 0.960415 0.0518749
68.9 0.986536 0.963408 0.0561672
69 0.989081 0.966363 0.0554694
69.1 0.986165 0.970888 0.0536928
69.2 0.987655 0.975093 0.0538423
69.3 0.98874 0.974217 0.054175
69.4 0.98613 0.974017 0.0540651
69.5 0.989574 0.976044 0.054849
69.6 0.99161 0.976883 0.0546751
69.7 0.993103 0.975835 0.0523683
69.8 0.994312 0.976849 0.0526339
69.9 0.99695 0.978969 0.0523723
70 0.992403 0.976796 0.0539844
70.1 0.993367 0.979106 0.0559891
70.2 0.989494 0.976054 0.057113
70.3 0.987054 0.973815 0.0554286
70.4 0.985379 0.977655 0.0553491
70.5 0.986982 0.979046 0.054049
70.6 0.983954 0.976717 0.0561183
70.7 0.984464 0.975977 0.0573615
70.8 0.983224 0.976156 0.0553847
70.9 0.984306 0.974361 0.0551496
71 0.98854 0.974367 0.0574296
71.1 0.988332 0.97275 0.0571743
71.2 0.98914 0.969443 0.0555461
71.3 0.989026 0.967233 0.0563873
71.4 0.991831 0.969441 0.0559789
71.5 0.99063 0.967611 0.0540088
71.6 0.994557 0.969536 0.0528148
71.7 0.993979 0.972361 0.0533364
71.8 0.996131 0.972864 0.0507634
71.9 0.993075 0.972684 0.0509614
72 0.995469 0.974079 0.0507289
72.1 0.997677 0.973733 0.049629
72.2 0.996893 0.976354 0.0495427
72.3 1.00021 0.975805 0.0492217
72.4 0.997161 0.972482 0.0493231
72.5 0.994745 0.969509 0.0507143
72.6 0.99403 0.966436 0.0482126
72.7 0.998284 0.962985 0.0472683
72.8 1.00089 0.962859 0.0489887
72.9 1.00351 0.966441 0.0504705
73 1.00224 0.96377 0.0509596
73.1 1.00195 0.963852 0.0523295
73.2 1.00039 0.966011 0.0535011
73.3 1.00194 0.968051 0.0537572
73.4 1.00433 0.966938 0.0532317
73.5 1.00636 0.966505 0.0528916
73.6 1.00867 0.967117 0.0550733
73.7 1.00953 0.965593 0.0553031
73.8 1.00918 0.963906 0.0531441
73.9 1.00858 0.964691 0.0536513
74 1.00887 0.96622 0.0539793
74.1 1.00764 0.963785 0.0505558
74.2 1.01029 0.966395 0.0502522
74.3 1.01359 0.965852 0.0525007
74.4 1.00979 0.966629 0.0538486
74.5 1.01266 0.972087 0.0544528
74.6 1.0119 0.972663 0.0540551
74.7 1.01075 0.9709 0.0533424
74.8 1.00814 0.968035 0.0554386
74.9 1.00656 0.974523 0.0555597
75 1.00712 0.972737 0.0582477
75.1 1.00877 0.972955 0.0567294
75.2 1.01018 0.972106 0.0561211
75.3 1.01156 0.97354 0.0577345
75.4 1.01285 0.971769 0.0544322
75.5 1.01873 0.97376 0.0562017
75.6 1.01524 0.973935 0.056893
75.7 1.01461 0.976461 0.054574
75.8 1.01675 0.974876 0.0533282
75.9 1.01308 0.969524 0.0539633
76 1.01408 0.967417 0.053368
76.1 1.01551 0.967774 0.0514576
76.2 1.01427 0.970081 0.0517529
76.3 1.01481 0.97319 0.0530289
76.4 1.01314 0.972691 0.0521298
76.5 1.0107 0.975577 0.05351
76.6 1.01439 0.971282 0.0535203
76.7 1.01366 0.974957 0.0548464
76.8 1.01511 0.972964 0.0539149
76.9 1.01736 0.971847 0.0541193
77 1.01602 0.974166 0.0558834
77.1 1.01414 0.973724 0.0524206
77.2 1.01482 0.97522 0.0535083
77.3 1.01469 0.973907 0.0538712
77.4 1.01421 0.97458 0.0535869
77.5 1.01293 0.975846 0.0510518
77.6 1.0107 0.975136 0.0519074
77.7 1.0085 0.976122 0.0529522
77.8 1.00704 0.975915 0.0527331
77.9 1.0085 0.969963 0.0575311
78 1.00732 0.970662 0.056115
78.1 1.00482 0.971656 0.0585743
78.2 1.00556 0.973458 0.0595487
78.3 1.00356 0.97298 0.0573501
78.4 1.00449 0.975549 0.0564873
78.5 1.00404 0.974532 0.0596399
78.6 1.00241 0.976544 0.0584898
78.7 0.999894 0.97868 0.0590911
78.8 0.999725 0.974462 0.0568465
78.9 0.996388 0.97699 0.0567296
79 0.995974 0.980357 0.0580709
79.1 0.99429 0.981771 0.0557924
79.2 0.99523 0.982948 0.05698
79.3 0.994787 0.981263 0.057826
79.4 0.996753 0.982653 0.0561423
79.5 0.996909 0.981804 0.0548497
79.6 0.995596 0.984766 0.0582967
79.7 0.993314 0.985025 0.056783
79.8 0.994048 0.988607 0.0574018
79.9 0.996321 0.986767 0.0567606
80 0.993246 0.986895 0.0561566
80.1 0.993125 0.985561 0.0547717
80.2 0.995805 0.980598 0.054993
80.3 0.997445 0.978387 0.0556711
80.4 0.998264 0.983049 0.0572914
80.5 0.996213 0.984132 0.0563168
80.6 0.993538 0.983993 0.0558887
80.7 0.998311 0.981097 0.0550876
80.8 0.997083 0.981662 0.0553229
80.9 0.996372 0.980081 0.0561479
81 0.993847 0.978381 0.0563092
81.1 0.992212 0.976725 0.0540637
81.2 0.995441 0.978947 0.0536078
81.3 0.994472 0.976828 0.0580604
81.4 0.998733 0.979841 0.0590867
81.5 1.00012 0.981398 0.0603342
81.6 1.00103 0.982019 0.0568247
81.7 1.00029 0.98768 0.0568758
81.8 0.997297 0.98596 0.0565422
81.9 0.997319 0.987376 0.0585249
82 0.998734 0.986531 0.0592318
82.1 0.998894 0.986394 0.0612826
82.2 0.998299 0.990352 0.0615388
82.3 0.996873 0.989257 0.0601038
82.4 0.999244 0.986634 0.0577182
82.5 0.999464 0.984867 0.0594891
82.6 0.996582 0.985605 0.0582002
82.7 0.996128 0.987115 0.0588506
82.8 0.997579 0.986495 0.0591088
82.9 0.997739 0.986651 0.0588013
83 0.997143 0.986362 0.0563632
83.1 1.00137 0.979632 0.0551651
83.2 1.00241 0.98318 0.0535624
83.3 1.00009 0.984724 0.0528664
83.4 1.00001 0.984627 0.0495379
83.5 1.00309 0.985315 0.0488684
83.6 1.00106 0.983111 0.0483217
83.7 0.999504 0.984197 0.0475257
83.8 1.00011 0.987274 0.0458043
83.9 1.00203 0.986513 0.0465447
84 1.00264 0.983231 0.0458486
84.1 1.00086 0.983078 0.0422098
84.2 0.996175 0.981939 0.0408727
84.3 0.992861 0.97939 0.0404725
84.4 0.997371 0.975758 0.0401429
84.5 0.998267 0.972796 0.0402124
84.6 1.00045 0.972477 0.0397434
84.7 0.999301 0.973928 0.0400348
84.8 0.997685 0.974958 0.0398264
84.9 0.996793 0.969344 0.0393046
85 0.997405 0.971414 0.0420931
85.1 0.996219 0.966067 0.0405946
85.2 0.997615 0.965342 0.0385815
85.3 0.999344 0.963074 0.0385651
85.4 1.00037 0.967634 0.0411007
85.5 1.0006 0.968889 0.0400874
85.6 1.00272 0.965761 0.0422131
85.7 1.00502 0.96453 0.0387131
85.8 1.00421 0.964357 0.0375624
85.9 1.00151 0.963184 0.0371852
86 1.00418 0.959921 0.0393272
86.1 1.00698 0.958466 0.0364748
86.2 1.00909 0.955586 0.0386092
86.3 1.01069 0.954728 0.0399275
86.4 1.01075 0.954876 0.0401642
86.5 1.00908 0.956805 0.0389338
86.6 1.0095 0.957509 0.0394108
86.7 1.01227 0.952139 0.0380718
86.8 1.01509 0.948616 0.0374555
86.9 1.01107 0.952767 0.0374694
87 1.01112 0.954313 0.037672
87.1 1.01145 0.956552 0.0363853
87.2 1.01455 0.958046 0.0342783
87.3 1.01463 0.957782 0.0347386
87.4 1.01332 0.958248 0.0364709
87.5 1.00969 0.9581 0.0405834
87.6 1.00701 0.958182 0.0399832
87.7 1.00454 0.95739 0.0417257
87.8 1.00639 0.956121 0.040379
87.9 1.00551 0.954942 0.0407131
88 1.00399 0.95272 0.0390908
88.1 1.00714 0.947938 0.0391139
88.2 1.00774 0.947084 0.0388996
88.3 1.00739 0.94973 0.0385119
88.4 1.00872 0.950028 0.0403038
88.5 1.00378 0.948736 0.0400698
88.6 1.00435 0.951663 0.0405542
88.7 1.00074 0.948799 0.0392254
88.8 1.00029 0.949495 0.0403195
88.9 1.00135 0.950952 0.0409143
89 1.00202 0.954674 0.0397776
89.1 0.999005 0.955133 0.0392648
89.2 0.995484 0.954672 0.0369231
89.3 0.996454 0.958812 0.0358182
89.4 0.996361 0.960588 0.035593
89.5 0.997539 0.962649 0.0355488
89.6 1.00179 0.964964 0.0380191
89.7 0.998545 0.965467 0.039731
89.8 0.994204 0.965892 0.0371468
89.9 0.992256 0.967275 0.0366642
90 0.994257 0.964501 0.0385501
90.1 0.99421 0.965448 0.0398283
90.2 0.994688 0.964115 0.040668
90.3 0.99177 0.962353 0.0410665
90.4 0.993722 0.960987 0.0417814
90.5 0.992671 0.962078 0.0434978
90.6 0.99388 0.964642 0.0434666
90.7 0.992011 0.962958 0.0436918
90.8 0.98983 0.96428 0.0460538
90.9 0.986887 0.961977 0.0462604
91 0.98477 0.963892 0.0454296
91.1 0.985183 0.957828 0.0445312
91.2 0.981142 0.957248 0.0452709
91.3 0.983279 0.957451 0.0464898
91.4 0.980663 0.959362 0.0452895
91.5 0.98115 0.962314 0.0469982
91.6 0.980334 0.958201 0.0486119
91.7 0.97482 0.955862 0.0477505
91.8 0.973579 0.958282 0.0476856
91.9 0.973884 0.95734 0.0456381
92 0.971372 0.956193 0.0457531
92.1 0.972039 0.95928 0.0451715
92.2 0.97383 0.961302 0.0465945
92.3 0.975556 0.966353 0.0477737
92.4 0.977484 0.96471 0.0481639
92.5 0.980097 0.967793 0.048959
92.6 0.976522 0.964061 0.0466789
92.7 0.97821 0.96502 0.047021
92.8 0.978269 0.96512 0.0465283
92.9 0.978129 0.967892 0.0464482
93 0.981004 0.966063 0.0465974
93.1 0.979017 0.964218 0.0452181
93.2 0.979718 0.963821 0.043854
93.3 0.976974 0.961743 0.0463375
93.4 0.975034 0.959324 0.0448287
93.5 0.973301 0.960955 0.0448684
93.6 0.973494 0.960138 0.0457049
93.7 0.975474 0.957691 0.0452454
93.8 0.979758 0.956391 0.0446311
93.9 0.980789 0.960436 0.0426344
94 0.983907 0.963394 0.0430621
94.1 0.982131 0.9617 0.0392503
94.2 0.98178 0.963669 0.040794
94.3 0.983462 0.962958 0.0389281
94.4 0.982872 0.96313 0.0395327
94.5 0.986901 0.961671 0.0395375
94.6 0.985473 0.962353 0.0405782
94.7 0.985816 0.961212 0.0411864
94.8 0.985336 0.959222 0.0406094
94.9 0.987863 0.958777 0.0396576
95 0.984644 0.962249 0.0385278
95.1 0.984883 0.962314 0.0380443
95.2 0.983338 0.962362 0.0382985
95.3 0.985704 0.96014 0.0382387
95.4 0.98387 0.962371 0.0381945
95.5 0.984166 0.963792 0.0398463
95.6 0.984262 0.963406 0.0395492
95.7 0.982044 0.963246 0.0413304
95.8 0.9844 0.962395 0.0390613
95.9 0.983991 0.964108 0.0399304
96 0.987871 0.963038 0.0421144
96.1 0.989651 0.962604 0.0446047
96.2 0.988156 0.962658 0.0470883
96.3 0.989 0.962626 0.0464766
96.4 0.987062 0.965109 0.0468693
96.5 0.989503 0.964799 0.0457369
96.6 0.990285 0.964831 0.0464663
96.7 0.993527 0.969081 0.0472588
96.8 0.996441 0.974023 0.0487145
96.9 0.993342 0.973063 0.0475479
97 0.995399 0.971901 0.0464672
97.1 0.996317 0.973719 0.0451032
97.2 0.995067 0.972025 0.0471767
97.3 0.995395 0.97062 0.0486154
97.4 0.997804 0.973968 0.0494855
97.5 0.999024 0.971419 0.0492086
97.6 0.99853 0.975045 0.0486576
97.7 0.99807 0.973933 0.0484812
97.8 0.998418 0.971701 0.0487161
97.9 0.999273 0.972406 0.0483617
98 1.00242 0.973135 0.0476474
98.1 1.00193 0.970275 0.0481089
98.2 1.00558 0.97133 0.0472862
98.3 1.00769 0.969156 0.047976
98.4 1.00748 0.970345 0.0487806
98.5 1.00498 0.968772 0.0473309
98.6 1.00664 0.968859 0.0496541
98.7 1.01005 0.969908 0.0497115
98.8 1.01196 0.970355 0.0488066
98.9 1.01216 0.969765 0.0465262
99 1.01199 0.968988 0.0465308
99.1 1.01421 0.971004 0.0475521
99.2 1.01198 0.973944 0.0480624
99.3 1.01078 0.975664 0.045988
99.4 1.00664 0.976748 0.0449111
99.5 1.00673 0.979414 0.0432196
99.6 1.00202 0.979964 0.0443061
99.7 1.00268 0.980463 0.043051
99.8 1.00274 0.981146 0.0421787
99.9 1.00015 0.982161 0.0416929
