0 10
1 20
2 30
3 40
4 50
5 60
6 70
7 80
8 90
9 100
10 110
11 120
12 130
13 140
14 150
15 160
16 170
17 180
18 190
19 200
20 210
21 220
22 230
23 240
24 250
25 260
26 270
27 280
28 290
29 300
30 310
31 320
32 330
33 340
34 350
35 360
36 370
37 380
38 390
39 400
40 410
41 420
42 430
43 440
44 450
45 460
46 470
47 479
48 489
49 499
50 508
51 518
52 528
53 538
54 548
55 558
56 568
57 578
58 588
59 598
60 608
61 618
62 628
63 638
64 648
65 658
66 668
67 677
68 687
69 697
70 706
71 715
72 724
73 734
74 743
75 752
76 761
77 771
78 781
79 791
80 799
81 808
82 816
83 826
84 836
85 846
86 855
87 865
88 875
89 884
90 892
91 902
92 912
93 921
94 931
95 941
96 951
97 961
98 970
99 980
100 990
101 999
102 1008
103 1017
104 1025
105 1033
106 1043
107 1053
108 1062
109 1071
110 1081
111 1091
112 1099
113 1108
114 1117
115 1125
116 1135
117 1145
118 1154
119 1162
120 1170
121 1177
122 1185
123 1193
124 1200
125 1209
126 1219
127 1229
128 1239
129 1249
130 1258
131 1268
132 1278
133 1288
134 1296
135 1305
136 1314
137 1323
138 1332
139 1341
140 1350
141 1358
142 1367
143 1375
144 1381
145 1389
146 1399
147 1407
148 1416
149 1425
150 1433
151 1441
152 1447
153 1456
154 1464
155 1471
156 1478
157 1485
158 1495
159 1504
160 1512
161 1522
162 1531
163 1540
164 1550
165 1559
166 1567
167 1575
168 1584
169 1593
170 1601
171 1607
172 1616
173 1624
174 1629
175 1635
176 1645
177 1654
178 1662
179 1672
180 1679
181 1685
182 1694
183 1702
184 1711
185 1720
186 1727
187 1735
188 1744
189 1751
190 1758
191 1765
192 1769
193 1778
194 1786
195 1794
196 1799
197 1808
198 1818
199 1827
200 1836
201 1840
202 1849
203 1857
204 1866
205 1873
206 1881
207 1889
208 1898
209 1907
210 1912
211 1919
212 1927
213 1934
214 1943
215 1951
216 1959
217 1967
218 1976
219 1983
220 1988
221 1996
222 2004
223 2013
224 2021
225 2026
226 2033
227 2041
228 2048
229 2052
230 2058
231 2067
232 2076
233 2084
234 2093
235 2101
236 2110
237 2117
238 2125
239 2130
240 2136
241 2140
242 2150
243 2155
244 2160
245 2166
246 2173
247 2182
248 2191
249 2197
250 2201
251 2209
252 2216
253 2225
254 2233
255 2241
256 2248
257 2254
258 2262
259 2268
260 2275
261 2281
262 2288
263 2290
264 2298
265 2301
266 2309
267 2316
268 2320
269 2326
270 2334
271 2339
272 2348
273 2352
274 2360
275 2368
276 2376
277 2383
278 2391
279 2396
280 2403
281 2410
282 2416
283 2420
284 2425
285 2431
286 2435
287 2441
288 2448
289 2455
290 2460
291 2467
292 2473
293 2480
294 2485
295 2493
296 2502
297 2509
298 2510
299 2518
300 2525
301 2527
302 2529
303 2534
304 2543
305 2547
306 2549
307 2556
308 2560
309 2566
310 2574
311 2579
312 2584
313 2589
314 2595
315 2601
316 2608
317 2614
318 2618
319 2626
320 2632
321 2639
322 2642
323 2647
324 2656
325 2655
326 2661
327 2661
328 2666
329 2673
330 2682
331 2687
332 2696
333 2700
334 2705
335 2706
336 2715
337 2722
338 2727
339 2735
340 2742
341 2751
342 2757
343 2760
344 2769
345 2774
346 2781
347 2790
348 2794
349 2803
350 2808
351 2813
352 2817
353 2823
354 2830
355 2832
356 2837
357 2841
358 2845
359 2849
360 2851
361 2855
362 2862
363 2867
364 2870
365 2875
366 2881
367 2890
368 2894
369 2899
370 2902
371 2909
372 2915
373 2914
374 2921
375 2923
376 2929
377 2935
378 2937
379 2939
380 2944
381 2950
382 2955
383 2958
384 2962
385 2966
386 2973
387 2975
388 2981
389 2988
390 2996
391 3000
392 3008
393 3012
394 3021
395 3024
396 3031
397 3032
398 3039
399 3046
400 3051
401 3058
402 3066
403 3071
404 3077
405 3079
406 3081
407 3088
408 3092
409 3096
410 3100
411 3104
412 3110
413 3112
414 3117
415 3122
416 3122
417 3128
418 3131
419 3139
420 3144
421 3146
422 3148
423 3155
424 3159
425 3164
426 3171
427 3181
428 3189
429 3194
430 3198
431 3199
432 3203
433 3206
434 3209
435 3212
436 3220
437 3225
438 3230
439 3236
440 3242
441 3246
442 3246
443 3249
444 3254
445 3257
446 3259
447 3263
448 3269
449 3274
450 3278
451 3281
452 3283
453 3289
454 3294
455 3299
456 3300
457 3308
458 3314
459 3322
460 3328
461 3335
462 3331
463 3335
464 3338
465 3345
466 3348
467 3354
468 3360
469 3364
470 3370
471 3368
472 3374
473 3376
474 3383
475 3389
476 3391
477 3394
478 3399
479 3404
480 3411
481 3415
482 3420
483 3422
484 3427
485 3428
486 3434
487 3438
488 3444
489 3442
490 3445
491 3450
492 3450
493 3452
494 3454
495 3458
496 3464
497 3471
498 3472
499 3480
500 3479
501 3483
502 3486
503 3488
504 3490
505 3491
506 3496
507 3500
508 3506
509 3513
510 3518
511 3521
512 3527
513 3527
514 3532
515 3529
516 3534
517 3535
518 3539
519 3540
520 3541
521 3544
522 3547
523 3548
524 3553
525 3559
526 3567
527 3574
528 3578
529 3579
530 3577
531 3579
532 3580
533 3581
534 3586
535 3587
536 3588
537 3590
538 3595
539 3595
540 3599
541 3600
542 3605
543 3608
544 3607
545 3615
546 3618
547 3620
548 3622
549 3627
550 3631
551 3632
552 3636
553 3638
554 3642
555 3649
556 3653
557 3659
558 3658
559 3662
560 3666
561 3670
562 3671
563 3675
564 3681
565 3683
566 3686
567 3689
568 3691
569 3699
570 3700
571 3705
572 3707
573 3712
574 3718
575 3723
576 3722
577 3722
578 3725
579 3725
580 3724
581 3725
582 3728
583 3727
584 3727
585 3733
586 3740
587 3745
588 3743
589 3752
590 3756
591 3761
592 3767
593 3774
594 3780
595 3778
596 3777
597 3778
598 3778
599 3777
600 3779
601 3784
602 3785
603 3791
604 3795
605 3797
606 3800
607 3806
608 3809
609 3810
610 3808
611 3810
612 3815
613 3821
614 3820
615 3818
616 3819
617 3823
618 3827
619 3826
620 3830
621 3832
622 3834
623 3834
624 3836
625 3838
626 3836
627 3838
628 3837
629 3843
630 3842
631 3846
632 3850
633 3858
634 3858
635 3862
636 3867
637 3868
638 3874
639 3876
640 3878
641 3878
642 3875
643 3875
644 3880
645 3888
646 3886
647 3887
648 3889
649 3892
650 3894
651 3894
652 3899
653 3905
654 3912
655 3913
656 3919
657 3920
658 3918
659 3922
660 3920
661 3921
662 3926
663 3931
664 3932
665 3937
666 3933
667 3933
668 3932
669 3930
670 3927
671 3925
672 3926
673 3926
674 3922
675 3926
676 3931
677 3936
678 3939
679 3941
680 3941
681 3945
682 3947
683 3950
684 3951
685 3952
686 3958
687 3962
688 3964
689 3969
690 3975
691 3976
692 3976
693 3978
694 3978
695 3979
696 3983
697 3988
698 3992
699 3988
700 3985
701 3990
702 3990
703 3996
704 3996
705 3994
706 3992
707 3999
708 4000
709 4006
710 4011
711 4014
712 4019
713 4026
714 4031
715 4035
716 4039
717 4041
718 4046
719 4046
720 4047
721 4046
722 4049
723 4052
724 4055
725 4056
726 4058
727 4060
728 4064
729 4068
730 4075
731 4079
732 4080
733 4081
734 4084
735 4086
736 4092
737 4092
738 4094
739 4099
740 4099
741 4103
742 4106
743 4109
744 4117
745 4120
746 4117
747 4118
748 4120
749 4120
750 4125
751 4131
752 4129
753 4134
754 4131
755 4134
756 4135
757 4136
758 4139
759 4139
760 4138
761 4141
762 4145
763 4149
764 4154
765 4158
766 4161
767 4162
768 4166
769 4168
770 4174
771 4175
772 4179
773 4184
774 4186
775 4186
776 4189
777 4191
778 4195
779 4195
780 4199
781 4201
782 4205
783 4211
784 4210
785 4212
786 4211
787 4212
788 4217
789 4221
790 4221
791 4221
792 4221
793 4219
794 4224
795 4228
796 4232
797 4238
798 4241
799 4239
800 4243
801 4248
802 4254
803 4255
804 4253
805 4259
806 4259
807 4259
808 4262
809 4261
810 4260
811 4261
812 4264
813 4267
814 4272
815 4271
816 4271
817 4278
818 4282
819 4283
820 4282
821 4285
822 4284
823 4282
824 4286
825 4282
826 4281
827 4282
828 4284
829 4290
830 4291
831 4291
832 4295
833 4301
834 4299
835 4301
836 4300
837 4304
838 4303
839 4305
840 4310
841 4310
842 4317
843 4319
844 4317
845 4321
846 4321
847 4321
848 4318
849 4321
850 4327
851 4327
852 4330
853 4335
854 4333
855 4327
856 4332
857 4338
858 4342
859 4342
860 4348
861 4349
862 4346
863 4348
864 4343
865 4343
866 4342
867 4339
868 4341
869 4344
870 4339
871 4338
872 4342
873 4341
874 4344
875 4350
876 4346
877 4350
878 4356
879 4355
880 4361
881 4364
882 4369
883 4371
884 4370
885 4369
886 4372
887 4374
888 4376
889 4374
890 4378
891 4383
892 4384
893 4385
894 4389
895 4391
896 4393
897 4397
898 4402
899 4405
900 4412
901 4416
902 4418
903 4418
904 4422
905 4417
906 4416
907 4422
908 4421
909 4424
910 4427
911 4419
912 4420
913 4425
914 4421
915 4424
916 4427
917 4424
918 4423
919 4421
920 4426
921 4425
922 4423
923 4428
924 4433
925 4429
926 4432
927 4434
928 4441
929 4446
930 4453
931 4451
932 4450
933 4449
934 4449
935 4448
936 4448
937 4447
938 4446
939 4455
940 4452
941 4455
942 4455
943 4454
944 4453
945 4453
946 4456
947 4455
948 4457
949 4455
950 4454
951 4450
952 4448
953 4448
954 4451
955 4453
956 4448
957 4446
958 4450
959 4454
960 4455
961 4452
962 4453
963 4454
964 4455
965 4462
966 4459
967 4459
968 4456
969 4455
970 4460
971 4458
972 4462
973 4466
974 4466
975 4468
976 4473
977 4474
978 4475
979 4477
980 4480
981 4480
982 4483
983 4484
984 4486
985 4488
986 4484
987 4488
988 4493
989 4488
990 4488
991 4494
992 4494
993 4500
994 4503
995 4505
996 4504
997 4508
998 4515
999 4515
1000 4514
1001 4512
1002 4512
1003 4512
1004 4511
1005 4510
1006 4512
1007 4514
1008 4518
1009 4520
1010 4524
1011 4520
1012 4523
1013 4526
1014 4529
1015 4531
1016 4523
1017 4521
1018 4522
1019 4527
1020 4528
1021 4524
1022 4522
1023 4520
1024 4521
1025 4525
1026 4526
1027 4524
1028 4524
1029 4527
1030 4524
1031 4528
1032 4524
1033 4523
1034 4523
1035 4518
1036 4518
1037 4521
1038 4528
1039 4530
1040 4534
1041 4537
1042 4540
1043 4534
1044 4538
1045 4544
1046 4546
1047 4551
1048 4552
1049 4552
1050 4554
1051 4557
1052 4559
1053 4561
1054 4567
1055 4567
1056 4568
1057 4570
1058 4565
1059 4566
1060 4560
1061 4565
1062 4565
1063 4567
1064 4570
1065 4570
1066 4570
1067 4575
1068 4574
1069 4574
1070 4575
1071 4579
1072 4580
1073 4577
1074 4578
1075 4581
1076 4584
1077 4587
1078 4589
1079 4589
1080 4590
1081 4593
1082 4593
1083 4597
1084 4593
1085 4601
1086 4600
1087 4603
1088 4606
1089 4606
1090 4602
1091 4605
1092 4601
1093 4608
1094 4610
1095 4611
1096 4607
1097 4607
1098 4613
1099 4611
1100 4612
1101 4613
1102 4607
1103 4607
1104 4609
1105 4609
1106 4611
1107 4616
1108 4619
1109 4615
1110 4619
1111 4617
1112 4615
1113 4610
1114 4609
1115 4613
1116 4615
1117 4619
1118 4624
1119 4619
1120 4619
1121 4626
1122 4631
1123 4634
1124 4639
1125 4634
1126 4636
1127 4635
1128 4629
1129 4630
1130 4634
1131 4633
1132 4636
1133 4636
1134 4640
1135 4639
1136 4638
1137 4639
1138 4644
1139 4648
1140 4648
1141 4651
1142 4655
1143 4659
1144 4663
1145 4665
1146 4667
1147 4665
1148 4660
1149 4665
1150 4666
1151 4667
1152 4665
1153 4660
1154 4658
1155 4661
1156 4666
1157 4665
1158 4669
1159 4670
1160 4668
1161 4668
1162 4667
1163 4666
1164 4665
1165 4668
1166 4671
1167 4672
1168 4674
1169 4671
1170 4676
1171 4674
1172 4670
1173 4667
1174 4671
1175 4671
1176 4677
1177 4678
1178 4678
1179 4680
1180 4677
1181 4678
1182 4684
1183 4684
1184 4688
1185 4692
1186 4696
1187 4701
1188 4695
1189 4699
1190 4704
1191 4702
1192 4709
1193 4712
1194 4711
1195 4716
1196 4716
1197 4715
1198 4716
1199 4714
1200 4716
1201 4711
1202 4716
1203 4717
1204 4711
1205 4714
1206 4715
1207 4716
1208 4717
1209 4719
1210 4716
1211 4719
1212 4715
1213 4718
1214 4716
1215 4715
1216 4712
1217 4710
1218 4709
1219 4706
1220 4707
1221 4705
1222 4710
1223 4712
1224 4715
1225 4713
1226 4708
1227 4709
1228 4710
1229 4715
1230 4716
1231 4712
1232 4711
1233 4713
1234 4712
1235 4717
1236 4717
1237 4719
1238 4719
1239 4723
1240 4723
1241 4722
1242 4724
1243 4727
1244 4729
1245 4726
1246 4732
1247 4731
1248 4734
1249 4734
1250 4737
1251 4739
1252 4742
1253 4747
1254 4746
1255 4744
1256 4744
1257 4747
1258 4751
1259 4754
1260 4758
1261 4762
1262 4762
1263 4765
1264 4767
1265 4770
1266 4770
1267 4768
1268 4771
1269 4769
1270 4772
1271 4775
1272 4781
1273 4781
1274 4781
1275 4785
1276 4783
1277 4784
1278 4787
1279 4790
1280 4792
1281 4787
1282 4789
1283 4791
1284 4794
1285 4795
1286 4795
1287 4796
1288 4796
1289 4802
1290 4801
1291 4798
1292 4795
1293 4793
1294 4790
1295 4794
1296 4798
1297 4799
1298 4804
1299 4802
1300 4806
1301 4801
1302 4802
1303 4804
1304 4803
1305 4799
1306 4796
1307 4796
1308 4791
1309 4790
1310 4795
1311 4797
1312 4799
1313 4805
1314 4811
1315 4813
1316 4809
1317 4811
1318 4815
1319 4812
1320 4813
1321 4814
1322 4813
1323 4812
1324 4810
1325 4818
1326 4819
1327 4811
1328 4810
1329 4808
1330 4808
1331 4809
1332 4808
1333 4810
1334 4810
1335 4812
1336 4817
1337 4811
1338 4811
1339 4810
1340 4809
1341 4811
1342 4813
1343 4808
1344 4808
1345 4810
1346 4810
1347 4810
1348 4807
1349 4805
1350 4804
1351 4797
1352 4799
1353 4799
1354 4803
1355 4804
1356 4800
1357 4795
1358 4797
1359 4791
1360 4795
1361 4796
1362 4797
1363 4797
1364 4798
1365 4799
1366 4795
1367 4797
1368 4806
1369 4802
1370 4804
1371 4799
1372 4798
1373 4804
1374 4805
1375 4811
1376 4813
1377 4806
1378 4806
1379 4808
1380 4809
1381 4808
1382 4807
1383 4807
1384 4809
1385 4813
1386 4814
1387 4811
1388 4811
1389 4813
1390 4817
1391 4821
1392 4821
1393 4821
1394 4818
1395 4820
1396 4823
1397 4827
1398 4827
1399 4825
1400 4824
1401 4824
1402 4827
1403 4831
1404 4830
1405 4829
1406 4816
1407 4816
1408 4818
1409 4819
1410 4819
1411 4824
1412 4826
1413 4823
1414 4818
1415 4822
1416 4821
1417 4817
1418 4817
1419 4815
1420 4810
1421 4813
1422 4815
1423 4818
1424 4819
1425 4817
1426 4815
1427 4813
1428 4806
1429 4803
1430 4801
1431 4800
1432 4800
1433 4796
1434 4797
1435 4796
1436 4799
1437 4798
1438 4799
1439 4796
1440 4795
1441 4794
1442 4797
1443 4797
1444 4796
1445 4800
1446 4801
1447 4801
1448 4802
1449 4803
1450 4805
1451 4805
1452 4804
1453 4800
1454 4802
1455 4806
1456 4806
1457 4810
1458 4813
1459 4815
1460 4816
1461 4816
1462 4813
1463 4820
1464 4820
1465 4825
1466 4823
1467 4824
1468 4822
1469 4821
1470 4829
1471 4835
1472 4835
1473 4836
1474 4839
1475 4843
1476 4843
1477 4844
1478 4844
1479 4845
1480 4844
1481 4841
1482 4847
1483 4852
1484 4850
1485 4843
1486 4843
1487 4846
1488 4847
1489 4849
1490 4854
1491 4850
1492 4852
1493 4854
1494 4858
1495 4853
1496 4850
1497 4848
1498 4848
1499 4847
1500 4848
1501 4851
1502 4849
1503 4852
1504 4846
1505 4847
1506 4853
1507 4851
1508 4850
1509 4852
1510 4851
1511 4847
1512 4848
1513 4846
1514 4841
1515 4837
1516 4835
1517 4838
1518 4834
1519 4836
1520 4836
1521 4842
1522 4839
1523 4839
1524 4833
1525 4832
1526 4835
1527 4837
1528 4838
1529 4839
1530 4836
1531 4836
1532 4837
1533 4842
1534 4846
1535 4844
1536 4843
1537 4844
1538 4848
1539 4848
1540 4848
1541 4853
1542 4849
1543 4853
1544 4850
1545 4850
1546 4851
1547 4850
1548 4850
1549 4848
1550 4848
1551 4844
1552 4842
1553 4843
1554 4840
1555 4836
1556 4837
1557 4839
1558 4838
1559 4845
1560 4845
1561 4843
1562 4840
1563 4838
1564 4836
1565 4841
1566 4836
1567 4832
1568 4835
1569 4838
1570 4839
1571 4837
1572 4837
1573 4840
1574 4841
1575 4842
1576 4842
1577 4841
1578 4840
1579 4842
1580 4840
1581 4840
1582 4841
1583 4842
1584 4845
1585 4850
1586 4849
1587 4849
1588 4849
1589 4846
1590 4847
1591 4846
1592 4846
1593 4845
1594 4842
1595 4840
1596 4839
1597 4842
1598 4839
1599 4840
1600 4838
1601 4837
1602 4834
1603 4835
1604 4835
1605 4834
1606 4833
1607 4833
1608 4830
1609 4834
1610 4831
1611 4831
1612 4829
1613 4829
1614 4831
1615 4835
1616 4835
1617 4840
1618 4840
1619 4835
1620 4838
1621 4837
1622 4842
1623 4838
1624 4840
1625 4841
1626 4842
1627 4841
1628 4837
1629 4835
1630 4835
1631 4833
1632 4834
1633 4833
1634 4836
1635 4840
1636 4842
1637 4836
1638 4833
1639 4841
1640 4834
1641 4835
1642 4839
1643 4839
1644 4843
1645 4840
1646 4837
1647 4843
1648 4843
1649 4846
1650 4841
1651 4840
1652 4844
1653 4843
1654 4842
1655 4841
1656 4841
1657 4839
1658 4835
1659 4830
1660 4827
1661 4828
1662 4829
1663 4832
1664 4836
1665 4837
1666 4839
1667 4836
1668 4836
1669 4838
1670 4840
1671 4842
1672 4842
1673 4844
1674 4846
1675 4843
1676 4844
1677 4849
1678 4848
1679 4849
1680 4852
1681 4854
1682 4850
1683 4841
1684 4842
1685 4845
1686 4841
1687 4845
1688 4848
1689 4847
1690 4847
1691 4850
1692 4851
1693 4849
1694 4845
1695 4845
1696 4851
1697 4848
1698 4848
1699 4840
1700 4843
1701 4847
1702 4847
1703 4847
1704 4848
1705 4852
1706 4856
1707 4859
1708 4863
1709 4856
1710 4859
1711 4860
1712 4859
1713 4859
1714 4860
1715 4851
1716 4852
1717 4853
1718 4850
1719 4854
1720 4858
1721 4860
1722 4861
1723 4863
1724 4865
1725 4866
1726 4861
1727 4866
1728 4871
1729 4870
1730 4871
1731 4876
1732 4875
1733 4879
1734 4876
1735 4874
1736 4869
1737 4868
1738 4877
1739 4873
1740 4874
1741 4878
1742 4878
1743 4877
1744 4869
1745 4870
1746 4870
1747 4870
1748 4872
1749 4875
1750 4874
1751 4875
1752 4875
1753 4874
1754 4881
1755 4880
1756 4882
1757 4884
1758 4883
1759 4883
1760 4883
1761 4878
1762 4881
1763 4882
1764 4883
1765 4881
1766 4883
1767 4883
1768 4886
1769 4888
1770 4887
1771 4881
1772 4884
1773 4887
1774 4884
1775 4883
1776 4880
1777 4879
1778 4876
1779 4876
1780 4879
1781 4880
1782 4882
1783 4877
1784 4876
1785 4879
1786 4879
1787 4877
1788 4880
1789 4880
1790 4883
1791 4885
1792 4889
1793 4892
1794 4894
1795 4896
1796 4897
1797 4901
1798 4900
1799 4903
1800 4907
1801 4903
1802 4903
1803 4904
1804 4909
1805 4904
1806 4905
1807 4907
1808 4912
1809 4908
1810 4908
1811 4907
1812 4907
1813 4909
1814 4910
1815 4910
1816 4917
1817 4918
1818 4917
1819 4915
1820 4915
1821 4911
1822 4914
1823 4914
1824 4921
1825 4921
1826 4923
1827 4925
1828 4927
1829 4929
1830 4931
1831 4931
1832 4929
1833 4927
1834 4929
1835 4926
1836 4927
1837 4926
1838 4928
1839 4925
1840 4923
1841 4919
1842 4918
1843 4924
1844 4924
1845 4925
1846 4926
1847 4929
1848 4930
1849 4929
1850 4932
1851 4932
1852 4928
1853 4925
1854 4928
1855 4933
1856 4931
1857 4928
1858 4926
1859 4930
1860 4932
1861 4932
1862 4933
1863 4936
1864 4935
1865 4934
1866 4933
1867 4939
1868 4939
1869 4937
1870 4939
1871 4944
1872 4938
1873 4930
1874 4933
1875 4929
1876 4930
1877 4928
1878 4931
1879 4933
1880 4933
1881 4931
1882 4935
1883 4935
1884 4939
1885 4938
1886 4942
1887 4941
1888 4935
1889 4933
1890 4932
1891 4934
1892 4932
1893 4934
1894 4936
1895 4938
1896 4939
1897 4944
1898 4945
1899 4949
1900 4949
1901 4951
1902 4952
1903 4950
1904 4947
1905 4951
1906 4947
1907 4949
1908 4952
1909 4947
1910 4947
1911 4944
1912 4942
1913 4939
1914 4940
1915 4939
1916 4931
1917 4933
1918 4934
1919 4935
1920 4936
1921 4938
1922 4942
1923 4941
1924 4941
1925 4947
1926 4949
1927 4951
1928 4947
1929 4942
1930 4941
1931 4943
1932 4950
1933 4951
1934 4950
1935 4952
1936 4954
1937 4956
1938 4957
1939 4956
1940 4952
1941 4949
1942 4951
1943 4954
1944 4958
1945 4963
1946 4963
1947 4964
1948 4965
1949 4966
1950 4970
1951 4971
1952 4973
1953 4974
1954 4974
1955 4972
1956 4970
1957 4968
1958 4968
1959 4968
1960 4968
1961 4971
1962 4971
1963 4968
1964 4974
1965 4978
1966 4979
1967 4973
1968 4981
1969 4984
1970 4989
1971 4992
1972 4991
1973 4992
1974 4993
1975 4998
1976 4997
1977 5002
1978 5000
1979 5000
1980 5002
1981 5005
1982 5008
1983 5002
1984 5009
1985 5013
1986 5013
1987 5012
1988 5008
1989 5011
1990 5015
1991 5019
1992 5021
1993 5021
1994 5022
1995 5024
1996 5023
1997 5024
1998 5022
1999 5022
2000 5023
2001 5022
2002 5024
2003 5024
2004 5019
2005 5022
2006 5018
2007 5017
2008 5016
2009 5020
2010 5017
2011 5016
2012 5017
2013 5018
2014 5015
2015 5015
2016 5020
2017 5023
2018 5025
2019 5025
2020 5014
2021 5013
2022 5019
2023 5017
2024 5016
2025 5020
2026 5026
2027 5027
2028 5028
2029 5030
2030 5029
2031 5028
2032 5028
2033 5026
2034 5025
2035 5025
2036 5027
2037 5022
2038 5022
2039 5018
2040 5018
2041 5023
2042 5025
2043 5018
2044 5021
2045 5018
2046 5020
2047 5017
2048 5020
2049 5018
2050 5013
2051 5013
2052 5012
2053 5015
2054 5017
2055 5016
2056 5017
2057 5021
2058 5026
2059 5027
2060 5027
2061 5028
2062 5030
2063 5031
2064 5036
2065 5034
2066 5031
2067 5031
2068 5031
2069 5029
2070 5026
2071 5027
2072 5029
2073 5027
2074 5028
2075 5029
2076 5026
2077 5028
2078 5027
2079 5026
2080 5023
2081 5020
2082 5021
2083 5019
2084 5013
2085 5008
2086 5007
2087 5010
2088 5015
2089 5011
2090 5017
2091 5019
2092 5017
2093 5020
2094 5021
2095 5022
2096 5020
2097 5021
2098 5017
2099 5015
2100 5011
2101 5011
2102 5011
2103 5008
2104 5010
2105 5014
2106 5013
2107 5012
2108 5005
2109 5007
2110 5004
2111 5002
2112 5004
2113 5001
2114 5001
2115 4997
2116 4992
2117 4995
2118 4999
2119 5000
2120 4999
2121 5003
2122 5005
2123 5004
2124 5003
2125 5000
2126 5001
2127 4999
2128 5001
2129 5004
2130 5009
2131 5006
2132 5007
2133 5010
2134 5010
2135 5004
2136 5008
2137 5014
2138 5019
2139 5021
2140 5023
2141 5023
2142 5025
2143 5020
2144 5018
2145 5019
2146 5017
2147 5020
2148 5019
2149 5021
2150 5020
2151 5019
2152 5017
2153 5020
2154 5022
2155 5025
2156 5027
2157 5030
2158 5029
2159 5029
2160 5031
2161 5028
2162 5023
2163 5027
2164 5023
2165 5027
2166 5022
2167 5019
2168 5011
2169 5013
2170 5019
2171 5023
2172 5025
2173 5023
2174 5021
2175 5021
2176 5020
2177 5020
2178 5021
2179 5015
2180 5013
2181 5012
2182 5012
2183 5009
2184 5009
2185 5010
2186 5012
2187 5015
2188 5015
2189 5013
2190 5012
2191 5011
2192 5011
2193 5008
2194 5012
2195 5011
2196 5013
2197 5014
2198 5010
2199 5009
2200 5010
2201 5011
2202 5011
2203 5014
2204 5017
2205 5014
2206 5017
2207 5020
2208 5017
2209 5011
2210 5008
2211 5003
2212 5005
2213 5005
2214 5008
2215 5009
2216 5010
2217 5012
2218 5003
2219 5000
2220 5002
2221 5001
2222 5001
2223 5000
2224 5000
2225 5003
2226 5003
2227 5008
2228 5013
2229 5008
2230 5004
2231 5004
2232 5000
2233 5000
2234 5001
2235 4997
2236 5000
2237 5003
2238 5006
2239 5009
2240 5014
2241 5016
2242 5012
2243 5012
2244 5011
2245 5008
2246 5010
2247 5009
2248 5009
2249 5009
2250 5008
2251 5007
2252 5006
2253 5006
2254 5004
2255 5005
2256 5008
2257 5014
2258 5019
2259 5023
2260 5018
2261 5015
2262 5015
2263 5018
2264 5018
2265 5017
2266 5020
2267 5020
2268 5020
2269 5019
2270 5024
2271 5015
2272 5018
2273 5021
2274 5021
2275 5019
2276 5015
2277 5013
2278 5012
2279 5016
2280 5014
2281 5018
2282 5015
2283 5009
2284 5008
2285 5007
2286 5008
2287 5009
2288 5011
2289 5013
2290 5013
2291 5017
2292 5016
2293 5012
2294 5010
2295 5010
2296 5010
2297 5012
2298 5011
2299 5005
2300 5004
2301 5004
2302 5004
2303 5004
2304 5008
2305 5006
2306 5009
2307 5010
2308 5015
2309 5013
2310 5010
2311 5004
2312 5005
2313 4997
2314 5002
2315 5003
2316 5002
2317 5005
2318 5008
2319 5007
2320 5005
2321 5001
2322 5003
2323 5001
2324 4998
2325 5001
2326 5000
2327 4996
2328 4993
2329 4995
2330 4993
2331 4993
2332 4991
2333 4993
2334 4990
2335 4993
2336 4994
2337 4997
2338 4997
2339 4994
2340 4998
2341 4999
2342 4998
2343 4997
2344 5001
2345 5005
2346 4997
2347 4999
2348 5003
2349 5002
2350 5005
2351 5010
2352 5013
2353 5018
2354 5018
2355 5019
2356 5023
2357 5019
2358 5019
2359 5024
2360 5024
2361 5022
2362 5024
2363 5027
2364 5028
2365 5031
2366 5034
2367 5034
2368 5036
2369 5031
2370 5034
2371 5040
2372 5040
2373 5042
2374 5044
2375 5050
2376 5048
2377 5049
2378 5050
2379 5049
2380 5051
2381 5055
2382 5056
2383 5052
2384 5054
2385 5054
2386 5053
2387 5056
2388 5055
2389 5059
2390 5055
2391 5056
2392 5053
2393 5055
2394 5048
2395 5051
2396 5055
2397 5056
2398 5054
2399 5049
2400 5048
2401 5049
2402 5048
2403 5045
2404 5048
2405 5052
2406 5056
2407 5058
2408 5063
2409 5064
2410 5066
2411 5066
2412 5062
2413 5057
2414 5058
2415 5063
2416 5059
2417 5055
2418 5055
2419 5056
2420 5060
2421 5060
2422 5062
2423 5061
2424 5059
2425 5064
2426 5064
2427 5062
2428 5063
2429 5066
2430 5069
2431 5071
2432 5069
2433 5067
2434 5069
2435 5068
2436 5069
2437 5067
2438 5062
2439 5059
2440 5045
2441 5048
2442 5049
2443 5053
2444 5055
2445 5055
2446 5056
2447 5060
2448 5057
2449 5058
2450 5055
2451 5058
2452 5056
2453 5057
2454 5058
2455 5056
2456 5056
2457 5059
2458 5055
2459 5061
2460 5059
2461 5060
2462 5059
2463 5061
2464 5063
2465 5063
2466 5063
2467 5063
2468 5065
2469 5071
2470 5070
2471 5066
2472 5063
2473 5068
2474 5065
2475 5071
2476 5072
2477 5071
2478 5076
2479 5074
2480 5075
2481 5078
2482 5078
2483 5081
2484 5081
2485 5080
2486 5085
2487 5082
2488 5079
2489 5080
2490 5074
2491 5077
2492 5080
2493 5076
2494 5080
2495 5086
2496 5083
2497 5083
2498 5084
2499 5088
2500 5083
2501 5080
2502 5082
2503 5082
2504 5084
2505 5085
2506 5083
2507 5081
2508 5087
2509 5083
2510 5083
2511 5085
2512 5084
2513 5084
2514 5089
2515 5095
2516 5098
2517 5097
2518 5093
2519 5095
2520 5093
2521 5093
2522 5094
2523 5098
2524 5097
2525 5097
2526 5093
2527 5097
2528 5101
2529 5101
2530 5102
2531 5102
2532 5101
2533 5099
2534 5102
2535 5098
2536 5099
2537 5100
2538 5093
2539 5091
2540 5089
2541 5088
2542 5084
2543 5084
2544 5083
2545 5080
2546 5081
2547 5082
2548 5083
2549 5084
2550 5078
2551 5079
2552 5084
2553 5079
2554 5077
2555 5073
2556 5074
2557 5077
2558 5081
2559 5085
2560 5081
2561 5075
2562 5077
2563 5074
2564 5077
2565 5078
2566 5074
2567 5073
2568 5072
2569 5071
2570 5073
2571 5075
2572 5077
2573 5075
2574 5075
2575 5077
2576 5074
2577 5076
2578 5070
2579 5073
2580 5076
2581 5078
2582 5077
2583 5081
2584 5083
2585 5081
2586 5084
2587 5083
2588 5086
2589 5083
2590 5088
2591 5088
2592 5080
2593 5077
2594 5077
2595 5074
2596 5068
2597 5070
2598 5072
2599 5073
2600 5070
2601 5068
2602 5060
2603 5063
2604 5066
2605 5064
2606 5060
2607 5064
2608 5067
2609 5065
2610 5062
2611 5050
2612 5049
2613 5050
2614 5049
2615 5054
2616 5057
2617 5056
2618 5054
2619 5057
2620 5064
2621 5062
2622 5067
2623 5066
2624 5064
2625 5060
2626 5061
2627 5059
2628 5064
2629 5066
2630 5068
2631 5065
2632 5065
2633 5064
2634 5069
2635 5069
2636 5065
2637 5060
2638 5061
2639 5060
2640 5057
2641 5056
2642 5060
2643 5066
2644 5067
2645 5063
2646 5065
2647 5070
2648 5069
2649 5069
2650 5063
2651 5065
2652 5066
2653 5064
2654 5055
2655 5054
2656 5057
2657 5056
2658 5059
2659 5056
2660 5055
2661 5059
2662 5062
2663 5054
2664 5054
2665 5056
2666 5058
2667 5058
2668 5055
2669 5054
2670 5051
2671 5045
2672 5044
2673 5043
2674 5044
2675 5049
2676 5047
2677 5048
2678 5045
2679 5046
2680 5041
2681 5040
2682 5038
2683 5035
2684 5033
2685 5034
2686 5031
2687 5036
2688 5037
2689 5037
2690 5039
2691 5038
2692 5042
2693 5040
2694 5046
2695 5053
2696 5056
2697 5055
2698 5049
2699 5047
2700 5052
2701 5053
2702 5048
2703 5050
2704 5049
2705 5047
2706 5046
2707 5050
2708 5050
2709 5052
2710 5050
2711 5054
2712 5051
2713 5052
2714 5052
2715 5051
2716 5046
2717 5041
2718 5038
2719 5043
2720 5040
2721 5038
2722 5035
2723 5035
2724 5036
2725 5036
2726 5035
2727 5037
2728 5029
2729 5032
2730 5033
2731 5033
2732 5030
2733 5032
2734 5036
2735 5036
2736 5036
2737 5033
2738 5027
2739 5030
2740 5037
2741 5039
2742 5041
2743 5037
2744 5040
2745 5040
2746 5044
2747 5042
2748 5043
2749 5043
2750 5044
2751 5045
2752 5043
2753 5047
2754 5050
2755 5048
2756 5050
2757 5048
2758 5049
2759 5056
2760 5059
2761 5064
2762 5065
2763 5065
2764 5060
2765 5060
2766 5062
2767 5059
2768 5057
2769 5051
2770 5053
2771 5048
2772 5046
2773 5046
2774 5047
2775 5051
2776 5051
2777 5059
2778 5060
2779 5055
2780 5056
2781 5056
2782 5052
2783 5051
2784 5053
2785 5054
2786 5051
2787 5057
2788 5052
2789 5052
2790 5045
2791 5046
2792 5048
2793 5046
2794 5046
2795 5043
2796 5037
2797 5036
2798 5040
2799 5045
2800 5047
2801 5049
2802 5052
2803 5049
2804 5052
2805 5051
2806 5050
2807 5052
2808 5054
2809 5050
2810 5048
2811 5049
2812 5043
2813 5044
2814 5045
2815 5048
2816 5048
2817 5048
2818 5048
2819 5049
2820 5054
2821 5057
2822 5060
2823 5063
2824 5059
2825 5060
2826 5059
2827 5054
2828 5055
2829 5057
2830 5052
2831 5054
2832 5060
2833 5058
2834 5060
2835 5062
2836 5054
2837 5048
2838 5046
2839 5043
2840 5043
2841 5041
2842 5035
2843 5034
2844 5038
2845 5035
2846 5034
2847 5038
2848 5040
2849 5040
2850 5037
2851 5036
2852 5038
2853 5039
2854 5042
2855 5045
2856 5043
2857 5044
2858 5045
2859 5048
2860 5047
2861 5046
2862 5045
2863 5049
2864 5042
2865 5046
2866 5051
2867 5054
2868 5051
2869 5054
2870 5054
2871 5053
2872 5050
2873 5050
2874 5055
2875 5051
2876 5051
2877 5050
2878 5053
2879 5055
2880 5052
2881 5052
2882 5049
2883 5052
2884 5055
2885 5051
2886 5053
2887 5058
2888 5052
2889 5053
2890 5053
2891 5053
2892 5051
2893 5050
2894 5051
2895 5048
2896 5049
2897 5054
2898 5053
2899 5055
2900 5056
2901 5052
2902 5054
2903 5053
2904 5052
2905 5056
2906 5057
2907 5053
2908 5051
2909 5051
2910 5054
2911 5048
2912 5052
2913 5050
2914 5053
2915 5054
2916 5047
2917 5049
2918 5050
2919 5049
2920 5048
2921 5051
2922 5053
2923 5056
2924 5059
2925 5057
2926 5058
2927 5062
2928 5058
2929 5061
2930 5064
2931 5067
2932 5070
2933 5070
2934 5069
2935 5069
2936 5072
2937 5076
2938 5077
2939 5077
2940 5079
2941 5083
2942 5085
2943 5081
2944 5084
2945 5083
2946 5084
2947 5077
2948 5078
2949 5076
2950 5070
2951 5072
2952 5067
2953 5065
2954 5062
2955 5058
2956 5059
2957 5063
2958 5064
2959 5059
2960 5063
2961 5061
2962 5061
2963 5064
2964 5059
2965 5057
2966 5058
2967 5055
2968 5057
2969 5065
2970 5071
2971 5073
2972 5069
2973 5067
2974 5075
2975 5071
2976 5070
2977 5067
2978 5062
2979 5062
2980 5058
2981 5059
2982 5053
2983 5054
2984 5052
2985 5046
2986 5050
2987 5050
2988 5052
2989 5051
2990 5052
2991 5050
2992 5047
2993 5049
2994 5049
2995 5047
2996 5047
2997 5045
2998 5045
2999 5048
3000 5052
3001 5053
3002 5056
3003 5052
3004 5052
3005 5053
3006 5053
3007 5055
3008 5047
3009 5045
3010 5046
3011 5044
3012 5047
3013 5053
3014 5046
3015 5049
3016 5050
3017 5052
3018 5053
3019 5058
3020 5062
3021 5063
3022 5065
3023 5055
3024 5056
3025 5055
3026 5053
3027 5058
3028 5057
3029 5059
3030 5059
3031 5056
3032 5057
3033 5057
3034 5059
3035 5056
3036 5062
3037 5063
3038 5064
3039 5064
3040 5065
3041 5068
3042 5067
3043 5071
3044 5071
3045 5074
3046 5069
3047 5072
3048 5078
3049 5080
3050 5077
3051 5081
3052 5077
3053 5076
3054 5074
3055 5074
3056 5070
3057 5068
3058 5071
3059 5071
3060 5070
3061 5072
3062 5072
3063 5073
3064 5077
3065 5078
3066 5075
3067 5073
3068 5077
3069 5079
3070 5081
3071 5081
3072 5085
3073 5081
3074 5078
3075 5081
3076 5083
3077 5083
3078 5079
3079 5073
3080 5075
3081 5077
3082 5075
3083 5076
3084 5075
3085 5080
3086 5085
3087 5083
3088 5085
3089 5087
3090 5080
3091 5076
3092 5075
3093 5069
3094 5072
3095 5077
3096 5076
3097 5071
3098 5070
3099 5070
3100 5068
3101 5067
3102 5064
3103 5058
3104 5059
3105 5061
3106 5064
3107 5060
3108 5062
3109 5059
3110 5058
3111 5060
3112 5059
3113 5061
3114 5061
3115 5062
3116 5059
3117 5061
3118 5062
3119 5063
3120 5067
3121 5064
3122 5066
3123 5065
3124 5062
3125 5069
3126 5071
3127 5070
3128 5073
3129 5065
3130 5067
3131 5070
3132 5067
3133 5070
3134 5076
3135 5075
3136 5074
3137 5075
3138 5075
3139 5079
3140 5081
3141 5080
3142 5078
3143 5084
3144 5084
3145 5082
3146 5086
3147 5089
3148 5090
3149 5089
3150 5085
3151 5084
3152 5089
3153 5088
3154 5089
3155 5091
3156 5090
3157 5085
3158 5086
3159 5090
3160 5088
3161 5079
3162 5081
3163 5078
3164 5071
3165 5072
3166 5076
3167 5075
3168 5075
3169 5075
3170 5078
3171 5076
3172 5077
3173 5076
3174 5072
3175 5075
3176 5076
3177 5072
3178 5071
3179 5071
3180 5071
3181 5069
3182 5068
3183 5063
3184 5063
3185 5066
3186 5070
3187 5067
3188 5066
3189 5071
3190 5073
3191 5074
3192 5075
3193 5078
3194 5080
3195 5084
3196 5086
3197 5085
3198 5088
3199 5090
3200 5094
3201 5091
3202 5095
3203 5098
3204 5096
3205 5100
3206 5100
3207 5102
3208 5105
3209 5106
3210 5104
3211 5104
3212 5110
3213 5109
3214 5108
3215 5108
3216 5108
3217 5106
3218 5102
3219 5103
3220 5100
3221 5102
3222 5104
3223 5103
3224 5104
3225 5103
3226 5104
3227 5105
3228 5109
3229 5100
3230 5091
3231 5091
3232 5096
3233 5091
3234 5093
3235 5100
3236 5094
3237 5096
3238 5101
3239 5101
3240 5104
3241 5104
3242 5102
3243 5106
3244 5103
3245 5101
3246 5105
3247 5101
3248 5103
3249 5108
3250 5109
3251 5112
3252 5113
3253 5114
3254 5114
3255 5113
3256 5114
3257 5114
3258 5113
3259 5115
3260 5115
3261 5112
3262 5116
3263 5113
3264 5107
3265 5108
3266 5105
3267 5098
3268 5103
3269 5098
3270 5106
3271 5102
3272 5100
3273 5100
3274 5102
3275 5099
3276 5096
3277 5092
3278 5091
3279 5096
3280 5091
3281 5093
3282 5089
3283 5091
3284 5097
3285 5101
3286 5104
3287 5103
3288 5106
3289 5111
3290 5110
3291 5114
3292 5114
3293 5120
3294 5121
3295 5126
3296 5121
3297 5115
3298 5117
3299 5114
3300 5115
3301 5116
3302 5111
3303 5110
3304 5111
3305 5111
3306 5114
3307 5118
3308 5117
3309 5113
3310 5107
3311 5110
3312 5107
3313 5111
3314 5115
3315 5108
3316 5112
3317 5113
3318 5113
3319 5112
3320 5112
3321 5112
3322 5112
3323 5117
3324 5118
3325 5117
3326 5120
3327 5118
3328 5115
3329 5113
3330 5117
3331 5114
3332 5113
3333 5110
3334 5109
3335 5114
3336 5113
3337 5112
3338 5108
3339 5109
3340 5109
3341 5107
3342 5104
3343 5102
3344 5100
3345 5102
3346 5101
3347 5102
3348 5105
3349 5106
3350 5111
3351 5110
3352 5103
3353 5107
3354 5107
3355 5108
3356 5111
3357 5113
3358 5113
3359 5109
3360 5101
3361 5098
3362 5101
3363 5099
3364 5102
3365 5094
3366 5095
3367 5094
3368 5097
3369 5099
3370 5098
3371 5096
3372 5096
3373 5093
3374 5092
3375 5092
3376 5091
3377 5088
3378 5092
3379 5095
3380 5100
3381 5099
3382 5093
3383 5095
3384 5094
3385 5095
3386 5099
3387 5103
3388 5103
3389 5106
3390 5101
3391 5107
3392 5112
3393 5116
3394 5114
3395 5118
3396 5121
3397 5122
3398 5120
3399 5111
3400 5111
3401 5117
3402 5114
3403 5108
3404 5104
3405 5104
3406 5108
3407 5106
3408 5104
3409 5106
3410 5105
3411 5102
3412 5105
3413 5109
3414 5110
3415 5106
3416 5111
3417 5107
3418 5101
3419 5095
3420 5090
3421 5086
3422 5087
3423 5086
3424 5089
3425 5086
3426 5080
3427 5083
3428 5086
3429 5086
3430 5087
3431 5088
3432 5092
3433 5098
3434 5102
3435 5101
3436 5105
3437 5103
3438 5107
3439 5109
3440 5110
3441 5110
3442 5116
3443 5118
3444 5120
3445 5122
3446 5112
3447 5110
3448 5103
3449 5102
3450 5101
3451 5099
3452 5096
3453 5103
3454 5107
3455 5104
3456 5104
3457 5107
3458 5105
3459 5105
3460 5102
3461 5102
3462 5104
3463 5104
3464 5098
3465 5094
3466 5088
3467 5087
3468 5093
3469 5090
3470 5091
3471 5092
3472 5094
3473 5092
3474 5096
3475 5095
3476 5094
3477 5095
3478 5095
3479 5095
3480 5091
3481 5091
3482 5090
3483 5094
3484 5094
3485 5095
3486 5095
3487 5093
3488 5091
3489 5090
3490 5088
3491 5094
3492 5097
3493 5096
3494 5094
3495 5095
3496 5096
3497 5097
3498 5095
3499 5094
3500 5091
3501 5084
3502 5084
3503 5086
3504 5088
3505 5087
3506 5082
3507 5081
3508 5082
3509 5078
3510 5080
3511 5078
3512 5082
3513 5082
3514 5084
3515 5092
3516 5087
3517 5088
3518 5088
3519 5089
3520 5084
3521 5086
3522 5084
3523 5087
3524 5089
3525 5089
3526 5086
3527 5087
3528 5085
3529 5085
3530 5088
3531 5088
3532 5080
3533 5077
3534 5077
3535 5075
3536 5071
3537 5077
3538 5074
3539 5068
3540 5063
3541 5064
3542 5064
3543 5067
3544 5063
3545 5061
3546 5059
3547 5054
3548 5049
3549 5050
3550 5044
3551 5043
3552 5044
3553 5045
3554 5049
3555 5046
3556 5046
3557 5045
3558 5043
3559 5048
3560 5050
3561 5053
3562 5055
3563 5050
3564 5050
3565 5053
3566 5060
3567 5057
3568 5057
3569 5061
3570 5065
3571 5065
3572 5066
3573 5058
3574 5061
3575 5061
3576 5061
3577 5062
3578 5060
3579 5068
3580 5067
3581 5068
3582 5069
3583 5070
3584 5070
3585 5069
3586 5071
3587 5075
3588 5078
3589 5082
3590 5084
3591 5089
3592 5092
3593 5092
3594 5087
3595 5086
3596 5086
3597 5086
3598 5087
3599 5085
3600 5083
3601 5083
3602 5083
3603 5078
3604 5083
3605 5085
3606 5088
3607 5081
3608 5083
3609 5087
3610 5090
3611 5093
3612 5089
3613 5086
3614 5083
3615 5082
3616 5077
3617 5082
3618 5079
3619 5082
3620 5085
3621 5086
3622 5089
3623 5091
3624 5094
3625 5091
3626 5096
3627 5101
3628 5100
3629 5099
3630 5095
3631 5094
3632 5090
3633 5088
3634 5090
3635 5090
3636 5085
3637 5084
3638 5085
3639 5078
3640 5073
3641 5068
3642 5070
3643 5073
3644 5076
3645 5071
3646 5068
3647 5066
3648 5068
3649 5068
3650 5065
3651 5066
3652 5063
3653 5063
3654 5063
3655 5067
3656 5069
3657 5067
3658 5063
3659 5060
3660 5051
3661 5050
3662 5046
3663 5052
3664 5051
3665 5050
3666 5052
3667 5057
3668 5053
3669 5051
3670 5052
3671 5052
3672 5052
3673 5053
3674 5056
3675 5059
3676 5061
3677 5061
3678 5059
3679 5067
3680 5062
3681 5064
3682 5066
3683 5065
3684 5062
3685 5065
3686 5056
3687 5056
3688 5059
3689 5064
3690 5065
3691 5066
3692 5067
3693 5065
3694 5061
3695 5054
3696 5048
3697 5043
3698 5045
3699 5042
3700 5042
3701 5045
3702 5043
3703 5049
3704 5053
3705 5049
3706 5052
3707 5052
3708 5049
3709 5047
3710 5049
3711 5046
3712 5052
3713 5048
3714 5051
3715 5048
3716 5052
3717 5055
3718 5053
3719 5049
3720 5049
3721 5053
3722 5052
3723 5056
3724 5053
3725 5050
3726 5047
3727 5046
3728 5047
3729 5049
3730 5045
3731 5041
3732 5041
3733 5047
3734 5041
3735 5038
3736 5038
3737 5033
3738 5034
3739 5031
3740 5029
3741 5028
3742 5028
3743 5025
3744 5027
3745 5028
3746 5025
3747 5020
3748 5022
3749 5021
3750 5020
3751 5014
3752 5014
3753 5017
3754 5018
3755 5019
3756 5024
3757 5023
3758 5026
3759 5025
3760 5024
3761 5024
3762 5027
3763 5024
3764 5027
3765 5027
3766 5027
3767 5029
3768 5026
3769 5023
3770 5017
3771 5021
3772 5020
3773 5023
3774 5027
3775 5025
3776 5026
3777 5028
3778 5029
3779 5028
3780 5032
3781 5034
3782 5037
3783 5036
3784 5036
3785 5035
3786 5033
3787 5036
3788 5036
3789 5028
3790 5022
3791 5028
3792 5025
3793 5029
3794 5029
3795 5031
3796 5033
3797 5032
3798 5031
3799 5030
3800 5032
3801 5033
3802 5031
3803 5029
3804 5030
3805 5033
3806 5029
3807 5023
3808 5025
3809 5025
3810 5022
3811 5016
3812 5008
3813 5006
3814 5005
3815 5003
3816 5003
3817 5005
3818 5005
3819 5005
3820 5001
3821 4999
3822 5004
3823 5002
3824 4999
3825 5004
3826 5000
3827 4997
3828 4999
3829 4999
3830 5002
3831 5002
3832 5002
3833 5003
3834 4998
3835 5000
3836 5005
3837 5006
3838 5007
3839 5006
3840 5007
3841 5014
3842 5017
3843 5020
3844 5023
3845 5020
3846 5023
3847 5023
3848 5020
3849 5019
3850 5016
3851 5015
3852 5018
3853 5018
3854 5021
3855 5024
3856 5025
3857 5027
3858 5024
3859 5023
3860 5025
3861 5020
3862 5019
3863 5016
3864 5018
3865 5022
3866 5021
3867 5024
3868 5024
3869 5014
3870 5014
3871 5016
3872 5013
3873 5019
3874 5006
3875 5001
3876 4997
3877 5000
3878 5004
3879 5002
3880 5004
3881 5007
3882 5005
3883 5005
3884 5009
3885 5005
3886 5002
3887 4998
3888 4996
3889 5001
3890 4999
3891 4996
3892 4992
3893 4992
3894 4991
3895 4993
3896 4989
3897 4986
3898 4986
3899 4984
3900 4983
3901 4987
3902 4988
3903 4987
3904 4986
3905 4987
3906 4988
3907 4989
3908 4988
3909 4986
3910 4983
3911 4985
3912 4986
3913 4985
3914 4984
3915 4987
3916 4988
3917 4990
3918 4994
3919 4996
3920 4998
3921 4994
3922 4992
3923 4995
3924 4995
3925 4989
3926 4991
3927 4989
3928 4990
3929 4990
3930 4988
3931 4992
3932 4993
3933 4994
3934 4993
3935 4995
3936 4994
3937 4992
3938 4987
3939 4988
3940 4987
3941 4986
3942 4990
3943 4994
3944 4991
3945 4990
3946 4995
3947 4993
3948 4994
3949 4991
3950 4989
3951 4991
3952 4994
3953 4991
3954 4992
3955 4992
3956 4993
3957 5000
3958 5003
3959 5002
3960 4997
3961 5001
3962 5003
3963 5004
3964 5002
3965 5010
3966 5009
3967 5007
3968 5010
3969 5011
3970 5016
3971 5016
3972 5008
3973 5009
3974 5004
3975 5006
3976 5007
3977 5005
3978 5010
3979 5014
3980 5016
3981 5017
3982 5016
3983 5013
3984 5013
3985 5022
3986 5024
3987 5023
3988 5021
3989 5020
3990 5023
3991 5019
3992 5019
3993 5017
3994 5014
3995 5007
3996 5012
3997 5010
3998 5013
3999 5013
4000 5016
4001 5014
4002 5020
4003 5022
4004 5023
4005 5024
4006 5022
4007 5018
4008 5019
4009 5024
4010 5026
4011 5021
4012 5023
4013 5022
4014 5025
4015 5024
4016 5027
4017 5027
4018 5030
4019 5031
4020 5035
4021 5034
4022 5034
4023 5024
4024 5026
4025 5028
4026 5030
4027 5026
4028 5024
4029 5022
4030 5022
4031 5027
4032 5029
4033 5027
4034 5027
4035 5026
4036 5023
4037 5019
4038 5019
4039 5017
4040 5017
4041 5022
4042 5023
4043 5023
4044 5018
4045 5022
4046 5020
4047 5015
4048 5013
4049 5012
4050 5014
4051 5011
4052 5007
4053 5005
4054 5001
4055 5001
4056 4998
4057 5001
4058 5001
4059 5004
4060 5003
4061 5002
4062 5004
4063 5007
4064 5005
4065 5002
4066 5003
4067 4997
4068 4991
4069 4996
4070 4999
4071 5000
4072 4997
4073 4999
4074 5002
4075 5002
4076 4998
4077 4998
4078 5001
4079 4999
4080 5002
4081 5001
4082 5002
4083 5002
4084 5006
4085 5003
4086 4997
4087 5001
4088 5002
4089 5002
4090 5000
4091 5003
4092 5003
4093 5002
4094 5006
4095 5008
4096 5008
4097 5011
4098 5013
4099 5013
4100 5011
4101 5007
4102 5002
4103 5003
4104 5004
4105 5006
4106 5007
4107 5007
4108 5008
4109 5008
4110 5004
4111 5004
4112 5003
4113 5007
4114 5007
4115 5008
4116 5004
4117 5000
4118 4997
4119 5003
4120 4999
4121 4999
4122 5000
4123 5000
4124 5003
4125 5002
4126 5000
4127 5000
4128 4996
4129 4998
4130 4995
4131 4994
4132 4996
4133 4993
4134 4996
4135 4995
4136 4995
4137 4996
4138 4994
4139 4993
4140 4993
4141 4992
4142 4993
4143 4987
4144 4990
4145 4988
4146 4989
4147 4992
4148 4998
4149 5000
4150 4997
4151 4997
4152 4998
4153 5003
4154 5004
4155 4998
4156 4999
4157 5000
4158 4999
4159 4995
4160 4993
4161 4993
4162 4995
4163 4999
4164 5002
4165 5004
4166 5005
4167 5006
4168 5011
4169 5010
4170 5006
4171 5002
4172 5005
4173 5009
4174 5010
4175 5006
4176 5005
4177 5002
4178 5003
4179 5000
4180 5002
4181 4999
4182 4995
4183 4996
4184 4993
4185 4992
4186 4988
4187 4988
4188 4991
4189 4994
4190 4986
4191 4988
4192 4991
4193 4988
4194 4989
4195 4989
4196 4987
4197 4982
4198 4978
4199 4978
4200 4981
4201 4981
4202 4984
4203 4987
4204 4985
4205 4988
4206 4994
4207 4994
4208 4991
4209 4991
4210 4990
4211 4993
4212 4992
4213 4989
4214 4987
4215 4984
4216 4981
4217 4984
4218 4983
4219 4977
4220 4976
4221 4980
4222 4984
4223 4987
4224 4989
4225 4988
4226 4984
4227 4985
4228 4983
4229 4982
4230 4979
4231 4980
4232 4980
4233 4976
4234 4980
4235 4978
4236 4981
4237 4982
4238 4977
4239 4982
4240 4982
4241 4979
4242 4982
4243 4979
4244 4979
4245 4979
4246 4977
4247 4980
4248 4981
4249 4978
4250 4984
4251 4981
4252 4982
4253 4983
4254 4989
4255 4988
4256 4992
4257 4992
4258 4989
4259 4990
4260 4982
4261 4983
4262 4989
4263 4983
4264 4987
4265 4985
4266 4982
4267 4984
4268 4975
4269 4975
4270 4980
4271 4983
4272 4985
4273 4986
4274 4986
4275 4983
4276 4981
4277 4983
4278 4979
4279 4979
4280 4978
4281 4979
4282 4976
4283 4977
4284 4978
4285 4974
4286 4978
4287 4981
4288 4985
4289 4989
4290 4991
4291 4990
4292 4989
4293 4982
4294 4977
4295 4974
4296 4974
4297 4975
4298 4976
4299 4973
4300 4968
4301 4974
4302 4970
4303 4972
4304 4966
4305 4964
4306 4964
4307 4968
4308 4973
4309 4973
4310 4969
4311 4969
4312 4970
4313 4972
4314 4977
4315 4979
4316 4981
4317 4980
4318 4985
4319 4987
4320 4984
4321 4986
4322 4987
4323 4990
4324 4993
4325 4996
4326 4993
4327 4992
4328 4993
4329 4986
4330 4985
4331 4985
4332 4984
4333 4978
4334 4977
4335 4977
4336 4972
4337 4976
4338 4977
4339 4971
4340 4969
4341 4969
4342 4968
4343 4965
4344 4959
4345 4960
4346 4965
4347 4968
4348 4972
4349 4971
4350 4972
4351 4970
4352 4974
4353 4978
4354 4979
4355 4979
4356 4977
4357 4979
4358 4976
4359 4974
4360 4975
4361 4977
4362 4977
4363 4977
4364 4980
4365 4977
4366 4981
4367 4984
4368 4979
4369 4976
4370 4978
4371 4975
4372 4975
4373 4976
4374 4975
4375 4969
4376 4965
4377 4963
4378 4964
4379 4968
4380 4964
4381 4966
4382 4967
4383 4972
4384 4975
4385 4976
4386 4972
4387 4974
4388 4979
4389 4978
4390 4979
4391 4974
4392 4974
4393 4974
4394 4976
4395 4978
4396 4981
4397 4985
4398 4978
4399 4977
4400 4982
4401 4978
4402 4983
4403 4985
4404 4988
4405 4986
4406 4987
4407 4992
4408 4997
4409 4994
4410 4996
4411 4992
4412 4990
4413 4984
4414 4987
4415 4982
4416 4982
4417 4985
4418 4985
4419 4984
4420 4983
4421 4982
4422 4979
4423 4984
4424 4986
4425 4991
4426 4994
4427 4993
4428 4992
4429 4994
4430 4991
4431 4990
4432 4991
4433 4994
4434 4995
4435 4998
4436 5000
4437 4998
4438 5000
4439 5006
4440 5007
4441 5010
4442 5011
4443 5011
4444 5011
4445 5017
4446 5020
4447 5025
4448 5019
4449 5014
4450 5013
4451 5018
4452 5018
4453 5018
4454 5018
4455 5019
4456 5015
4457 5014
4458 5013
4459 5009
4460 5007
4461 5010
4462 5005
4463 5002
4464 5006
4465 5007
4466 5005
4467 5004
4468 5001
4469 4995
4470 4992
4471 4996
4472 4987
4473 4988
4474 4986
4475 4985
4476 4986
4477 4992
4478 4995
4479 4994
4480 4995
4481 4995
4482 4992
4483 4991
4484 4994
4485 4995
4486 4998
4487 5000
4488 4998
4489 4998
4490 5000
4491 5003
4492 5002
4493 5006
4494 5006
4495 5008
4496 5006
4497 5009
4498 5010
4499 5006
4500 5010
4501 5012
4502 5009
4503 5008
4504 5013
4505 5008
4506 5011
4507 5007
4508 5006
4509 5003
4510 5002
4511 5005
4512 5009
4513 5011
4514 5013
4515 5011
4516 5014
4517 5015
4518 5013
4519 5014
4520 5020
4521 5021
4522 5027
4523 5028
4524 5026
4525 5027
4526 5031
4527 5030
4528 5035
4529 5036
4530 5035
4531 5036
4532 5033
4533 5037
4534 5036
4535 5037
4536 5036
4537 5037
4538 5037
4539 5040
4540 5040
4541 5039
4542 5044
4543 5046
4544 5049
4545 5052
4546 5058
4547 5061
4548 5059
4549 5058
4550 5058
4551 5054
4552 5050
4553 5054
4554 5058
4555 5057
4556 5056
4557 5058
4558 5057
4559 5054
4560 5053
4561 5047
4562 5047
4563 5048
4564 5050
4565 5050
4566 5046
4567 5048
4568 5045
4569 5044
4570 5046
4571 5042
4572 5041
4573 5046
4574 5046
4575 5044
4576 5043
4577 5038
4578 5041
4579 5044
4580 5042
4581 5040
4582 5041
4583 5038
4584 5037
4585 5039
4586 5036
4587 5038
4588 5038
4589 5040
4590 5039
4591 5040
4592 5037
4593 5037
4594 5040
4595 5035
4596 5033
4597 5042
4598 5042
4599 5039
4600 5041
4601 5040
4602 5042
4603 5045
4604 5043
4605 5038
4606 5035
4607 5033
4608 5031
4609 5028
4610 5030
4611 5031
4612 5027
4613 5029
4614 5029
4615 5026
4616 5026
4617 5030
4618 5030
4619 5027
4620 5026
4621 5025
4622 5023
4623 5022
4624 5026
4625 5024
4626 5020
4627 5017
4628 5020
4629 5023
4630 5021
4631 5021
4632 5020
4633 5022
4634 5021
4635 5021
4636 5024
4637 5025
4638 5025
4639 5029
4640 5033
4641 5036
4642 5035
4643 5032
4644 5032
4645 5034
4646 5034
4647 5038
4648 5040
4649 5034
4650 5037
4651 5040
4652 5041
4653 5045
4654 5041
4655 5038
4656 5037
4657 5041
4658 5036
4659 5035
4660 5036
4661 5035
4662 5032
4663 5035
4664 5038
4665 5035
4666 5034
4667 5036
4668 5039
4669 5038
4670 5041
4671 5045
4672 5046
4673 5048
4674 5047
4675 5051
4676 5049
4677 5051
4678 5050
4679 5055
4680 5056
4681 5051
4682 5051
4683 5050
4684 5050
4685 5047
4686 5046
4687 5050
4688 5053
4689 5051
4690 5039
4691 5041
4692 5037
4693 5038
4694 5039
4695 5040
4696 5034
4697 5029
4698 5026
4699 5030
4700 5032
4701 5038
4702 5041
4703 5043
4704 5043
4705 5045
4706 5045
4707 5040
4708 5044
4709 5038
4710 5041
4711 5043
4712 5045
4713 5045
4714 5045
4715 5037
4716 5040
4717 5046
4718 5046
4719 5044
4720 5044
4721 5041
4722 5040
4723 5045
4724 5039
4725 5035
4726 5036
4727 5034
4728 5027
4729 5033
4730 5035
4731 5034
4732 5034
4733 5032
4734 5035
4735 5035
4736 5035
4737 5031
4738 5028
4739 5032
4740 5037
4741 5037
4742 5035
4743 5035
4744 5042
4745 5045
4746 5040
4747 5036
4748 5034
4749 5038
4750 5043
4751 5047
4752 5046
4753 5048
4754 5046
4755 5040
4756 5040
4757 5036
4758 5032
4759 5025
4760 5027
4761 5028
4762 5029
4763 5027
4764 5029
4765 5029
4766 5029
4767 5028
4768 5028
4769 5021
4770 5017
4771 5017
4772 5014
4773 5014
4774 5011
4775 5013
4776 5012
4777 5011
4778 5016
4779 5016
4780 5017
4781 5017
4782 5016
4783 5022
4784 5024
4785 5030
4786 5033
4787 5035
4788 5038
4789 5040
4790 5043
4791 5045
4792 5047
4793 5047
4794 5046
4795 5047
4796 5046
4797 5045
4798 5050
4799 5052
4800 5053
4801 5055
4802 5057
4803 5055
4804 5056
4805 5056
4806 5058
4807 5055
4808 5056
4809 5057
4810 5060
4811 5057
4812 5057
4813 5058
4814 5062
4815 5060
4816 5062
4817 5060
4818 5054
4819 5053
4820 5055
4821 5056
4822 5057
4823 5065
4824 5062
4825 5064
4826 5065
4827 5068
4828 5069
4829 5077
4830 5076
4831 5078
4832 5080
4833 5079
4834 5076
4835 5078
4836 5079
4837 5078
4838 5080
4839 5082
4840 5075
4841 5074
4842 5078
4843 5077
4844 5071
4845 5067
4846 5068
4847 5068
4848 5063
4849 5067
4850 5072
4851 5067
4852 5070
4853 5075
4854 5075
4855 5078
4856 5073
4857 5069
4858 5070
4859 5067
4860 5068
4861 5073
4862 5075
4863 5077
4864 5075
4865 5073
4866 5071
4867 5074
4868 5071
4869 5069
4870 5063
4871 5061
4872 5064
4873 5062
4874 5061
4875 5062
4876 5064
4877 5069
4878 5060
4879 5057
4880 5052
4881 5046
4882 5046
4883 5040
4884 5034
4885 5035
4886 5034
4887 5039
4888 5037
4889 5038
4890 5042
4891 5038
4892 5039
4893 5038
4894 5039
4895 5041
4896 5037
4897 5036
4898 5038
4899 5033
4900 5037
4901 5035
4902 5036
4903 5041
4904 5041
4905 5042
4906 5045
4907 5045
4908 5052
4909 5055
4910 5058
4911 5052
4912 5048
4913 5047
4914 5051
4915 5048
4916 5048
4917 5053
4918 5058
4919 5057
4920 5060
4921 5058
4922 5058
4923 5055
4924 5056
4925 5058
4926 5048
4927 5050
4928 5043
4929 5045
4930 5045
4931 5046
4932 5041
4933 5034
4934 5032
4935 5032
4936 5033
4937 5028
4938 5028
4939 5023
4940 5020
4941 5021
4942 5018
4943 5021
4944 5017
4945 5015
4946 5019
4947 5023
4948 5018
4949 5022
4950 5024
4951 5022
4952 5023
4953 5025
4954 5021
4955 5021
4956 5024
4957 5026
4958 5030
4959 5028
4960 5026
4961 5025
4962 5024
4963 5025
4964 5031
4965 5032
4966 5031
4967 5035
4968 5034
4969 5040
4970 5039
4971 5034
4972 5030
4973 5033
4974 5033
4975 5034
4976 5039
4977 5040
4978 5039
4979 5032
4980 5030
4981 5032
4982 5035
4983 5036
4984 5036
4985 5033
4986 5030
4987 5029
4988 5031
4989 5033
4990 5035
4991 5036
4992 5034
4993 5036
4994 5040
4995 5040
4996 5040
4997 5042
4998 5044
4999 5038
5000 5032
5001 5035
5002 5033
5003 5029
5004 5026
5005 5023
5006 5021
5007 5020
5008 5009
5009 5007
5010 5008
5011 5010
5012 5009
5013 5005
5014 5007
5015 5004
5016 5001
5017 5000
5018 5000
5019 4998
5020 4998
5021 5000
5022 4997
5023 4999
5024 5000
5025 4993
5026 4996
5027 4995
5028 5002
5029 4998
5030 5002
5031 4996
5032 4993
5033 4992
5034 4989
5035 4991
5036 4992
5037 4996
5038 4997
5039 4996
5040 4995
5041 4996
5042 4994
5043 4998
5044 5003
5045 5003
5046 5005
5047 4999
5048 5002
5049 5003
5050 5002
5051 5005
5052 5007
5053 5009
5054 5011
5055 5010
5056 5011
5057 5010
5058 5012
5059 5011
5060 5014
5061 5014
5062 5017
5063 5016
5064 5017
5065 5017
5066 5012
5067 5013
5068 5009
5069 5013
5070 5016
5071 5016
5072 5017
5073 5016
5074 5016
5075 5020
5076 5023
5077 5025
5078 5027
5079 5026
5080 5023
5081 5025
5082 5024
5083 5021
5084 5024
5085 5018
5086 5016
5087 5017
5088 5019
5089 5025
5090 5028
5091 5029
5092 5031
5093 5024
5094 5022
5095 5020
5096 5018
5097 5019
5098 5022
5099 5021
5100 5018
5101 5019
5102 5020
5103 5019
5104 5018
5105 5023
5106 5025
5107 5028
5108 5031
5109 5034
5110 5030
5111 5030
5112 5033
5113 5036
5114 5032
5115 5034
5116 5037
5117 5034
5118 5037
5119 5040
5120 5032
5121 5034
5122 5032
5123 5030
5124 5033
5125 5032
5126 5027
5127 5026
5128 5027
5129 5026
5130 5031
5131 5033
5132 5039
5133 5040
5134 5042
5135 5039
5136 5033
5137 5036
5138 5034
5139 5030
5140 5030
5141 5030
5142 5028
5143 5033
5144 5034
5145 5030
5146 5032
5147 5032
5148 5033
5149 5031
5150 5032
5151 5035
5152 5037
5153 5029
5154 5027
5155 5031
5156 5033
5157 5032
5158 5035
5159 5037
5160 5035
5161 5036
5162 5040
5163 5045
5164 5045
5165 5050
5166 5047
5167 5048
5168 5045
5169 5040
5170 5042
5171 5039
5172 5039
5173 5037
5174 5033
5175 5034
5176 5033
5177 5034
5178 5037
5179 5032
5180 5031
5181 5029
5182 5028
5183 5026
5184 5022
5185 5027
5186 5027
5187 5027
5188 5032
5189 5025
5190 5024
5191 5020
5192 5022
5193 5020
5194 5016
5195 5016
5196 5020
5197 5021
5198 5027
5199 5027
5200 5028
5201 5025
5202 5022
5203 5024
5204 5023
5205 5023
5206 5026
5207 5032
5208 5037
5209 5040
5210 5044
5211 5046
5212 5048
5213 5051
5214 5048
5215 5047
5216 5046
5217 5047
5218 5053
5219 5053
5220 5054
5221 5056
5222 5051
5223 5049
5224 5050
5225 5053
5226 5053
5227 5049
5228 5048
5229 5046
5230 5044
5231 5039
5232 5036
5233 5035
5234 5034
5235 5034
5236 5037
5237 5035
5238 5032
5239 5033
5240 5030
5241 5037
5242 5033
5243 5034
5244 5031
5245 5024
5246 5027
5247 5027
5248 5024
5249 5021
5250 5023
5251 5023
5252 5019
5253 5020
5254 5018
5255 5021
5256 5024
5257 5022
5258 5024
5259 5031
5260 5033
5261 5032
5262 5028
5263 5024
5264 5024
5265 5024
5266 5020
5267 5022
5268 5026
5269 5019
5270 5016
5271 5014
5272 5013
5273 5014
5274 5016
5275 5019
5276 5017
5277 5021
5278 5015
5279 5014
5280 5017
5281 5021
5282 5022
5283 5023
5284 5018
5285 5013
5286 5016
5287 5012
5288 5007
5289 5010
5290 5012
5291 5011
5292 5011
5293 5014
5294 5020
5295 5023
5296 5025
5297 5022
5298 5024
5299 5024
5300 5017
5301 5015
5302 5017
5303 5021
5304 5020
5305 5020
5306 5014
5307 5012
5308 5001
5309 5003
5310 5004
5311 5003
5312 5002
5313 4996
5314 4997
5315 5003
5316 4998
5317 5002
5318 4999
5319 4999
5320 5001
5321 5003
5322 5003
5323 4999
5324 5002
5325 5003
5326 5000
5327 5001
5328 5003
5329 5000
5330 5000
5331 5003
5332 5004
5333 5005
5334 5003
5335 4999
5336 5000
5337 4998
5338 4995
5339 4994
5340 4996
5341 4994
5342 4992
5343 4992
5344 4992
5345 4987
5346 4987
5347 4991
5348 4997
5349 4999
5350 5001
5351 5000
5352 5003
5353 5005
5354 5001
5355 5000
5356 4999
5357 4994
5358 4989
5359 4989
5360 4989
5361 4987
5362 4987
5363 4991
5364 4987
5365 4987
5366 4993
5367 4992
5368 4996
5369 4999
5370 5003
5371 5004
5372 5007
5373 5008
5374 5011
5375 5015
5376 5020
5377 5020
5378 5018
5379 5022
5380 5021
5381 5021
5382 5019
5383 5018
5384 5015
5385 5013
5386 5013
5387 5008
5388 5004
5389 5003
5390 4999
5391 4995
5392 4999
5393 5001
5394 5007
5395 5009
5396 5011
5397 5010
5398 5010
5399 5015
5400 5017
5401 5018
5402 5019
5403 5019
5404 5023
5405 5026
5406 5026
5407 5021
5408 5018
5409 5019
5410 5019
5411 5023
5412 5028
5413 5025
5414 5027
5415 5027
5416 5026
5417 5028
5418 5031
5419 5031
5420 5033
5421 5033
5422 5029
5423 5022
5424 5024
5425 5027
5426 5026
5427 5018
5428 5024
5429 5024
5430 5022
5431 5015
5432 5015
5433 5012
5434 5008
5435 5011
5436 5014
5437 5016
5438 5015
5439 5012
5440 5014
5441 5012
5442 5009
5443 5009
5444 5011
5445 5013
5446 5014
5447 5018
5448 5019
5449 5020
5450 5022
5451 5021
5452 5021
5453 5019
5454 5021
5455 5017
5456 5015
5457 5011
5458 5013
5459 5012
5460 5016
5461 5022
5462 5020
5463 5021
5464 5020
5465 5019
5466 5021
5467 5017
5468 5019
5469 5023
5470 5022
5471 5019
5472 5018
5473 5015
5474 5018
5475 5015
5476 5017
5477 5015
5478 5015
5479 5021
5480 5019
5481 5017
5482 5016
5483 5014
5484 5015
5485 5009
5486 5011
5487 5008
5488 5007
5489 5007
5490 5000
5491 5000
5492 5001
5493 4998
5494 5000
5495 5003
5496 5007
5497 5005
5498 5000
5499 5003
5500 5004
5501 5005
5502 5010
5503 5012
5504 5009
5505 5006
5506 5001
5507 4998
5508 4999
5509 4996
5510 4994
5511 4999
5512 5000
5513 4994
5514 4991
5515 4989
5516 4987
5517 4984
5518 4984
5519 4977
5520 4977
5521 4978
5522 4978
5523 4981
5524 4977
5525 4972
5526 4963
5527 4964
5528 4964
5529 4967
5530 4971
5531 4973
5532 4976
5533 4976
5534 4973
5535 4977
5536 4973
5537 4973
5538 4970
5539 4966
5540 4969
5541 4964
5542 4959
5543 4959
5544 4953
5545 4952
5546 4954
5547 4956
5548 4955
5549 4950
5550 4948
5551 4947
5552 4949
5553 4947
5554 4940
5555 4943
5556 4946
5557 4944
5558 4946
5559 4951
5560 4950
5561 4951
5562 4951
5563 4948
5564 4951
5565 4948
5566 4949
5567 4948
5568 4948
5569 4951
5570 4954
5571 4952
5572 4951
5573 4945
5574 4947
5575 4942
5576 4943
5577 4941
5578 4941
5579 4944
5580 4941
5581 4942
5582 4941
5583 4937
5584 4939
5585 4945
5586 4946
5587 4951
5588 4952
5589 4949
5590 4948
5591 4950
5592 4954
5593 4950
5594 4952
5595 4953
5596 4953
5597 4953
5598 4953
5599 4953
5600 4953
5601 4951
5602 4949
5603 4949
5604 4944
5605 4951
5606 4952
5607 4950
5608 4952
5609 4953
5610 4952
5611 4954
5612 4957
5613 4957
5614 4962
5615 4964
5616 4961
5617 4965
5618 4965
5619 4962
5620 4960
5621 4958
5622 4964
5623 4964
5624 4968
5625 4966
5626 4966
5627 4965
5628 4967
5629 4968
5630 4971
5631 4974
5632 4975
5633 4975
5634 4978
5635 4978
5636 4977
5637 4979
5638 4979
5639 4978
5640 4973
5641 4977
5642 4977
5643 4979
5644 4977
5645 4976
5646 4975
5647 4977
5648 4978
5649 4979
5650 4974
5651 4971
5652 4975
5653 4976
5654 4982
5655 4981
5656 4981
5657 4980
5658 4976
5659 4977
5660 4978
5661 4977
5662 4980
5663 4975
5664 4978
5665 4975
5666 4978
5667 4975
5668 4973
5669 4970
5670 4970
5671 4967
5672 4965
5673 4962
5674 4961
5675 4964
5676 4966
5677 4969
5678 4976
5679 4973
5680 4972
5681 4970
5682 4968
5683 4972
5684 4975
5685 4971
5686 4969
5687 4971
5688 4972
5689 4978
5690 4984
5691 4984
5692 4985
5693 4985
5694 4987
5695 4987
5696 4984
5697 4985
5698 4982
5699 4984
5700 4985
5701 4987
5702 4992
5703 4992
5704 4989
5705 4995
5706 4998
5707 4993
5708 4998
5709 4994
5710 4997
5711 4994
5712 4992
5713 4991
5714 4991
5715 4995
5716 4996
5717 4992
5718 4992
5719 4993
5720 4991
5721 4990
5722 4989
5723 4991
5724 4994
5725 4994
5726 5000
5727 4995
5728 4995
5729 4997
5730 4992
5731 4994
5732 4997
5733 4994
5734 4994
5735 4996
5736 4999
5737 5001
5738 5001
5739 5005
5740 5011
5741 5010
5742 5014
5743 5015
5744 5018
5745 5015
5746 5013
5747 5014
5748 5019
5749 5020
5750 5023
5751 5020
5752 5016
5753 5015
5754 5013
5755 5011
5756 5014
5757 5015
5758 5016
5759 5020
5760 5019
5761 5022
5762 5027
5763 5026
5764 5027
5765 5023
5766 5027
5767 5028
5768 5033
5769 5038
5770 5039
5771 5039
5772 5040
5773 5045
5774 5049
5775 5052
5776 5054
5777 5057
5778 5054
5779 5056
5780 5053
5781 5053
5782 5055
5783 5056
5784 5061
5785 5055
5786 5053
5787 5053
5788 5057
5789 5060
5790 5058
5791 5059
5792 5058
5793 5056
5794 5057
5795 5057
5796 5054
5797 5054
5798 5054
5799 5057
5800 5054
5801 5058
5802 5063
5803 5062
5804 5057
5805 5057
5806 5051
5807 5051
5808 5050
5809 5048
5810 5048
5811 5048
5812 5052
5813 5058
5814 5059
5815 5061
5816 5068
5817 5067
5818 5063
5819 5063
5820 5061
5821 5062
5822 5060
5823 5066
5824 5068
5825 5066
5826 5062
5827 5056
5828 5049
5829 5051
5830 5054
5831 5053
5832 5050
5833 5057
5834 5061
5835 5060
5836 5058
5837 5054
5838 5056
5839 5062
5840 5061
5841 5069
5842 5072
5843 5063
5844 5064
5845 5066
5846 5070
5847 5067
5848 5065
5849 5061
5850 5068
5851 5063
5852 5067
5853 5065
5854 5065
5855 5065
5856 5058
5857 5062
5858 5057
5859 5051
5860 5042
5861 5033
5862 5037
5863 5036
5864 5037
5865 5043
5866 5038
5867 5036
5868 5038
5869 5035
5870 5031
5871 5032
5872 5033
5873 5033
5874 5033
5875 5027
5876 5020
5877 5022
5878 5024
5879 5023
5880 5020
5881 5024
5882 5015
5883 5012
5884 5013
5885 5013
5886 5013
5887 5012
5888 5015
5889 5018
5890 5018
5891 5020
5892 5018
5893 5018
5894 5018
5895 5017
5896 5018
5897 5016
5898 5018
5899 5011
5900 5009
5901 5009
5902 5010
5903 5011
5904 5011
5905 5015
5906 5014
5907 5018
5908 5014
5909 5018
5910 5022
5911 5021
5912 5027
5913 5023
5914 5028
5915 5024
5916 5021
5917 5016
5918 5013
5919 5015
5920 5007
5921 5010
5922 5011
5923 5014
5924 5014
5925 5012
5926 5014
5927 5019
5928 5014
5929 5015
5930 5017
5931 5016
5932 5021
5933 5022
5934 5024
5935 5017
5936 5022
5937 5019
5938 5020
5939 5020
5940 5016
5941 5015
5942 5013
5943 5011
5944 5017
5945 5016
5946 5018
5947 5019
5948 5020
5949 5019
5950 5014
5951 5011
5952 5011
5953 5012
5954 5012
5955 5015
5956 5016
5957 5019
5958 5015
5959 5010
5960 5013
5961 5011
5962 5012
5963 5010
5964 5018
5965 5016
5966 5020
5967 5023
5968 5024
5969 5021
5970 5011
5971 5005
5972 5004
5973 5007
5974 5008
5975 5012
5976 5008
5977 5004
5978 5005
5979 5000
5980 5002
5981 4998
5982 5001
5983 4998
5984 4995
5985 4995
5986 4996
5987 4995
5988 4994
5989 4987
5990 4988
5991 4987
5992 4983
5993 4984
5994 4978
5995 4980
5996 4984
5997 4985
5998 4985
5999 4981
6000 4979
6001 4976
6002 4974
6003 4974
6004 4979
6005 4973
6006 4978
6007 4978
6008 4980
6009 4978
6010 4980
6011 4978
6012 4978
6013 4979
6014 4980
6015 4980
6016 4976
6017 4977
6018 4979
6019 4983
6020 4984
6021 4981
6022 4981
6023 4981
6024 4978
6025 4977
6026 4973
6027 4973
6028 4972
6029 4975
6030 4978
6031 4980
6032 4982
6033 4983
6034 4988
6035 4987
6036 4990
6037 4990
6038 4988
6039 4988
6040 4984
6041 4983
6042 4988
6043 4982
6044 4983
6045 4985
6046 4988
6047 4989
6048 4991
6049 4991
6050 4990
6051 4991
6052 4996
6053 4994
6054 4988
6055 4989
6056 4993
6057 4990
6058 4987
6059 4986
6060 4983
6061 4984
6062 4981
6063 4983
6064 4987
6065 4984
6066 4992
6067 4986
6068 4987
6069 4987
6070 4989
6071 4991
6072 4991
6073 4990
6074 4991
6075 4993
6076 4993
6077 4993
6078 4987
6079 4980
6080 4980
6081 4981
6082 4985
6083 4985
6084 4981
6085 4984
6086 4983
6087 4986
6088 4986
6089 4989
6090 4989
6091 4989
6092 4987
6093 4984
6094 4984
6095 4983
6096 4985
6097 4985
6098 4985
6099 4985
6100 4976
6101 4980
6102 4978
6103 4973
6104 4975
6105 4977
6106 4976
6107 4976
6108 4973
6109 4970
6110 4972
6111 4968
6112 4968
6113 4974
6114 4978
6115 4979
6116 4980
6117 4980
6118 4979
6119 4981
6120 4983
6121 4982
6122 4982
6123 4984
6124 4980
6125 4982
6126 4985
6127 4980
6128 4976
6129 4972
6130 4973
6131 4972
6132 4971
6133 4968
6134 4966
6135 4968
6136 4965
6137 4967
6138 4965
6139 4967
6140 4967
6141 4973
6142 4978
6143 4979
6144 4978
6145 4979
6146 4979
6147 4980
6148 4978
6149 4977
6150 4975
6151 4974
6152 4973
6153 4976
6154 4978
6155 4971
6156 4966
6157 4966
6158 4965
6159 4967
6160 4966
6161 4965
6162 4969
6163 4965
6164 4967
6165 4970
6166 4974
6167 4976
6168 4975
6169 4978
6170 4976
6171 4975
6172 4978
6173 4973
6174 4965
6175 4966
6176 4963
6177 4966
6178 4968
6179 4971
6180 4975
6181 4974
6182 4976
6183 4980
6184 4983
6185 4986
6186 4985
6187 4984
6188 4984
6189 4982
6190 4976
6191 4979
6192 4980
6193 4984
6194 4988
6195 4983
6196 4979
6197 4980
6198 4981
6199 4978
6200 4975
6201 4972
6202 4972
6203 4975
6204 4971
6205 4967
6206 4967
6207 4966
6208 4962
6209 4958
6210 4959
6211 4953
6212 4953
6213 4956
6214 4954
6215 4955
6216 4955
6217 4957
6218 4959
6219 4958
6220 4959
6221 4960
6222 4959
6223 4960
6224 4962
6225 4961
6226 4960
6227 4963
6228 4966
6229 4966
6230 4965
6231 4966
6232 4963
6233 4964
6234 4959
6235 4957
6236 4957
6237 4961
6238 4957
6239 4959
6240 4958
6241 4957
6242 4956
6243 4958
6244 4963
6245 4967
6246 4967
6247 4968
6248 4968
6249 4969
6250 4972
6251 4976
6252 4979
6253 4976
6254 4980
6255 4980
6256 4980
6257 4982
6258 4988
6259 4986
6260 4992
6261 4989
6262 4989
6263 4989
6264 4989
6265 4992
6266 4995
6267 4995
6268 4990
6269 4988
6270 4985
6271 4992
6272 4986
6273 4985
6274 4988
6275 4990
6276 4986
6277 4990
6278 4991
6279 4989
6280 4992
6281 4996
6282 4989
6283 4991
6284 4988
6285 4993
6286 4991
6287 4989
6288 4995
6289 4996
6290 5000
6291 5000
6292 5001
6293 5001
6294 5000
6295 4998
6296 4998
6297 5000
6298 5004
6299 5000
6300 4998
6301 4995
6302 4997
6303 4993
6304 4991
6305 4992
6306 4987
6307 4988
6308 4988
6309 4989
6310 4991
6311 4988
6312 4989
6313 4990
6314 4990
6315 4989
6316 4989
6317 4987
6318 4994
6319 4997
6320 5001
6321 5001
6322 4999
6323 5000
6324 4993
6325 4992
6326 4988
6327 4985
6328 4974
6329 4973
6330 4977
6331 4979
6332 4977
6333 4968
6334 4971
6335 4967
6336 4966
6337 4969
6338 4970
6339 4971
6340 4965
6341 4966
6342 4966
6343 4965
6344 4964
6345 4965
6346 4965
6347 4964
6348 4966
6349 4967
6350 4974
6351 4972
6352 4965
6353 4962
6354 4955
6355 4954
6356 4956
6357 4958
6358 4961
6359 4961
6360 4959
6361 4962
6362 4961
6363 4968
6364 4967
6365 4959
6366 4959
6367 4959
6368 4956
6369 4958
6370 4950
6371 4954
6372 4956
6373 4957
6374 4954
6375 4951
6376 4952
6377 4957
6378 4960
6379 4957
6380 4960
6381 4960
6382 4957
6383 4956
6384 4956
6385 4955
6386 4955
6387 4955
6388 4954
6389 4954
6390 4949
6391 4952
6392 4946
6393 4945
6394 4946
6395 4942
6396 4939
6397 4940
6398 4939
6399 4937
6400 4933
6401 4936
6402 4926
6403 4923
6404 4925
6405 4919
6406 4922
6407 4925
6408 4925
6409 4930
6410 4932
6411 4937
6412 4939
6413 4944
6414 4945
6415 4945
6416 4944
6417 4947
6418 4944
6419 4942
6420 4939
6421 4943
6422 4943
6423 4941
6424 4943
6425 4942
6426 4934
6427 4938
6428 4934
6429 4936
6430 4930
6431 4927
6432 4927
6433 4930
6434 4927
6435 4924
6436 4928
6437 4928
6438 4931
6439 4928
6440 4929
6441 4928
6442 4928
6443 4928
6444 4931
6445 4935
6446 4936
6447 4936
6448 4930
6449 4935
6450 4923
6451 4923
6452 4922
6453 4924
6454 4920
6455 4922
6456 4918
6457 4922
6458 4924
6459 4919
6460 4921
6461 4922
6462 4924
6463 4925
6464 4921
6465 4921
6466 4926
6467 4922
6468 4917
6469 4918
6470 4920
6471 4914
6472 4917
6473 4916
6474 4920
6475 4920
6476 4921
6477 4919
6478 4920
6479 4921
6480 4923
6481 4926
6482 4917
6483 4921
6484 4924
6485 4919
6486 4922
6487 4926
6488 4927
6489 4922
6490 4921
6491 4924
6492 4928
6493 4927
6494 4925
6495 4929
6496 4925
6497 4925
6498 4926
6499 4925
6500 4924
6501 4927
6502 4926
6503 4927
6504 4927
6505 4922
6506 4922
6507 4927
6508 4929
6509 4927
6510 4926
6511 4927
6512 4928
6513 4928
6514 4927
6515 4926
6516 4924
6517 4923
6518 4925
6519 4924
6520 4922
6521 4925
6522 4925
6523 4931
6524 4925
6525 4930
6526 4931
6527 4933
6528 4932
6529 4925
6530 4930
6531 4927
6532 4926
6533 4929
6534 4929
6535 4929
6536 4930
6537 4926
6538 4930
6539 4933
6540 4939
6541 4936
6542 4937
6543 4926
6544 4928
6545 4930
6546 4932
6547 4929
6548 4930
6549 4927
6550 4924
6551 4923
6552 4921
6553 4920
6554 4920
6555 4914
6556 4909
6557 4908
6558 4907
6559 4906
6560 4900
6561 4900
6562 4903
6563 4903
6564 4904
6565 4908
6566 4899
6567 4903
6568 4908
6569 4907
6570 4906
6571 4909
6572 4912
6573 4913
6574 4914
6575 4914
6576 4916
6577 4917
6578 4923
6579 4924
6580 4924
6581 4930
6582 4932
6583 4928
6584 4929
6585 4931
6586 4931
6587 4935
6588 4936
6589 4934
6590 4936
6591 4940
6592 4937
6593 4940
6594 4941
6595 4947
6596 4946
6597 4951
6598 4944
6599 4941
6600 4944
6601 4946
6602 4950
6603 4948
6604 4953
6605 4951
6606 4943
6607 4939
6608 4938
6609 4941
6610 4941
6611 4941
6612 4946
6613 4945
6614 4948
6615 4943
6616 4933
6617 4935
6618 4937
6619 4940
6620 4946
6621 4943
6622 4946
6623 4952
6624 4953
6625 4958
6626 4951
6627 4954
6628 4958
6629 4951
6630 4947
6631 4945
6632 4948
6633 4944
6634 4942
6635 4939
6636 4943
6637 4943
6638 4945
6639 4949
6640 4954
6641 4958
6642 4961
6643 4964
6644 4966
6645 4964
6646 4959
6647 4957
6648 4956
6649 4951
6650 4954
6651 4956
6652 4955
6653 4954
6654 4958
6655 4961
6656 4962
6657 4959
6658 4960
6659 4956
6660 4955
6661 4957
6662 4956
6663 4954
6664 4953
6665 4951
6666 4958
6667 4956
6668 4959
6669 4955
6670 4951
6671 4951
6672 4953
6673 4958
6674 4952
6675 4956
6676 4962
6677 4964
6678 4962
6679 4958
6680 4959
6681 4964
6682 4964
6683 4967
6684 4972
6685 4973
6686 4974
6687 4975
6688 4970
6689 4972
6690 4975
6691 4973
6692 4978
6693 4980
6694 4979
6695 4977
6696 4976
6697 4978
6698 4984
6699 4985
6700 4979
6701 4983
6702 4982
6703 4978
6704 4981
6705 4977
6706 4981
6707 4984
6708 4987
6709 4987
6710 4978
6711 4979
6712 4985
6713 4984
6714 4976
6715 4973
6716 4974
6717 4978
6718 4981
6719 4987
6720 4988
6721 4993
6722 4990
6723 4990
6724 4992
6725 4994
6726 4994
6727 4989
6728 4992
6729 4994
6730 4994
6731 4990
6732 4987
6733 4987
6734 4987
6735 4979
6736 4977
6737 4977
6738 4977
6739 4980
6740 4982
6741 4983
6742 4980
6743 4984
6744 4987
6745 4987
6746 4988
6747 4987
6748 4986
6749 4992
6750 4991
6751 4990
6752 4992
6753 4990
6754 4992
6755 4994
6756 4993
6757 4995
6758 4994
6759 4990
6760 4988
6761 4989
6762 4989
6763 4995
6764 4988
6765 4986
6766 4987
6767 4984
6768 4983
6769 4981
6770 4981
6771 4983
6772 4979
6773 4985
6774 4977
6775 4974
6776 4977
6777 4976
6778 4977
6779 4979
6780 4980
6781 4981
6782 4982
6783 4984
6784 4987
6785 4985
6786 4988
6787 4988
6788 4991
6789 4998
6790 5000
6791 5003
6792 5005
6793 5000
6794 4999
6795 4998
6796 4998
6797 4997
6798 4996
6799 5000
6800 5005
6801 5008
6802 5008
6803 5004
6804 5008
6805 5009
6806 5004
6807 5006
6808 5004
6809 5006
6810 5001
6811 5003
6812 5002
6813 5005
6814 5007
6815 5006
6816 5010
6817 5010
6818 5013
6819 5005
6820 5004
6821 5007
6822 5004
6823 5001
6824 4997
6825 4999
6826 4995
6827 4991
6828 4997
6829 4999
6830 4995
6831 4997
6832 4991
6833 4985
6834 4983
6835 4980
6836 4977
6837 4974
6838 4974
6839 4973
6840 4974
6841 4980
6842 4978
6843 4981
6844 4980
6845 4980
6846 4983
6847 4985
6848 4987
6849 4990
6850 4991
6851 4991
6852 4992
6853 4994
6854 4994
6855 4995
6856 4997
6857 4998
6858 5001
6859 5000
6860 5002
6861 5004
6862 5009
6863 5011
6864 5009
6865 5011
6866 5014
6867 5015
6868 5016
6869 5017
6870 5017
6871 5020
6872 5017
6873 5020
6874 5023
6875 5019
6876 5022
6877 5026
6878 5017
6879 5016
6880 5021
6881 5024
6882 5020
6883 5016
6884 5019
6885 5022
6886 5018
6887 5016
6888 5020
6889 5016
6890 5016
6891 5009
6892 5006
6893 5007
6894 5009
6895 5010
6896 5010
6897 5014
6898 5013
6899 5012
6900 5014
6901 5014
6902 5018
6903 5018
6904 5020
6905 5017
6906 5013
6907 5017
6908 5013
6909 5014
6910 5011
6911 5011
6912 5008
6913 5006
6914 5011
6915 5009
6916 5012
6917 5014
6918 5016
6919 5014
6920 5016
6921 5015
6922 5012
6923 5014
6924 5013
6925 5015
6926 5015
6927 5007
6928 5008
6929 5011
6930 5015
6931 5017
6932 5014
6933 5014
6934 5012
6935 5011
6936 5010
6937 5005
6938 5005
6939 5009
6940 5006
6941 5005
6942 5006
6943 5006
6944 5003
6945 5004
6946 4997
6947 4992
6948 4992
6949 4992
6950 4993
6951 4995
6952 4997
6953 5000
6954 4998
6955 4994
6956 4993
6957 4998
6958 5002
6959 5001
6960 5005
6961 5011
6962 5009
6963 5005
6964 5003
6965 5004
6966 5004
6967 5004
6968 5002
6969 5003
6970 4999
6971 5006
6972 5004
6973 5004
6974 5001
6975 5000
6976 5002
6977 5004
6978 5002
6979 5007
6980 5004
6981 5010
6982 5011
6983 5013
6984 5012
6985 5011
6986 5010
6987 5010
6988 5009
6989 5008
6990 5007
6991 5004
6992 5006
6993 5002
6994 5003
6995 5005
6996 5004
6997 5009
6998 5009
6999 5009
7000 5010
7001 5010
7002 5014
7003 5014
7004 5016
7005 5014
7006 5013
7007 5010
7008 5014
7009 5014
7010 5009
7011 5009
7012 5010
7013 5005
7014 5006
7015 5001
7016 4995
7017 4997
7018 4997
7019 4999
7020 4999
7021 4996
7022 4995
7023 4998
7024 5001
7025 4998
7026 4992
7027 4988
7028 4990
7029 4992
7030 4987
7031 4990
7032 4985
7033 4985
7034 4987
7035 4986
7036 4983
7037 4986
7038 4989
7039 4989
7040 4993
7041 4993
7042 4997
7043 4992
7044 4989
7045 4989
7046 4991
7047 4992
7048 4994
7049 4987
7050 4983
7051 4974
7052 4976
7053 4978
7054 4977
7055 4969
7056 4969
7057 4967
7058 4965
7059 4966
7060 4965
7061 4967
7062 4965
7063 4969
7064 4976
7065 4974
7066 4976
7067 4977
7068 4980
7069 4981
7070 4976
7071 4977
7072 4977
7073 4976
7074 4974
7075 4975
7076 4973
7077 4975
7078 4972
7079 4974
7080 4975
7081 4970
7082 4965
7083 4968
7084 4969
7085 4965
7086 4966
7087 4968
7088 4969
7089 4967
7090 4969
7091 4970
7092 4970
7093 4968
7094 4968
7095 4971
7096 4970
7097 4971
7098 4977
7099 4977
7100 4978
7101 4980
7102 4981
7103 4981
7104 4983
7105 4985
7106 4986
7107 4985
7108 4989
7109 4990
7110 4992
7111 4994
7112 4996
7113 4997
7114 4996
7115 4994
7116 4999
7117 4997
7118 4991
7119 4993
7120 4994
7121 4996
7122 5003
7123 5004
7124 5005
7125 5008
7126 5012
7127 5012
7128 5010
7129 5010
7130 5006
7131 5010
7132 5007
7133 5008
7134 5010
7135 5003
7136 5003
7137 5004
7138 5000
7139 5004
7140 5007
7141 5006
7142 5012
7143 5003
7144 5008
7145 5013
7146 5012
7147 5015
7148 5006
7149 5008
7150 5009
7151 5013
7152 5009
7153 5010
7154 5009
7155 5008
7156 5008
7157 5006
7158 5006
7159 4997
7160 4995
7161 4990
7162 4990
7163 4994
7164 4994
7165 4990
7166 4995
7167 4996
7168 4999
7169 4994
7170 4992
7171 4987
7172 4984
7173 4986
7174 4985
7175 4992
7176 4986
7177 4981
7178 4976
7179 4976
7180 4980
7181 4981
7182 4977
7183 4979
7184 4976
7185 4972
7186 4970
7187 4968
7188 4967
7189 4972
7190 4973
7191 4974
7192 4972
7193 4971
7194 4970
7195 4965
7196 4962
7197 4962
7198 4961
7199 4958
7200 4959
7201 4958
7202 4957
7203 4957
7204 4955
7205 4959
7206 4963
7207 4964
7208 4969
7209 4970
7210 4969
7211 4969
7212 4966
7213 4966
7214 4967
7215 4968
7216 4971
7217 4969
7218 4972
7219 4973
7220 4969
7221 4969
7222 4965
7223 4963
7224 4966
7225 4962
7226 4964
7227 4967
7228 4966
7229 4971
7230 4974
7231 4970
7232 4969
7233 4971
7234 4973
7235 4977
7236 4978
7237 4979
7238 4983
7239 4985
7240 4989
7241 4987
7242 4993
7243 4996
7244 5002
7245 5003
7246 5004
7247 4996
7248 4996
7249 4992
7250 4996
7251 4999
7252 4996
7253 4997
7254 4996
7255 4991
7256 4994
7257 4993
7258 4993
7259 4991
7260 4998
7261 4997
7262 4998
7263 5001
7264 4998
7265 4995
7266 4990
7267 4992
7268 4993
7269 4998
7270 4999
7271 5000
7272 5001
7273 5001
7274 5003
7275 5004
7276 4995
7277 4995
7278 4993
7279 4991
7280 4992
7281 4988
7282 4992
7283 4993
7284 4986
7285 4981
7286 4981
7287 4979
7288 4982
7289 4984
7290 4987
7291 4982
7292 4983
7293 4984
7294 4984
7295 4982
7296 4979
7297 4979
7298 4983
7299 4986
7300 4989
7301 4993
7302 4992
7303 4990
7304 4994
7305 4992
7306 4994
7307 4992
7308 4994
7309 4995
7310 4999
7311 5001
7312 5001
7313 5004
7314 5006
7315 5007
7316 5006
7317 5008
7318 5013
7319 5012
7320 5009
7321 5005
7322 5004
7323 5006
7324 5005
7325 5003
7326 5004
7327 5006
7328 5010
7329 5011
7330 5012
7331 5013
7332 5014
7333 5013
7334 5002
7335 5000
7336 5001
7337 4999
7338 4999
7339 4996
7340 4997
7341 4992
7342 4993
7343 4989
7344 4990
7345 4994
7346 4997
7347 4998
7348 4998
7349 4996
7350 4997
7351 4998
7352 4996
7353 4994
7354 4997
7355 4997
7356 5002
7357 5002
7358 5002
7359 5003
7360 5002
7361 5001
7362 5003
7363 5003
7364 5002
7365 4999
7366 4995
7367 4992
7368 4996
7369 4999
7370 4994
7371 4994
7372 4994
7373 4996
7374 4996
7375 5000
7376 4997
7377 4995
7378 4987
7379 4987
7380 4985
7381 4990
7382 4986
7383 4984
7384 4985
7385 4990
7386 4993
7387 4991
7388 4987
7389 4990
7390 4993
7391 4990
7392 4986
7393 4986
7394 4987
7395 4990
7396 4988
7397 4988
7398 4991
7399 4989
7400 4982
7401 4983
7402 4986
7403 4991
7404 4991
7405 4994
7406 4989
7407 4986
7408 4985
7409 4992
7410 4990
7411 4992
7412 4992
7413 4992
7414 4990
7415 4989
7416 4991
7417 4986
7418 4989
7419 4986
7420 4983
7421 4983
7422 4988
7423 4986
7424 4993
7425 4995
7426 4995
7427 4986
7428 4988
7429 4988
7430 4990
7431 4989
7432 4991
7433 4988
7434 4983
7435 4984
7436 4982
7437 4979
7438 4982
7439 4978
7440 4977
7441 4977
7442 4978
7443 4979
7444 4981
7445 4985
7446 4983
7447 4985
7448 4988
7449 4992
7450 4993
7451 4999
7452 5002
7453 5003
7454 5006
7455 5003
7456 5001
7457 5004
7458 5005
7459 5003
7460 5004
7461 5001
7462 5001
7463 5001
7464 5002
7465 5002
7466 5000
7467 5008
7468 5011
7469 5007
7470 5012
7471 5013
7472 5009
7473 5003
7474 5006
7475 5009
7476 5009
7477 5010
7478 5006
7479 5005
7480 5006
7481 5006
7482 5006
7483 5003
7484 5002
7485 5005
7486 5006
7487 5008
7488 5007
7489 5007
7490 5003
7491 5006
7492 5005
7493 5000
7494 4998
7495 4997
7496 5000
7497 5006
7498 5007
7499 5007
7500 5009
7501 5006
7502 5009
7503 5004
7504 5001
7505 4999
7506 5007
7507 5010
7508 5015
7509 5015
7510 5016
7511 5014
7512 5015
7513 5016
7514 5019
7515 5021
7516 5022
7517 5020
7518 5017
7519 5013
7520 5012
7521 5015
7522 5019
7523 5020
7524 5019
7525 5019
7526 5016
7527 5018
7528 5018
7529 5022
7530 5023
7531 5017
7532 5013
7533 5017
7534 5014
7535 5011
7536 5012
7537 5009
7538 5013
7539 5016
7540 5012
7541 5015
7542 5016
7543 5016
7544 5019
7545 5022
7546 5027
7547 5028
7548 5026
7549 5031
7550 5028
7551 5035
7552 5036
7553 5037
7554 5036
7555 5038
7556 5044
7557 5041
7558 5041
7559 5039
7560 5040
7561 5042
7562 5038
7563 5040
7564 5036
7565 5038
7566 5038
7567 5035
7568 5035
7569 5036
7570 5032
7571 5032
7572 5033
7573 5029
7574 5030
7575 5027
7576 5028
7577 5029
7578 5026
7579 5022
7580 5022
7581 5019
7582 5018
7583 5014
7584 5016
7585 5019
7586 5020
7587 5023
7588 5018
7589 5022
7590 5023
7591 5018
7592 5016
7593 5019
7594 5021
7595 5022
7596 5015
7597 5017
7598 5020
7599 5024
7600 5020
7601 5022
7602 5019
7603 5022
7604 5024
7605 5021
7606 5022
7607 5020
7608 5023
7609 5027
7610 5028
7611 5032
7612 5034
7613 5035
7614 5032
7615 5033
7616 5037
7617 5036
7618 5036
7619 5042
7620 5043
7621 5050
7622 5050
7623 5052
7624 5052
7625 5051
7626 5054
7627 5050
7628 5049
7629 5048
7630 5040
7631 5037
7632 5035
7633 5034
7634 5030
7635 5028
7636 5028
7637 5027
7638 5028
7639 5025
7640 5022
7641 5024
7642 5025
7643 5027
7644 5029
7645 5032
7646 5031
7647 5032
7648 5033
7649 5035
7650 5041
7651 5042
7652 5043
7653 5043
7654 5040
7655 5036
7656 5035
7657 5034
7658 5032
7659 5028
7660 5030
7661 5031
7662 5028
7663 5027
7664 5026
7665 5030
7666 5031
7667 5031
7668 5033
7669 5032
7670 5030
7671 5032
7672 5034
7673 5030
7674 5028
7675 5033
7676 5030
7677 5038
7678 5027
7679 5033
7680 5029
7681 5030
7682 5027
7683 5025
7684 5030
7685 5023
7686 5027
7687 5026
7688 5024
7689 5024
7690 5023
7691 5026
7692 5031
7693 5026
7694 5028
7695 5030
7696 5029
7697 5027
7698 5026
7699 5027
7700 5028
7701 5026
7702 5027
7703 5026
7704 5029
7705 5028
7706 5026
7707 5028
7708 5030
7709 5033
7710 5036
7711 5040
7712 5040
7713 5043
7714 5041
7715 5040
7716 5040
7717 5036
7718 5033
7719 5032
7720 5031
7721 5028
7722 5029
7723 5033
7724 5036
7725 5034
7726 5035
7727 5040
7728 5040
7729 5041
7730 5044
7731 5039
7732 5039
7733 5035
7734 5038
7735 5037
7736 5028
7737 5031
7738 5032
7739 5027
7740 5029
7741 5034
7742 5032
7743 5031
7744 5031
7745 5031
7746 5031
7747 5035
7748 5037
7749 5039
7750 5034
7751 5036
7752 5035
7753 5035
7754 5033
7755 5037
7756 5031
7757 5028
7758 5030
7759 5030
7760 5032
7761 5031
7762 5026
7763 5024
7764 5026
7765 5030
7766 5030
7767 5031
7768 5029
7769 5032
7770 5032
7771 5026
7772 5024
7773 5025
7774 5029
7775 5031
7776 5029
7777 5031
7778 5033
7779 5027
7780 5025
7781 5028
7782 5023
7783 5023
7784 5019
7785 5020
7786 5024
7787 5027
7788 5027
7789 5029
7790 5028
7791 5032
7792 5033
7793 5029
7794 5027
7795 5032
7796 5032
7797 5034
7798 5035
7799 5033
7800 5029
7801 5029
7802 5029
7803 5036
7804 5038
7805 5034
7806 5037
7807 5039
7808 5042
7809 5044
7810 5041
7811 5044
7812 5042
7813 5042
7814 5037
7815 5041
7816 5042
7817 5037
7818 5032
7819 5034
7820 5033
7821 5034
7822 5030
7823 5026
7824 5026
7825 5028
7826 5025
7827 5029
7828 5027
7829 5029
7830 5028
7831 5024
7832 5032
7833 5032
7834 5029
7835 5030
7836 5032
7837 5034
7838 5032
7839 5035
7840 5033
7841 5033
7842 5033
7843 5034
7844 5035
7845 5041
7846 5044
7847 5042
7848 5042
7849 5038
7850 5041
7851 5040
7852 5044
7853 5041
7854 5039
7855 5043
7856 5044
7857 5047
7858 5042
7859 5042
7860 5043
7861 5043
7862 5041
7863 5045
7864 5047
7865 5053
7866 5053
7867 5051
7868 5048
7869 5043
7870 5043
7871 5045
7872 5047
7873 5047
7874 5051
7875 5048
7876 5055
7877 5056
7878 5057
7879 5058
7880 5060
7881 5055
7882 5049
7883 5048
7884 5044
7885 5046
7886 5049
7887 5052
7888 5057
7889 5055
7890 5054
7891 5058
7892 5055
7893 5058
7894 5057
7895 5059
7896 5061
7897 5060
7898 5061
7899 5064
7900 5061
7901 5060
7902 5067
7903 5069
7904 5070
7905 5067
7906 5062
7907 5067
7908 5068
7909 5067
7910 5069
7911 5068
7912 5060
7913 5062
7914 5058
7915 5055
7916 5061
7917 5065
7918 5064
7919 5066
7920 5065
7921 5068
7922 5069
7923 5074
7924 5071
7925 5073
7926 5076
7927 5071
7928 5072
7929 5075
7930 5071
7931 5070
7932 5073
7933 5074
7934 5077
7935 5076
7936 5077
7937 5079
7938 5079
7939 5079
7940 5070
7941 5065
7942 5065
7943 5068
7944 5068
7945 5074
7946 5072
7947 5072
7948 5072
7949 5061
7950 5060
7951 5062
7952 5070
7953 5069
7954 5067
7955 5065
7956 5067
7957 5072
7958 5073
7959 5070
7960 5068
7961 5068
7962 5069
7963 5068
7964 5067
7965 5063
7966 5066
7967 5066
7968 5069
7969 5065
7970 5067
7971 5070
7972 5067
7973 5067
7974 5067
7975 5070
7976 5070
7977 5074
7978 5072
7979 5075
7980 5075
7981 5072
7982 5074
7983 5072
7984 5071
7985 5072
7986 5074
7987 5074
7988 5074
7989 5072
7990 5073
7991 5075
7992 5070
7993 5069
7994 5072
7995 5066
7996 5065
7997 5067
7998 5066
7999 5064
8000 5064
8001 5059
8002 5058
8003 5056
8004 5051
8005 5053
8006 5055
8007 5052
8008 5050
8009 5051
8010 5051
8011 5053
8012 5046
8013 5049
8014 5049
8015 5049
8016 5047
8017 5042
8018 5041
8019 5040
8020 5035
8021 5039
8022 5037
8023 5032
8024 5031
8025 5028
8026 5022
8027 5023
8028 5027
8029 5027
8030 5026
8031 5021
8032 5017
8033 5015
8034 5018
8035 5022
8036 5020
8037 5025
8038 5019
8039 5017
8040 5015
8041 5011
8042 5016
8043 5015
8044 5017
8045 5012
8046 5015
8047 5015
8048 5018
8049 5021
8050 5022
8051 5018
8052 5016
8053 5008
8054 5006
8055 5010
8056 5007
8057 5006
8058 5010
8059 5011
8060 5012
8061 5015
8062 5011
8063 5004
8064 5008
8065 5005
8066 5008
8067 5006
8068 5007
8069 5005
8070 4997
8071 4998
8072 5000
8073 4993
8074 4997
8075 5000
8076 5004
8077 5001
8078 5006
8079 5007
8080 5010
8081 5010
8082 5012
8083 5013
8084 5019
8085 5017
8086 5012
8087 5014
8088 5013
8089 5013
8090 5017
8091 5013
8092 5012
8093 5012
8094 5017
8095 5014
8096 5014
8097 5013
8098 5005
8099 5004
8100 5004
8101 5000
8102 5003
8103 5002
8104 5002
8105 5001
8106 4999
8107 5000
8108 4991
8109 4994
8110 4995
8111 4997
8112 4993
8113 4990
8114 4990
8115 4990
8116 4994
8117 4993
8118 4991
8119 4993
8120 4995
8121 4991
8122 4991
8123 4984
8124 4982
8125 4982
8126 4986
8127 4983
8128 4982
8129 4978
8130 4976
8131 4976
8132 4979
8133 4977
8134 4973
8135 4977
8136 4978
8137 4984
8138 4985
8139 4987
8140 4985
8141 4990
8142 4986
8143 4984
8144 4987
8145 4983
8146 4981
8147 4984
8148 4984
8149 4984
8150 4984
8151 4987
8152 4981
8153 4980
8154 4981
8155 4979
8156 4976
8157 4978
8158 4979
8159 4980
8160 4982
8161 4984
8162 4982
8163 4981
8164 4982
8165 4984
8166 4983
8167 4983
8168 4983
8169 4987
8170 4986
8171 4985
8172 4988
8173 4987
8174 4984
8175 4982
8176 4986
8177 4977
8178 4985
8179 4990
8180 4990
8181 4991
8182 4996
8183 4995
8184 5000
8185 4996
8186 4998
8187 4999
8188 5001
8189 5003
8190 5002
8191 5001
8192 5002
8193 5003
8194 5002
8195 5000
8196 5005
8197 5003
8198 5001
8199 5003
8200 4997
8201 5000
8202 5005
8203 5004
8204 5009
8205 5011
8206 5011
8207 5006
8208 5012
8209 5013
8210 5010
8211 5010
8212 5012
8213 5014
8214 5015
8215 5013
8216 5016
8217 5015
8218 5009
8219 5009
8220 5012
8221 5013
8222 5017
8223 5020
8224 5025
8225 5032
8226 5034
8227 5031
8228 5032
8229 5031
8230 5030
8231 5033
8232 5027
8233 5026
8234 5024
8235 5026
8236 5023
8237 5021
8238 5022
8239 5020
8240 5024
8241 5024
8242 5024
8243 5026
8244 5028
8245 5032
8246 5030
8247 5028
8248 5021
8249 5020
8250 5019
8251 5018
8252 5015
8253 5011
8254 5011
8255 5012
8256 5005
8257 5008
8258 5008
8259 5010
8260 5009
8261 5011
8262 5012
8263 5011
8264 5014
8265 5012
8266 5008
8267 5006
8268 5005
8269 5009
8270 5010
8271 5008
8272 5007
8273 5007
8274 4999
8275 5003
8276 5002
8277 5003
8278 5005
8279 5007
8280 5010
8281 5012
8282 5010
8283 5013
8284 5014
8285 5013
8286 5011
8287 5009
8288 5006
8289 5002
8290 4998
8291 4996
8292 4990
8293 4997
8294 5005
8295 5009
8296 5009
8297 5012
8298 5012
8299 5015
8300 5013
8301 5014
8302 5013
8303 5015
8304 5019
8305 5018
8306 5019
8307 5022
8308 5026
8309 5034
8310 5032
8311 5030
8312 5027
8313 5027
8314 5026
8315 5028
8316 5030
8317 5033
8318 5031
8319 5029
8320 5035
8321 5034
8322 5033
8323 5037
8324 5042
8325 5039
8326 5038
8327 5044
8328 5046
8329 5048
8330 5042
8331 5040
8332 5042
8333 5047
8334 5043
8335 5045
8336 5045
8337 5048
8338 5051
8339 5052
8340 5057
8341 5057
8342 5055
8343 5057
8344 5059
8345 5061
8346 5065
8347 5069
8348 5068
8349 5066
8350 5063
8351 5064
8352 5063
8353 5067
8354 5067
8355 5064
8356 5061
8357 5066
8358 5065
8359 5067
8360 5069
8361 5069
8362 5068
8363 5071
8364 5072
8365 5074
8366 5076
8367 5076
8368 5078
8369 5079
8370 5075
8371 5077
8372 5076
8373 5075
8374 5074
8375 5077
8376 5071
8377 5069
8378 5068
8379 5065
8380 5060
8381 5064
8382 5064
8383 5062
8384 5065
8385 5067
8386 5065
8387 5060
8388 5055
8389 5058
8390 5052
8391 5058
8392 5058
8393 5061
8394 5059
8395 5057
8396 5054
8397 5054
8398 5049
8399 5043
8400 5040
8401 5040
8402 5038
8403 5035
8404 5037
8405 5039
8406 5030
8407 5032
8408 5033
8409 5031
8410 5025
8411 5023
8412 5023
8413 5023
8414 5023
8415 5021
8416 5017
8417 5015
8418 5019
8419 5018
8420 5016
8421 5013
8422 5012
8423 5007
8424 5006
8425 5007
8426 5004
8427 5006
8428 5001
8429 5000
8430 5001
8431 5006
8432 5005
8433 5000
8434 4993
8435 4996
8436 4998
8437 4996
8438 4996
8439 4994
8440 4992
8441 4993
8442 4994
8443 4996
8444 4998
8445 4986
8446 4984
8447 4982
8448 4980
8449 4983
8450 4987
8451 4988
8452 4991
8453 4991
8454 4998
8455 5001
8456 5004
8457 5002
8458 5004
8459 4997
8460 4994
8461 4987
8462 4989
8463 4992
8464 4987
8465 4984
8466 4980
8467 4978
8468 4980
8469 4981
8470 4982
8471 4986
8472 4987
8473 4985
8474 4987
8475 4987
8476 4988
8477 4986
8478 4988
8479 4983
8480 4986
8481 4987
8482 4986
8483 4984
8484 4986
8485 4987
8486 4989
8487 4985
8488 4986
8489 4988
8490 4988
8491 4985
8492 4991
8493 4994
8494 4996
8495 4994
8496 4991
8497 4992
8498 4988
8499 4984
8500 4978
8501 4979
8502 4979
8503 4980
8504 4979
8505 4980
8506 4975
8507 4978
8508 4980
8509 4983
8510 4984
8511 4984
8512 4981
8513 4979
8514 4981
8515 4985
8516 4985
8517 4988
8518 4988
8519 4991
8520 4984
8521 4985
8522 4983
8523 4980
8524 4978
8525 4974
8526 4975
8527 4980
8528 4978
8529 4981
8530 4976
8531 4977
8532 4980
8533 4980
8534 4978
8535 4983
8536 4978
8537 4981
8538 4982
8539 4986
8540 4982
8541 4990
8542 4993
8543 4991
8544 4983
8545 4984
8546 4986
8547 4987
8548 4985
8549 4991
8550 4992
8551 4990
8552 4988
8553 4991
8554 4990
8555 4992
8556 4992
8557 4991
8558 4990
8559 4983
8560 4980
8561 4979
8562 4976
8563 4977
8564 4981
8565 4981
8566 4977
8567 4979
8568 4981
8569 4977
8570 4968
8571 4969
8572 4973
8573 4972
8574 4966
8575 4970
8576 4972
8577 4974
8578 4979
8579 4984
8580 4987
8581 4989
8582 4989
8583 4991
8584 4994
8585 4993
8586 4992
8587 4986
8588 4985
8589 4978
8590 4979
8591 4985
8592 4983
8593 4984
8594 4984
8595 4978
8596 4973
8597 4973
8598 4972
8599 4977
8600 4984
8601 4981
8602 4985
8603 4983
8604 4985
8605 4983
8606 4986
8607 4985
8608 4983
8609 4980
8610 4979
8611 4976
8612 4979
8613 4984
8614 4990
8615 4987
8616 4988
8617 4992
8618 4999
8619 4996
8620 5003
8621 5002
8622 5002
8623 5004
8624 4997
8625 4999
8626 5000
8627 4998
8628 5002
8629 5006
8630 5002
8631 5004
8632 5003
8633 5006
8634 5011
8635 5012
8636 5007
8637 5006
8638 5006
8639 5009
8640 5010
8641 5010
8642 5012
8643 5012
8644 5012
8645 5010
8646 5006
8647 5005
8648 5007
8649 5010
8650 5013
8651 5010
8652 5008
8653 5010
8654 5012
8655 5008
8656 5014
8657 5012
8658 5009
8659 5007
8660 5007
8661 5007
8662 5005
8663 5004
8664 5000
8665 5004
8666 5001
8667 5004
8668 5003
8669 5002
8670 5005
8671 5006
8672 5010
8673 5014
8674 5018
8675 5021
8676 5021
8677 5023
8678 5023
8679 5021
8680 5019
8681 5022
8682 5024
8683 5024
8684 5021
8685 5024
8686 5024
8687 5026
8688 5026
8689 5026
8690 5027
8691 5028
8692 5031
8693 5031
8694 5031
8695 5029
8696 5018
8697 5014
8698 5015
8699 5013
8700 5015
8701 5015
8702 5018
8703 5017
8704 5025
8705 5026
8706 5027
8707 5019
8708 5023
8709 5021
8710 5022
8711 5023
8712 5021
8713 5020
8714 5022
8715 5020
8716 5020
8717 5022
8718 5019
8719 5022
8720 5019
8721 5021
8722 5027
8723 5028
8724 5028
8725 5032
8726 5033
8727 5031
8728 5028
8729 5029
8730 5033
8731 5031
8732 5025
8733 5026
8734 5022
8735 5021
8736 5023
8737 5024
8738 5023
8739 5025
8740 5027
8741 5027
8742 5025
8743 5026
8744 5024
8745 5025
8746 5027
8747 5030
8748 5033
8749 5030
8750 5029
8751 5033
8752 5032
8753 5023
8754 5024
8755 5020
8756 5021
8757 5024
8758 5022
8759 5019
8760 5016
8761 5021
8762 5029
8763 5027
8764 5026
8765 5027
8766 5029
8767 5029
8768 5026
8769 5029
8770 5034
8771 5035
8772 5035
8773 5032
8774 5032
8775 5033
8776 5034
8777 5031
8778 5031
8779 5033
8780 5036
8781 5038
8782 5041
8783 5039
8784 5040
8785 5037
8786 5037
8787 5040
8788 5041
8789 5043
8790 5047
8791 5049
8792 5044
8793 5047
8794 5055
8795 5054
8796 5055
8797 5056
8798 5061
8799 5063
8800 5064
8801 5065
8802 5063
8803 5065
8804 5069
8805 5074
8806 5078
8807 5076
8808 5076
8809 5079
8810 5081
8811 5086
8812 5083
8813 5085
8814 5084
8815 5083
8816 5086
8817 5088
8818 5091
8819 5091
8820 5093
8821 5097
8822 5099
8823 5099
8824 5104
8825 5106
8826 5110
8827 5112
8828 5113
8829 5115
8830 5112
8831 5112
8832 5113
8833 5106
8834 5099
8835 5096
8836 5097
8837 5093
8838 5094
8839 5098
8840 5103
8841 5094
8842 5094
8843 5095
8844 5094
8845 5092
8846 5096
8847 5098
8848 5102
8849 5106
8850 5103
8851 5101
8852 5095
8853 5096
8854 5098
8855 5101
8856 5103
8857 5095
8858 5097
8859 5094
8860 5097
8861 5099
8862 5099
8863 5102
8864 5099
8865 5093
8866 5091
8867 5095
8868 5094
8869 5097
8870 5100
8871 5093
8872 5098
8873 5099
8874 5102
8875 5099
8876 5098
8877 5101
8878 5102
8879 5103
8880 5107
8881 5112
8882 5116
8883 5110
8884 5112
8885 5108
8886 5111
8887 5111
8888 5115
8889 5116
8890 5114
8891 5111
8892 5109
8893 5111
8894 5108
8895 5110
8896 5114
8897 5116
8898 5113
8899 5118
8900 5121
8901 5123
8902 5125
8903 5123
8904 5124
8905 5117
8906 5119
8907 5122
8908 5127
8909 5128
8910 5125
8911 5129
8912 5132
8913 5128
8914 5123
8915 5122
8916 5122
8917 5119
8918 5115
8919 5112
8920 5118
8921 5119
8922 5119
8923 5126
8924 5130
8925 5133
8926 5131
8927 5131
8928 5133
8929 5130
8930 5128
8931 5124
8932 5127
8933 5129
8934 5128
8935 5131
8936 5132
8937 5133
8938 5132
8939 5130
8940 5128
8941 5122
8942 5119
8943 5117
8944 5120
8945 5121
8946 5121
8947 5123
8948 5127
8949 5129
8950 5119
8951 5117
8952 5114
8953 5114
8954 5112
8955 5108
8956 5109
8957 5111
8958 5110
8959 5109
8960 5114
8961 5117
8962 5113
8963 5112
8964 5111
8965 5116
8966 5116
8967 5117
8968 5124
8969 5121
8970 5119
8971 5121
8972 5122
8973 5125
8974 5123
8975 5129
8976 5129
8977 5132
8978 5137
8979 5135
8980 5135
8981 5135
8982 5135
8983 5127
8984 5128
8985 5128
8986 5133
8987 5133
8988 5132
8989 5131
8990 5131
8991 5131
8992 5127
8993 5128
8994 5127
8995 5124
8996 5120
8997 5121
8998 5126
8999 5129
9000 5130
9001 5128
9002 5128
9003 5126
9004 5128
9005 5131
9006 5138
9007 5136
9008 5139
9009 5141
9010 5142
9011 5136
9012 5137
9013 5141
9014 5139
9015 5145
9016 5146
9017 5147
9018 5142
9019 5143
9020 5142
9021 5136
9022 5137
9023 5138
9024 5139
9025 5138
9026 5135
9027 5137
9028 5139
9029 5135
9030 5133
9031 5133
9032 5123
9033 5121
9034 5120
9035 5117
9036 5111
9037 5110
9038 5110
9039 5113
9040 5107
9041 5109
9042 5107
9043 5114
9044 5109
9045 5110
9046 5114
9047 5119
9048 5121
9049 5122
9050 5123
9051 5128
9052 5128
9053 5127
9054 5126
9055 5128
9056 5125
9057 5122
9058 5124
9059 5122
9060 5122
9061 5124
9062 5126
9063 5126
9064 5126
9065 5128
9066 5130
9067 5133
9068 5134
9069 5129
9070 5125
9071 5123
9072 5123
9073 5126
9074 5129
9075 5130
9076 5133
9077 5129
9078 5127
9079 5123
9080 5118
9081 5116
9082 5119
9083 5120
9084 5118
9085 5115
9086 5114
9087 5110
9088 5109
9089 5104
9090 5105
9091 5108
9092 5109
9093 5105
9094 5105
9095 5103
9096 5103
9097 5102
9098 5099
9099 5100
9100 5104
9101 5104
9102 5107
9103 5104
9104 5102
9105 5106
9106 5101
9107 5099
9108 5103
9109 5103
9110 5106
9111 5107
9112 5109
9113 5108
9114 5107
9115 5109
9116 5112
9117 5114
9118 5118
9119 5117
9120 5116
9121 5117
9122 5114
9123 5116
9124 5119
9125 5119
9126 5119
9127 5115
9128 5118
9129 5116
9130 5114
9131 5114
9132 5119
9133 5115
9134 5114
9135 5105
9136 5103
9137 5105
9138 5104
9139 5101
9140 5097
9141 5097
9142 5098
9143 5097
9144 5097
9145 5101
9146 5104
9147 5103
9148 5100
9149 5101
9150 5101
9151 5103
9152 5102
9153 5102
9154 5105
9155 5104
9156 5102
9157 5099
9158 5099
9159 5097
9160 5098
9161 5098
9162 5095
9163 5089
9164 5088
9165 5091
9166 5092
9167 5091
9168 5091
9169 5093
9170 5082
9171 5082
9172 5079
9173 5074
9174 5078
9175 5077
9176 5078
9177 5076
9178 5078
9179 5079
9180 5079
9181 5080
9182 5083
9183 5082
9184 5087
9185 5086
9186 5084
9187 5084
9188 5083
9189 5084
9190 5080
9191 5079
9192 5084
9193 5079
9194 5074
9195 5073
9196 5072
9197 5072
9198 5069
9199 5067
9200 5070
9201 5068
9202 5070
9203 5071
9204 5065
9205 5067
9206 5056
9207 5058
9208 5059
9209 5056
9210 5059
9211 5058
9212 5055
9213 5055
9214 5052
9215 5056
9216 5058
9217 5051
9218 5051
9219 5051
9220 5057
9221 5055
9222 5056
9223 5060
9224 5062
9225 5061
9226 5057
9227 5060
9228 5061
9229 5066
9230 5062
9231 5058
9232 5056
9233 5056
9234 5056
9235 5050
9236 5050
9237 5049
9238 5050
9239 5052
9240 5054
9241 5054
9242 5057
9243 5060
9244 5058
9245 5051
9246 5048
9247 5053
9248 5054
9249 5053
9250 5055
9251 5059
9252 5062
9253 5062
9254 5060
9255 5067
9256 5065
9257 5067
9258 5069
9259 5069
9260 5075
9261 5078
9262 5081
9263 5079
9264 5080
9265 5083
9266 5085
9267 5084
9268 5087
9269 5092
9270 5092
9271 5095
9272 5092
9273 5095
9274 5101
9275 5101
9276 5100
9277 5095
9278 5096
9279 5100
9280 5101
9281 5099
9282 5100
9283 5097
9284 5098
9285 5095
9286 5096
9287 5096
9288 5099
9289 5097
9290 5095
9291 5094
9292 5096
9293 5095
9294 5095
9295 5087
9296 5085
9297 5090
9298 5090
9299 5090
9300 5088
9301 5087
9302 5088
9303 5092
9304 5089
9305 5094
9306 5095
9307 5090
9308 5090
9309 5093
9310 5094
9311 5098
9312 5099
9313 5098
9314 5099
9315 5101
9316 5101
9317 5098
9318 5097
9319 5099
9320 5102
9321 5104
9322 5100
9323 5102
9324 5101
9325 5099
9326 5098
9327 5099
9328 5098
9329 5103
9330 5104
9331 5104
9332 5103
9333 5100
9334 5103
9335 5103
9336 5103
9337 5105
9338 5106
9339 5109
9340 5110
9341 5115
9342 5113
9343 5112
9344 5112
9345 5116
9346 5118
9347 5121
9348 5116
9349 5117
9350 5116
9351 5116
9352 5115
9353 5120
9354 5118
9355 5121
9356 5123
9357 5121
9358 5121
9359 5124
9360 5123
9361 5120
9362 5122
9363 5126
9364 5125
9365 5124
9366 5123
9367 5126
9368 5129
9369 5130
9370 5130
9371 5129
9372 5132
9373 5132
9374 5134
9375 5130
9376 5129
9377 5128
9378 5129
9379 5133
9380 5134
9381 5133
9382 5137
9383 5138
9384 5134
9385 5135
9386 5134
9387 5131
9388 5132
9389 5137
9390 5140
9391 5140
9392 5136
9393 5135
9394 5133
9395 5130
9396 5130
9397 5132
9398 5132
9399 5134
9400 5140
9401 5140
9402 5137
9403 5131
9404 5132
9405 5129
9406 5128
9407 5128
9408 5124
9409 5127
9410 5126
9411 5126
9412 5128
9413 5128
9414 5128
9415 5130
9416 5130
9417 5128
9418 5127
9419 5130
9420 5130
9421 5123
9422 5125
9423 5127
9424 5131
9425 5124
9426 5122
9427 5125
9428 5125
9429 5121
9430 5124
9431 5123
9432 5121
9433 5120
9434 5117
9435 5116
9436 5120
9437 5120
9438 5116
9439 5109
9440 5110
9441 5107
9442 5104
9443 5101
9444 5098
9445 5100
9446 5099
9447 5092
9448 5097
9449 5094
9450 5096
9451 5097
9452 5090
9453 5094
9454 5096
9455 5089
9456 5082
9457 5086
9458 5082
9459 5078
9460 5076
9461 5072
9462 5068
9463 5064
9464 5059
9465 5064
9466 5066
9467 5063
9468 5059
9469 5058
9470 5055
9471 5059
9472 5062
9473 5058
9474 5062
9475 5058
9476 5061
9477 5060
9478 5057
9479 5063
9480 5062
9481 5063
9482 5067
9483 5063
9484 5060
9485 5058
9486 5060
9487 5056
9488 5060
9489 5062
9490 5062
9491 5056
9492 5050
9493 5046
9494 5037
9495 5034
9496 5033
9497 5033
9498 5038
9499 5038
9500 5038
9501 5040
9502 5036
9503 5039
9504 5040
9505 5042
9506 5038
9507 5046
9508 5052
9509 5051
9510 5051
9511 5050
9512 5046
9513 5052
9514 5055
9515 5060
9516 5064
9517 5065
9518 5061
9519 5061
9520 5065
9521 5067
9522 5069
9523 5071
9524 5074
9525 5077
9526 5078
9527 5081
9528 5074
9529 5072
9530 5071
9531 5070
9532 5070
9533 5071
9534 5070
9535 5068
9536 5071
9537 5071
9538 5071
9539 5070
9540 5070
9541 5074
9542 5077
9543 5079
9544 5077
9545 5080
9546 5079
9547 5081
9548 5076
9549 5076
9550 5071
9551 5075
9552 5076
9553 5079
9554 5080
9555 5078
9556 5076
9557 5081
9558 5075
9559 5075
9560 5076
9561 5074
9562 5075
9563 5074
9564 5075
9565 5075
9566 5073
9567 5071
9568 5070
9569 5068
9570 5064
9571 5065
9572 5066
9573 5067
9574 5066
9575 5067
9576 5072
9577 5072
9578 5067
9579 5067
9580 5070
9581 5068
9582 5061
9583 5056
9584 5053
9585 5057
9586 5056
9587 5054
9588 5051
9589 5051
9590 5055
9591 5052
9592 5043
9593 5044
9594 5044
9595 5042
9596 5043
9597 5046
9598 5053
9599 5053
9600 5053
9601 5059
9602 5064
9603 5063
9604 5069
9605 5075
9606 5074
9607 5070
9608 5062
9609 5059
9610 5061
9611 5059
9612 5065
9613 5065
9614 5069
9615 5072
9616 5069
9617 5064
9618 5068
9619 5066
9620 5064
9621 5063
9622 5061
9623 5057
9624 5056
9625 5058
9626 5054
9627 5047
9628 5051
9629 5054
9630 5057
9631 5053
9632 5052
9633 5049
9634 5053
9635 5055
9636 5059
9637 5063
9638 5057
9639 5056
9640 5054
9641 5055
9642 5058
9643 5058
9644 5058
9645 5058
9646 5057
9647 5058
9648 5053
9649 5048
9650 5047
9651 5048
9652 5047
9653 5052
9654 5048
9655 5052
9656 5050
9657 5048
9658 5051
9659 5050
9660 5046
9661 5047
9662 5046
9663 5044
9664 5044
9665 5045
9666 5046
9667 5046
9668 5050
9669 5048
9670 5049
9671 5050
9672 5046
9673 5048
9674 5048
9675 5052
9676 5051
9677 5053
9678 5050
9679 5051
9680 5051
9681 5050
9682 5053
9683 5053
9684 5051
9685 5053
9686 5052
9687 5051
9688 5053
9689 5048
9690 5051
9691 5049
9692 5049
9693 5049
9694 5051
9695 5054
9696 5055
9697 5061
9698 5059
9699 5053
9700 5047
9701 5047
9702 5050
9703 5050
9704 5052
9705 5053
9706 5048
9707 5055
9708 5058
9709 5057
9710 5058
9711 5058
9712 5059
9713 5053
9714 5053
9715 5051
9716 5046
9717 5046
9718 5048
9719 5045
9720 5043
9721 5043
9722 5043
9723 5040
9724 5040
9725 5044
9726 5035
9727 5039
9728 5040
9729 5038
9730 5041
9731 5039
9732 5044
9733 5044
9734 5042
9735 5044
9736 5041
9737 5045
9738 5043
9739 5039
9740 5043
9741 5044
9742 5045
9743 5046
9744 5051
9745 5053
9746 5054
9747 5058
9748 5059
9749 5053
9750 5051
9751 5051
9752 5049
9753 5053
9754 5053
9755 5048
9756 5049
9757 5047
9758 5051
9759 5051
9760 5049
9761 5049
9762 5049
9763 5051
9764 5053
9765 5053
9766 5051
9767 5053
9768 5051
9769 5049
9770 5045
9771 5052
9772 5053
9773 5053
9774 5052
9775 5054
9776 5054
9777 5052
9778 5050
9779 5047
9780 5045
9781 5050
9782 5054
9783 5056
9784 5053
9785 5059
9786 5057
9787 5058
9788 5061
9789 5064
9790 5066
9791 5066
9792 5064
9793 5065
9794 5065
9795 5062
9796 5061
9797 5059
9798 5058
9799 5058
9800 5059
9801 5056
9802 5053
9803 5048
9804 5052
9805 5054
9806 5051
9807 5054
9808 5057
9809 5054
9810 5058
9811 5051
9812 5046
9813 5049
9814 5053
9815 5055
9816 5055
9817 5053
9818 5053
9819 5056
9820 5061
9821 5059
9822 5057
9823 5047
9824 5047
9825 5047
9826 5046
9827 5044
9828 5048
9829 5051
9830 5053
9831 5051
9832 5051
9833 5049
9834 5051
9835 5047
9836 5047
9837 5045
9838 5041
9839 5044
9840 5035
9841 5029
9842 5027
9843 5028
9844 5029
9845 5027
9846 5028
9847 5028
9848 5032
9849 5030
9850 5026
9851 5029
9852 5034
9853 5029
9854 5031
9855 5031
9856 5028
9857 5029
9858 5026
9859 5024
9860 5023
9861 5019
9862 5019
9863 5014
9864 5017
9865 5019
9866 5020
9867 5021
9868 5013
9869 5018
9870 5016
9871 5016
9872 5020
9873 5021
9874 5022
9875 5009
9876 5011
9877 5012
9878 5014
9879 5014
9880 5015
9881 5009
9882 5015
9883 5014
9884 5010
9885 5012
9886 5010
9887 5011
9888 5005
9889 5004
9890 5005
9891 5007
9892 5002
9893 5003
9894 5006
9895 5007
9896 5008
9897 5008
9898 5008
9899 5003
9900 4999
9901 4998
9902 4995
9903 4994
9904 4994
9905 4991
9906 4991
9907 4995
9908 4998
9909 4998
9910 4996
9911 5000
9912 4994
9913 5002
9914 4995
9915 4988
9916 4989
9917 4988
9918 4987
9919 4988
9920 4989
9921 4992
9922 4993
9923 4993
9924 4993
9925 4988
9926 4988
9927 4992
9928 4989
9929 4988
9930 4989
9931 4984
9932 4983
9933 4988
9934 4987
9935 4987
9936 4990
9937 4990
9938 4994
9939 4994
9940 4992
9941 4990
9942 4985
9943 4984
9944 4983
9945 4981
9946 4982
9947 4979
9948 4982
9949 4985
9950 4985
9951 4983
9952 4977
9953 4972
9954 4974
9955 4973
9956 4970
9957 4970
9958 4965
9959 4964
9960 4960
9961 4955
9962 4956
9963 4959
9964 4957
9965 4956
9966 4953
9967 4951
9968 4954
9969 4961
9970 4963
9971 4963
9972 4960
9973 4961
9974 4965
9975 4969
9976 4973
9977 4975
9978 4968
9979 4974
9980 4977
9981 4978
9982 4978
9983 4978
9984 4980
9985 4976
9986 4979
9987 4983
9988 4982
9989 4984
9990 4986
9991 4987
9992 4989
9993 4990
9994 4989
9995 4992
9996 4993
9997 4991
9998 4991
9999 4994
