-2.06717 -2.08685
0.830188 3.80441
2.17466 2.95618
-4.12519 -1.95107
-1.85009 -4.22754
-0.967421 3.62346
4.34466 1.65457
-2.07181 -1.58999
0.609003 -1.3283
-2.51056 2.39658
-3.77349 -2.02053
-1.59062 0.655357
-0.989246 -2.19219
-1.32072 -0.478212
-0.392564 -2.25951
-2.64988 3.71396
-4.5325 1.6298
-0.572326 -1.99737
-2.92617 1.08574
-1.41999 -2.57053
-1.15116 1.61375
-2.77053 -1.12686
-1.41861 -3.22709
-2.62872 -0.297852
0.354125 2.49434
0.331628 -3.33166
1.77716 2.14413
-2.75445 -3.67736
0.271587 -4.46591
-1.71938 -2.89235
-4.67325 0.802576
2.34165 0.32875
-2.64526 2.15126
-4.5819 -0.0945839
-3.1634 0.325894
-1.33385 0.254745
-2.72947 0.137551
-4.49084 0.052021
-2.20189 -3.47506
-2.25232 -1.2944
-2.79978 2.96081
-0.758358 0.722343
1.66863 0.32635
-2.42304 -0.219709
-1.36544 -4.29001
-1.61796 -4.3082
-3.5706 -1.34532
-1.94481 0.687769
-1.03052 2.67432
-1.88624 1.84283
2.39727 -4.27785
-0.543347 3.56034
-2.55752 -3.65626
-4.17796 -2.362
-3.95773 -2.02727
-0.587204 -3.40983
2.83075 -1.36919
-3.00079 -1.85089
-3.34148 -1.19796
-1.41614 -0.544611
-2.43599 0.813063
-1.9768 3.07172
-1.16193 3.23224
-3.51381 0.655217
1.81567 1.36761
-2.09551 -1.32048
-2.9983 0.294876
-4.65923 -1.27499
-0.397748 -1.55447
-3.41135 1.68466
-4.89187 -0.394081
-4.67886 0.110339
0.392657 3.45236
-2.80794 -2.08056
1.93207 1.90859
-2.64297 2.58582
-0.245846 3.53634
-2.81184 -3.60012
-0.59139 0.0727097
-0.553237 4.59528
-2.31252 -1.37486
-3.61072 0.906892
-2.08351 0.147098
-1.77137 3.19236
-0.145669 4.42059
0.871567 3.98863
1.46201 0.842569
-0.571619 -1.69459
-3.26523 3.71977
-3.61159 -2.00061
-1.30442 -0.00963419
-0.274734 -1.56856
3.56437 -2.69858
2.06679 -1.79435
3.40834 -2.35413
-2.48898 4.11557
3.48535 -3.28416
0.0154786 4.84876
1.79836 4.1006
-1.32423 -3.65561
0.152879 -3.48681
-2.95297 -1.57795
-1.07511 4.33364
0.722321 4.51424
-4.17378 -1.30417
-1.74638 1.95912
-2.85877 -1.83021
1.58367 -3.74279
-4.31224 2.05972
-4.01968 2.61207
-2.59556 0.0177535
-3.6421 -0.801585
0.0263056 1.03821
-0.116503 -3.14239
-3.03071 2.63938
2.71955 -2.42032
-1.26599 -2.28158
-3.30597 2.70203
-1.90551 -1.3948
1.9541 1.56433
-1.94872 3.95195
-3.97884 -1.45122
1.13325 2.34821
1.72979 2.63666
-4.72924 0.951372
-2.33646 0.2458
4.00761 1.20145
0.8472 4.30235
-4.58234 0.957023
-2.9506 -3.08696
0.507292 3.31828
-3.52289 1.88952
1.90484 3.04942
-3.45633 -1.82222
-1.33841 -1.55455
-1.92961 -1.16989
-1.66686 0.0755016
-3.67735 2.176
-4.95146 -0.413346
-2.43971 2.13704
0.255862 -0.86583
-1.9621 2.35452
-0.847772 4.58367
2.47371 -3.74566
-1.21036 0.170219
-2.9894 -2.11338
-2.51978 3.59947
-2.46853 -2.42177
1.50197 3.75921
-3.04614 3.54808
-2.0955 -1.10135
2.31595 1.25676
-0.173997 4.78729
2.99478 2.61035
0.194296 -0.983607
-4.09894 2.72194
-4.11819 -0.0160533
-0.872801 3.59046
2.30917 -4.0674
0.886362 -2.22279
-4.12068 -0.747408
-3.96768 -1.92356
-2.76608 0.578893
-3.46966 2.2263
4.83929 0.543059
-1.496 3.59794
-3.46168 2.29443
0.766099 -3.61085
-1.84066 -1.693
-3.10672 -1.89173
1.16355 -0.958984
-1.45758 -0.649936
-1.44323 -2.93939
-3.53036 -1.42005
-2.62461 2.81141
3.49987 1.92816
-0.462491 1.11615
-3.83307 2.60341
-2.69581 -1.30465
-2.7948 2.07458
-0.673916 -4.24146
-0.102245 -0.130766
2.04666 3.47493
-2.78732 -0.323053
-0.582769 -2.82889
0.677353 -4.42335
3.57216 1.43952
1.09421 -4.80622
0.585888 1.10785
-3.58734 1.0419
0.0465529 -0.478251
-4.88483 0.825736
-0.219087 -1.31121
-0.211608 0.256062
-1.94142 -3.56821
4.06509 2.23808
-0.69079 -1.59884
-1.33339 -1.97435
2.36939 -0.836569
-3.32034 3.23898
2.99336 0.601871
-0.594332 -4.06734
1.63377 -1.86586
-2.99353 2.16398
3.86091 2.97548
-4.63951 1.30563
-0.470099 -4.54586
3.99058 -2.59275
0.742005 -1.05991
-1.38733 -0.324105
-4.55181 1.26155
1.36838 1.93481
-0.465522 -4.54007
0.0905315 4.30179
-3.60789 -2.97606
0.800692 -4.07404
2.67226 -2.84412
-3.26134 -2.8203
-0.812619 -0.962766
0.672363 -4.82533
-1.01992 4.27178
-2.80388 2.89842
-3.91 1.20263
4.60814 -0.238611
-2.54087 -2.87013
-3.62544 -1.51357
-2.89693 -2.27745
-3.56234 0.234797
-1.15205 0.206774
-0.602645 -0.149706
-0.152269 -4.78201
2.85732 1.44595
-0.210634 4.70017
-2.66339 0.0387121
0.943805 0.399226
-1.26244 0.786926
-0.0893736 3.77019
1.452 2.55569
-3.82252 1.53228
3.70458 -1.90816
-2.75287 0.126019
-2.82283 1.24219
-0.760507 -1.56985
3.86108 -2.39852
0.742829 3.30563
-0.469311 4.54682
-3.13615 -1.41274
-3.25672 1.74084
-1.02734 -2.56767
-4.37174 -1.26928
0.422402 2.96035
-2.05276 -2.98485
-2.49599 -3.5773
-3.08008 1.16645
-0.558553 1.58092
1.42303 -4.12374
2.76507 -4.08269
0.701319 -0.906081
-3.62269 0.463102
-4.14777 2.72125
4.13575 -0.922763
0.853722 4.33097
-0.449981 -0.93028
-0.868441 4.92107
-4.17558 1.5468
0.244461 0.25126
-0.64201 -3.87298
2.31789 -3.13873
-2.83987 3.86157
-0.888796 4.13725
-3.07303 0.272763
-1.66021 2.91328
-0.956575 -3.77914
-2.5951 -0.677848
-2.87175 3.6151
1.03211 -2.87295
0.546527 -4.49198
4.69894 1.51712
-4.59238 -0.238921
-1.59946 0.430669
-2.04837 0.334269
-1.72936 -1.77423
-0.292546 -0.480694
-3.11346 -1.75146
-0.129032 0.992679
-4.51575 -0.571432
-1.27743 -0.160676
-0.492504 -1.0468
-3.53416 1.43941
1.52942 1.51982
-0.952717 2.98505
-4.50526 -1.53353
-1.26655 0.0899946
-3.65351 -0.711593
1.30552 1.9895
-2.78963 -2.71597
-0.44846 -3.64035
-3.97468 -2.25017
-3.45431 -1.16844
-0.372161 -1.15867
1.40639 2.68688
0.776882 2.31655
1.25418 4.04964
-0.403769 4.22488
0.943475 -0.00212561
4.32734 -1.57251
-1.04397 4.04481
-1.15668 -0.299779
-0.404505 4.2316
-3.10754 -0.773477
-2.32273 -1.94222
2.22356 -3.74791
-1.919 -1.32306
3.62048 2.4621
-1.84429 -0.288841
0.885194 -3.46859
-3.73238 1.44102
-0.952998 -4.14099
0.187868 -4.60387
-0.5737 -0.345231
3.02027 -3.75645
-1.05816 -1.53537
-3.21414 1.45276
4.1716 1.28045
-4.54549 1.03884
-3.47448 -0.201611
-4.56198 1.23642
-2.61302 -2.31903
1.99328 3.83856
-2.65955 -4.18978
-0.280857 -2.63521
-1.892 -0.111343
-0.698875 -3.17188
0.498579 4.63778
-1.60818 -0.110727
1.33924 2.08001
-4.78342 -0.322895
1.85657 -0.748447
-1.70889 -0.718043
1.63967 3.79464
-2.38306 -1.89628
-4.22168 0.080654
-2.75109 2.14025
-1.72453 3.80377
1.3112 -2.83477
-0.273179 -1.25486
-0.826452 4.60189
-1.10831 2.28652
1.69388 0.861835
0.913335 -3.26841
0.895595 2.31612
-0.904789 -3.96314
-3.99716 -2.69951
0.419836 0.203166
-0.120039 0.53312
0.32902 4.4356
0.931311 3.1299
-2.74273 -3.70702
-4.23746 -1.4712
0.931707 2.38284
-1.31802 4.28169
1.66707 4.62068
-1.18469 1.82898
-2.37898 -0.284419
-4.24791 1.65994
-2.03897 4.23504
1.23336 1.12582
-3.07188 2.21519
-1.23363 4.42892
-0.890863 0.300683
-3.63475 -1.75671
-4.74749 -0.282837
2.88253 2.05483
1.15502 4.62438
1.94086 0.317559
1.94142 4.56041
-3.32762 -2.97899
-3.65346 0.415974
0.0157002 4.01718
-1.10199 -0.942708
-2.54226 3.32742
-0.634301 0.0235386
-2.4465 -2.60282
-1.83224 3.04027
4.1114 -0.270985
-1.00544 3.76007
-3.54369 0.705236
0.835787 1.39493
-3.08379 2.43994
-3.30785 -0.600065
-2.45076 -3.34829
-0.382959 -2.33419
-4.64256 0.898115
0.0367123 0.290684
-2.37852 -2.02889
-2.44123 -3.07066
-3.19126 -1.25626
-4.57335 -1.25707
-3.77598 -0.433538
-2.88351 2.30348
2.65242 -1.35005
0.4146 -2.46796
-1.45232 -1.26227
3.44654 -2.07176
1.72729 -3.56195
-2.15981 2.38796
-2.87891 0.887013
2.74381 -1.00264
2.90574 1.14691
0.740992 3.39997
-3.26381 -0.000448927
-3.66466 1.77104
-1.55386 4.26377
1.4887 3.50753
-3.62977 -2.17629
1.3107 -0.432518
-3.74247 1.1521
0.533841 2.09686
-1.05438 -3.17142
-0.115226 -1.2046
-2.09339 -3.21343
-2.92129 0.793358
-0.966544 -4.4857
2.0579 0.634153
0.0365417 -0.687406
0.511917 4.09839
0.025746 1.2312
-1.56573 3.37624
-3.18226 0.614149
0.0452672 0.109056
-0.610313 1.42086
-0.65501 2.1536
-3.87208 -2.73215
-2.51124 -0.024703
-4.78809 -0.28273
-3.17297 3.49125
2.27674 2.09851
-2.35067 -1.03157
-0.679207 0.127604
-2.02662 -3.0649
-1.75923 -3.00732
-3.83654 -0.847445
2.91597 -3.7281
-3.58997 1.33042
0.380128 -4.71865
3.77272 -2.87231
-4.61825 1.5324
1.99513 -0.412301
-2.21858 1.27103
-4.31422 -2.11169
-2.68674 -3.74246
-0.0107183 -4.889
-3.7644 0.415682
4.51641 1.90536
-2.48323 -3.65659
-3.20033 1.9276
3.39498 3.39854
0.206966 -4.40673
0.24832 -3.70223
-0.445273 -1.47673
-3.06052 -0.446508
1.37304 -2.50272
-2.60837 -0.831945
1.43761 -4.22999
1.51491 -0.119729
1.34474 -1.60675
0.453302 -2.87326
-0.129689 -1.0926
0.913011 -3.79726
-0.644518 4.58562
1.01717 -4.39348
3.06894 -1.13106
3.57576 -0.802367
-1.95296 2.09582
-4.07086 -0.561432
-3.49084 -0.21525
-1.76991 2.34628
-3.65422 -0.0252687
0.572319 1.74538
-1.4477 -0.751864
-1.6105 -4.53002
2.88185 3.17503
0.0151619 2.55332
2.84642 2.15991
-2.73266 -1.11234
-0.660842 -4.92107
-1.39073 -0.295168
-0.0218848 2.47103
-4.60882 -0.102749
-3.6309 -1.48
0.3026 -2.11281
-2.52985 -2.66339
-2.48925 -0.43043
-0.125246 -3.68407
-1.45807 1.48854
0.0687288 0.784161
2.61716 1.48335
-0.656936 0.490238
-2.56684 2.51332
1.06057 -3.68282
-2.41108 -3.51839
-3.78452 0.1761
-3.30234 0.308174
1.20586 3.77007
-0.565888 1.01827
-3.93143 -1.76372
1.26071 -3.50054
-0.81186 -4.06986
-2.6683 -1.42907
1.26465 -2.13563
-0.371565 -1.29119
-4.50999 1.15033
-1.62666 2.41258
2.48086 -4.04673
-0.739514 3.4793
-2.18839 2.04984
-2.36946 0.825165
