-1.29651 -1.9277
-0.568878 -3.94852
0.699186 3.99154
-3.82601 -0.805375
-2.42989 3.04798
-3.81334 2.23928
-4.15668 -1.20561
-0.457403 0.271717
-3.38064 -3.19506
-4.95373 0.0521382
-3.0575 -0.33757
1.62915 4.1851
2.29143 2.32461
2.88121 0.858326
0.239847 3.68359
-1.17178 2.51766
-1.7511 3.43239
-2.55799 0.532249
-1.17598 -2.08572
-3.80807 3.06723
-0.828074 1.402
-0.424748 1.1565
2.42727 3.31118
-4.20777 0.108942
-2.51029 -0.0195655
-4.52004 -2.06253
0.233285 0.507418
0.389994 -2.15198
-1.20767 0.0550442
-3.68631 3.0783
-3.26167 -1.41805
4.82055 -0.637156
-3.88706 0.192753
-2.01273 1.86892
-0.27583 2.85837
-0.176171 -2.02473
-3.10761 2.88176
0.816797 3.44714
0.231917 2.49839
-4.06138 1.03124
-3.14167 2.53474
-0.689899 -1.34849
-3.87885 0.973059
-1.96743 -2.61034
-4.19978 1.78699
-0.478727 3.45805
-4.54791 0.904261
1.21018 -2.86513
-0.530223 -3.77275
1.33856 0.749437
-3.4575 1.80097
-3.47756 -2.80704
-1.37793 1.38984
-3.58818 2.81608
-1.75192 2.58685
-1.24834 4.23088
-3.43483 -0.811537
2.21939 -1.83559
-2.68657 3.51111
-2.79189 1.96927
-2.79039 2.35857
-4.59253 0.648628
-3.62641 -3.29707
2.31562 -3.60278
-1.2602 -1.91161
-2.97091 -2.84551
-4.45472 -0.883342
-4.51969 1.0653
-0.327453 -1.55945
-1.32311 0.594334
-4.20367 -0.631221
0.291005 -4.80698
-3.86063 1.07498
-3.17623 1.4368
0.302716 -3.01558
0.855355 0.61916
0.191693 -1.30946
2.2256 2.28326
2.06491 -2.14449
-1.55576 -3.74762
3.55283 -1.90475
-0.675878 4.26417
1.70887 -3.24859
-4.88118 0.939811
-1.61104 0.418987
0.167526 1.61436
-0.410203 4.18806
-1.59847 -3.65139
2.7455 2.90233
-1.00149 -2.49964
-3.70563 -0.830843
0.628716 -0.0250815
-3.80683 -3.06025
-1.14482 -4.70881
-0.310035 1.0729
-2.74901 -1.40839
-3.65684 -1.20575
0.183742 -4.34566
-0.427372 -2.71692
-2.15196 3.01408
-4.23834 1.33364
1.57925 3.50945
-0.0370934 -1.38878
-4.81471 0.43074
-2.88801 -0.285685
-0.523195 2.54874
0.0347841 -1.62994
-3.05206 -0.912076
-1.95996 0.408357
-2.57295 2.61417
0.581097 -3.30576
-1.77517 1.05626
0.60344 -0.611737
-1.92289 -1.7978
0.236206 -0.0107415
-4.68647 -1.66085
-3.34143 -3.28243
-2.9449 2.82817
-3.28011 -1.71178
2.66822 3.78458
-2.41995 -0.0625801
-3.11136 -0.17683
0.466202 -3.20053
-2.6042 -0.0357543
2.69868 4.02849
0.633479 1.76019
1.51664 4.14273
3.93402 -1.87483
-0.707447 2.71486
1.97335 -0.188873
0.646716 -0.188995
-4.8647 -0.20569
-3.39281 -0.425403
-3.19639 -0.603446
1.44533 -4.02699
2.57551 -1.97897
0.892456 4.28392
-2.29222 4.31285
-4.37804 -0.389191
-4.52774 0.200906
-2.46987 -0.80134
-2.99132 -2.58838
-3.63483 -2.31598
-0.331458 -4.14195
-0.687368 0.902013
-0.508991 -2.39242
-1.93455 -1.92896
-1.13001 3.95797
0.241634 -1.15343
-2.64445 4.12757
-1.13575 -4.47407
-1.73752 3.82969
-3.95191 0.756923
0.356262 -0.203321
-1.30964 -0.721142
1.41789 -3.0996
-4.14698 2.47696
-4.28327 -1.74724
-0.859222 -2.04828
-2.65215 -0.538393
-1.67614 -4.16154
-3.72978 -0.868747
-4.35419 0.665897
0.896508 0.630415
-0.938878 4.00607
-1.04527 -1.54318
2.48304 -3.9048
1.76303 3.31858
0.828914 2.14621
3.16417 -2.42727
0.240802 -4.58259
2.71753 2.55918
1.32834 -0.323756
-3.08009 -0.579311
1.41904 1.25395
-0.94152 -2.32289
-3.3347 1.0457
-0.388552 -1.72581
-0.469436 -0.130848
-2.68416 0.844539
-2.73422 0.777865
-2.37426 -0.217894
-1.99938 -1.9998
-3.87511 1.3925
0.383285 -1.42572
0.617715 3.1337
-2.02982 -3.05019
-2.68258 3.18619
-3.27983 0.397262
-1.35409 -4.33695
-1.57072 4.39412
-1.68649 -3.59693
-4.62346 -1.46518
-1.41681 -4.78667
-2.49658 3.59181
2.6396 2.41531
-2.90392 -3.96736
-3.55118 1.63033
-0.977496 3.85984
-3.62618 2.47091
-1.83005 0.0274648
0.152448 -3.5515
0.0324251 -2.66103
-1.00461 0.783672
-2.00887 -4.06744
-3.69415 0.616586
1.42856 -3.21179
-2.84327 -2.82068
1.49299 3.16054
0.54264 2.61464
1.07998 4.23019
-4.73876 -1.27279
1.91963 -2.22538
-2.44238 -2.51006
-0.259833 4.59677
-2.28914 -2.76533
-1.80883 -1.97003
1.74256 -1.88307
2.04304 -1.64695
0.934987 -2.05227
-1.17824 -2.36151
-2.21702 -4.26022
-3.82462 1.24598
-0.420221 1.19811
2.57908 -2.13131
-4.082 2.45293
-0.257206 -2.69876
1.6601 -4.48389
-3.80696 -1.3383
-2.26902 -0.237598
-3.2458 1.05379
-4.22198 -1.9645
-4.63582 0.481333
-0.676021 1.20301
2.96487 -3.371
0.137734 2.53348
-4.07728 -1.08501
-3.44953 -0.833154
-3.35356 3.44784
-2.7247 1.25457
-0.900039 1.2445
2.81763 -3.38597
0.710874 -2.06328
0.915441 -2.0958
0.88948 -3.24352
1.06618 1.42716
-1.96606 -4.08641
0.356123 -0.530016
-3.27464 3.28252
2.16326 -3.40214
-1.0876 -3.91351
-1.78475 3.53123
2.03728 1.07662
1.77446 -3.92425
-3.80521 -1.82189
-1.96229 0.511052
-2.15741 3.43714
-1.81653 3.87339
0.649472 -0.590202
1.6527 -0.984797
0.671789 -3.22174
3.37135 -2.65674
-0.474124 -3.74834
-0.762203 1.46727
-1.39908 -0.221593
-0.700326 -4.35225
-3.23248 3.0308
-4.30813 -2.37398
2.9544 -3.48117
-2.07229 4.21082
2.14713 -1.41701
1.66073 -3.1613
0.846125 -1.58415
2.75967 3.5805
-4.36441 -0.532152
-1.07791 -1.76872
-2.21684 2.92119
-4.0528 2.50666
1.34239 2.9734
-2.51934 -0.645918
-0.468042 -0.433618
0.479799 -0.602642
-4.6851 -0.173456
2.42464 1.00699
-2.2031 1.62767
-0.0172586 0.851186
1.08235 -3.04723
0.163589 2.8016
-4.25839 1.26905
-1.64718 1.81065
-4.75763 0.16527
-4.11875 2.01459
3.21491 -1.07485
-3.9174 -0.104747
-2.70762 -0.522953
-1.19469 2.74874
1.79909 4.44515
-4.19089 -0.195796
-4.53278 -0.841701
2.24404 -3.95329
0.851599 2.26518
-0.560291 -3.91983
-3.81731 -0.56023
-3.18018 3.21773
-2.88711 0.489105
-2.22972 -0.738128
-0.69221 3.68649
0.743255 -2.74154
0.449232 3.67988
-2.12742 -3.31011
-3.03817 0.875681
-1.43388 2.95166
0.694207 0.293223
0.742223 4.07519
4.20203 2.03035
1.68961 1.36041
0.0913681 -0.521063
-3.0096 1.66632
-2.90473 3.11672
-4.65996 1.08806
-3.8864 1.12564
4.21108 0.835854
1.05963 1.27459
-2.39036 3.60433
-0.566391 -2.86
2.58925 1.93158
1.1181 4.09603
-2.66215 -0.687154
-4.61106 -1.85178
-0.597023 -4.8932
0.584511 2.63897
-2.61735 -0.589194
1.62775 -3.01822
-3.51211 1.25268
2.29515 3.81938
-0.602833 0.0468936
-0.0651534 -2.58073
-2.79112 -2.65785
-2.91088 0.31978
-3.39114 0.265397
2.1668 0.805152
-1.16392 4.45175
-4.67405 1.73873
-4.07091 0.617593
0.88658 -4.3623
-0.840685 3.80387
-0.815621 -4.28711
-1.46949 1.82863
0.271456 -1.89173
3.25246 -3.31531
-2.17997 -3.90444
0.789657 4.27138
0.503016 2.43914
-3.67023 1.18768
-1.18485 2.28148
3.8003 2.34045
-1.67215 1.93684
1.09934 -3.48651
-4.80366 0.689676
-3.37575 2.62239
0.84793 -2.89358
-1.36997 3.23517
-2.75844 -1.51222
-1.83755 1.488
-0.743632 4.93602
-0.784165 3.63652
-2.73219 2.09293
-3.03619 1.85593
-2.38771 3.8619
-4.55811 0.0399096
-3.30174 2.08057
-2.4598 -2.153
-2.22433 1.58838
-4.11829 -0.931396
2.17191 -2.51738
-4.60721 -0.164094
0.25637 -4.68906
-1.66183 -4.17886
-2.52686 2.72639
-4.26589 2.01687
-2.61982 -1.83902
-3.04494 2.31146
0.589097 1.63159
1.47541 3.28006
-0.308775 1.18843
0.128329 1.54418
-1.90926 -0.663492
0.892661 -0.615853
3.55899 0.808185
-3.09177 -2.93271
-3.66959 -2.58822
-1.93843 -4.5037
0.860856 -2.51908
-3.27564 1.67787
-0.826043 -4.14383
1.01174 4.70284
-4.80253 0.751756
-2.96912 -1.37817
-2.36243 0.835723
-0.670827 -4.10557
-1.38952 -4.25478
-0.167335 -4.44386
0.447929 3.41877
-0.0175025 4.22445
-3.26485 1.31946
-1.16113 0.239629
2.34275 -3.3681
-3.40137 2.38484
-3.12286 -2.02589
0.883499 -3.93195
4.56061 -0.616325
2.91449 -3.18501
-1.18563 1.6178
0.0877898 2.13126
3.71538 -1.07284
-1.04976 -4.86659
-2.90975 0.309611
-4.04337 -2.80322
-0.207262 -4.28777
-1.16191 -1.66401
-2.92342 0.78306
0.702589 -1.92289
2.08219 2.94614
-1.64888 3.33164
-4.13417 -1.90169
1.66371 3.09187
-1.15072 1.78749
-2.72221 2.1327
2.89487 -1.55513
-2.61222 0.61986
-0.563959 -2.47138
-3.26316 1.3563
-2.08858 -3.92484
-2.48729 -4.27082
-4.45544 -1.20791
-4.20943 -0.0319101
-4.54152 0.0650143
0.371157 -2.36853
-3.21661 -0.980819
-0.369186 -4.44952
-1.73383 -2.11089
-0.809853 4.19514
-0.0661043 -4.6604
2.06021 2.9928
-2.4344 -2.85807
0.981659 4.0689
-4.25774 1.89405
0.132459 -1.38837
0.637722 4.25917
-1.54299 0.524832
-3.46749 -3.43296
-2.38523 -4.16729
-2.48237 -2.3981
1.11371 2.26072
-4.40235 -0.823362
0.403446 -1.45581
-2.26828 -2.94368
3.43287 -2.55113
-4.59237 -0.767688
-0.59948 -2.48674
0.0290059 4.46086
-1.34355 2.48497
1.69534 -4.25168
2.12801 -2.64286
-0.0288977 -2.11456
-2.597 4.17012
-3.36916 1.73522
-0.347312 0.800152
0.946914 -1.23434
2.55219 -2.29069
-0.0363134 -4.08788
3.83989 1.70884
-4.42761 -0.90642
-2.85276 0.1999
-3.73745 -3.01724
-0.185834 -4.96335
1.82896 0.513919
4.60803 0.203241
-0.36002 2.83304
-2.0128 3.10367
2.26802 -0.426199
-2.26954 0.0815476
-1.64369 -0.229632
-0.434192 -2.60048
-2.33522 1.026
-3.0056 -0.67815
-4.11634 -1.01416
2.2422 1.99346
1.75233 -2.94929
-3.20451 3.37174
-2.66289 -4.13958
-0.0182017 -4.73712
-2.11824 -1.49578
-1.02347 -4.64569
-4.77587 0.492264
-3.27801 2.95972
-4.42305 0.984631
1.64366 -1.30344
4.14625 -2.22413
-0.778475 2.13981
1.97487 -1.58006
-4.49926 -0.530523
-1.22539 0.835978
-4.27451 0.623226
1.15202 2.34126
-3.07504 1.67225
-1.0805 -1.90998
0.0190865 -0.499607
-0.410507 4.74226
-3.94582 -0.820912
-1.26694 -1.59156
-1.83967 1.17358
-0.62864 -3.37639
-1.97585 1.80676
-1.29346 -0.50817
-1.0528 4.08084
-1.6185 -1.20314
1.51301 -1.85006
3.79233 2.18291
-4.05641 -1.80243
2.02862 -2.72404
-4.70189 -0.372015
1.79935 4.15997
-0.237731 -0.845331
-2.2545 3.10404
-1.11028 2.43577
-2.98134 -2.01405
-2.92107 1.11519
-2.46898 -0.0105967
-2.05646 -2.69327
-2.59105 -0.904517
-1.25568 -1.11478
1.83547 -3.26046
-1.93636 0.549809
-2.93808 -3.62789
2.2856 -2.3427
-0.927986 0.754398
-2.63984 1.09881
-4.55458 -1.27792
-2.28899 -0.89059
-0.348133 -0.731023
-4.01776 0.23785
0.321632 -0.467503
-1.821 2.11579
-4.42652 1.94046
-1.76044 -4.56471
0.986882 -2.11792
-3.80838 -0.822433
-3.07155 2.84717
-1.45267 0.800817
-2.83499 -0.682383
1.44942 -1.09662
4.53203 -1.68031
-2.73503 0.36799
-0.334739 -2.9674
-1.82322 1.15353
0.130493 -1.65566
0.730606 3.32378
1.75058 0.2991
0.992552 1.56874
1.41604 -1.99181
0.403042 3.37149
1.29131 -3.92089
0.551414 -3.76471
-3.15119 -0.490525
-0.845448 3.55322
-3.23484 0.748971
-4.64841 -0.250934
-1.55681 -0.122294
4.44199 -0.450757
-3.1503 2.98097
-0.848819 -2.86054
-0.373474 0.773099
-3.24228 2.59533
2.2175 2.30354
2.60867 1.76956
0.00530242 -1.50999
-0.78528 0.137391
-2.1155 -4.4249
-3.28441 0.0933076
-1.41958 3.38982
-0.992857 2.10401
-2.42672 -1.2152
-1.34178 4.7911
-1.79748 1.13629
-1.31329 2.60639
-2.47864 -1.99327
1.72141 3.44549
-1.74687 2.39217
0.892184 0.570658
1.94591 0.408137
-2.28777 -2.03437
-4.06502 0.0276874
-4.06028 0.369385
-1.47923 2.35379
-3.37813 -2.29117
-2.75684 -0.718464
-0.733374 2.86689
0.657164 -4.53224
-2.38686 4.21384
-1.45704 1.11529
-2.5687 1.30194
3.05461 0.64138
0.772348 -1.96204
-3.72557 2.41183
-0.399304 -4.33207
4.36436 0.813851
-0.105612 -3.17272
1.25134 -0.632092
-2.32556 -3.45117
-3.87192 2.93149
0.519702 -3.89022
-1.78471 2.68577
3.15282 -2.79139
0.539357 -0.60547
-1.36324 3.90583
0.823212 0.159937
0.656502 -0.972526
-4.40117 1.99065
-3.24615 -1.11745
-4.09654 -0.419636
0.667837 -2.07165
3.54786 3.32443
-0.844106 4.54326
-0.998901 4.24217
2.25296 -0.163181
-2.07175 0.909583
-4.06333 -1.70815
-2.73625 -2.97646
-4.92546 0.566648
2.81509 -3.56221
-2.89248 1.12363
-1.80494 4.52302
-2.67928 -3.43292
-3.36604 0.374469
-1.39488 0.579513
-0.683406 3.63748
0.523307 -3.08329
0.365463 0.519748
-0.0397611 2.22163
-3.10819 -1.75152
-2.66666 -1.64935
4.59712 1.81687
0.999298 3.47124
-3.49475 -0.687535
-2.84961 -2.63125
-1.30856 -1.04779
0.655676 0.864964
-3.87631 -0.412438
-4.17196 -0.310956
-2.24713 -0.104375
-4.45696 1.9974
-1.90094 2.33022
-2.98586 1.2048
-4.16572 -0.0735913
4.79642 -1.30037
-1.56402 0.921353
-3.97968 0.154452
-4.45468 -0.306162
-0.730237 -2.18114
4.39971 -2.30892
-1.66073 -2.76684
-2.14432 -2.14493
2.02705 4.55129
-4.54608 -2.04682
0.824506 3.35539
-1.51597 4.21112
1.32433 -3.11177
-2.26849 -4.29777
0.216747 1.91765
-0.944626 -0.631882
-0.875707 -4.55187
-3.51525 -2.03335
-2.52319 3.68374
-4.39133 -1.98923
-4.22837 -1.27394
-2.35303 -2.84382
-4.62637 -0.57187
-1.75342 0.0826004
1.61314 2.69387
-2.14966 -0.140659
-2.95706 -2.72859
-3.01276 -0.611742
-1.98592 2.76483
-3.97486 -2.18502
-2.37832 -0.383342
1.96855 -3.59168
1.88787 2.97829
-1.77117 -1.35916
4.13286 2.23049
-1.4056 -4.38777
-4.76423 -0.920023
-2.20983 -0.931398
4.49721 1.6326
-0.214145 2.89496
0.617715 -4.49399
-2.63771 -0.225733
-3.82807 2.05746
3.99649 -1.34149
-2.59055 1.01608
-0.451584 0.0552266
3.49408 -2.28306
-3.68832 -1.86861
-4.13936 2.41101
1.75306 -0.368967
2.17729 4.10288
-2.35748 1.12409
-2.2083 -3.26591
0.901789 1.65308
-4.09644 2.34648
-2.02057 -0.654652
0.314066 -1.68958
-2.16581 0.423221
0.153578 -0.606479
0.238813 2.30167
3.17494 -2.13268
-2.04558 -0.638318
3.71631 3.34361
0.372677 -0.602283
-4.43422 -1.78383
-0.0150814 -1.5097
-2.49542 0.043419
-4.14121 -0.507316
-2.93153 2.83957
0.5567 3.78394
2.08409 0.771083
-4.26348 -2.54993
-3.15498 0.601386
0.826243 4.23661
-2.462 3.35445
0.408198 -3.54224
-3.34391 -2.30328
-2.41007 1.09093
-2.67401 4.04534
-3.11755 -3.60796
3.81882 -2.32534
1.91837 -3.72617
-2.18759 0.869608
-1.36914 -0.366485
-0.814405 4.77637
-0.487899 3.30311
-4.50217 1.03749
-3.06178 1.76341
0.907809 -1.47259
-1.26234 3.39797
-3.93216 1.61317
-2.81256 1.80315
-1.8242 -3.53579
3.51014 2.01957
0.284352 2.34758
1.99174 1.44293
0.0397149 -3.99265
-1.60208 -2.45695
-3.23014 3.61852
0.337888 0.948434
0.41709 -3.77905
-2.00527 3.15202
-4.02842 1.18963
-1.70657 -3.96558
-2.02446 -4.04397
-2.37402 2.80948
-2.18208 -0.757351
-4.42942 -1.93201
-0.837265 -3.24796
-4.7545 1.16208
-1.56032 -3.53735
0.498764 -2.31169
1.13694 1.31465
-1.91845 0.591807
2.34671 3.99027
1.00523 3.2464
-3.18374 -0.392098
-4.42357 1.23812
-0.342334 0.719154
-2.90467 2.57287
-1.84743 0.217984
0.266346 -4.39221
-2.97533 -3.09776
-1.21129 1.01
0.0734117 2.36424
0.342132 3.5775
-1.30986 0.790996
2.6435 -3.47406
2.95408 1.3351
3.25402 -1.22619
-0.582758 4.84049
0.466465 4.80424
0.996347 -1.73448
3.15991 3.29297
-0.56096 3.60099
-4.59807 0.443297
0.269557 -4.7447
0.104133 -1.34425
-1.31883 3.09104
0.785255 0.0949063
-2.60074 -0.234231
-3.73434 -2.1533
-0.620419 -1.74641
-1.58278 2.46942
-2.90774 -1.52821
3.08851 -3.33132
-3.50844 -2.66333
3.24861 1.10469
-2.05464 0.182501
-1.52855 3.40336
2.17787 -3.56887
-1.5834 -2.76308
-2.96835 2.46859
1.3147 3.82352
1.04042 -1.77293
-3.22321 1.44342
-3.96195 1.67342
0.715277 0.111742
0.410289 -1.55704
-4.27254 0.95851
-3.89931 2.71757
-0.612833 2.94984
0.579128 -2.45627
-0.317595 2.83231
-3.25992 1.17908
-1.516 2.30621
-1.91845 1.2025
2.91346 3.98363
-2.85493 2.77189
-4.59649 0.288309
-1.9671 2.91315
0.964601 3.59891
-3.50069 -1.97439
-2.26461 1.83291
-2.44825 -1.36745
-3.47991 -1.73991
-1.93636 -0.628332
-2.01137 1.9926
-2.77213 3.46284
-1.66739 3.04744
-4.25282 1.89133
-3.23382 -1.28644
1.02145 1.07244
1.16314 -3.03619
-3.8365 -2.2375
-2.63504 -0.341639
-2.45611 -1.34843
-2.8219 1.86783
-4.70034 -1.20122
-3.76114 -3.28055
-0.435568 -0.792505
0.301748 3.0605
-2.78475 3.19219
-4.98847 -0.050029
0.243721 -3.84068
-1.57418 4.0449
-1.22844 2.31071
-0.670845 -4.58844
-1.7297 -2.85907
-0.629322 -2.91085
-2.57581 0.0641846
-2.43616 -2.04638
-0.0133151 1.55801
-4.35877 -1.28338
-3.83722 -2.55433
-3.4402 -0.680704
-2.61341 0.674189
-0.661697 -1.33055
-4.81578 0.673591
-3.78553 -0.440078
2.19591 -2.75099
1.42064 4.76963
-1.6977 -0.334406
1.60022 -3.09581
-2.19372 3.00533
-2.07855 -1.09818
-3.96701 -2.02127
-2.27199 -3.34105
0.427622 -4.83632
-2.0812 4.01909
1.97072 -4.12123
-2.5657 -3.46541
-2.95204 -1.77414
-1.95567 -0.914871
-4.13857 -0.055064
-4.18661 2.07321
-3.70322 2.21264
-1.78052 -3.14417
-3.94904 -0.590312
-0.263552 0.049525
-1.78769 0.718524
-2.19327 3.22226
1.79139 3.78943
-2.51889 -4.19598
-2.14871 -1.58213
-0.192054 3.77838
-1.38247 3.81591
-2.80093 -0.948502
-3.5978 -0.959684
-3.46429 2.831
-2.46062 -1.73743
-0.76183 2.1426
-3.49971 -1.29899
-3.84327 0.469307
-4.09965 1.63542
-0.764875 4.07205
-0.734899 -2.21501
-2.37698 0.92801
-3.16142 -1.58015
-3.09497 -3.454
-2.31281 0.738868
4.71004 -0.0858364
-2.4922 3.20753
1.62524 3.57656
-1.00207 1.26152
0.744988 2.72548
-4.14231 1.14921
-0.916353 -1.70783
-2.21592 0.328351
3.25822 3.28757
-4.04762 -2.15505
1.59387 -2.50715
-3.57536 1.14321
-0.875985 -3.3716
-3.98588 -2.59988
-2.51654 -1.3338
-0.972225 2.68691
-3.07401 -2.26268
-0.952255 -4.63591
1.25656 -2.76084
-1.97697 -3.68978
-0.515043 -4.57741
-1.16035 -0.418939
-3.611 -3.14744
-4.12045 1.49401
-3.54556 -1.16947
-3.3746 2.03495
1.11467 0.0571971
0.762703 0.0151538
0.708333 -3.21284
-2.44839 -2.91038
-1.65614 0.746222
4.5778 -0.440099
-3.4123 1.0659
-0.510417 0.562317
1.52731 3.34611
4.1915 2.1218
-1.66859 0.881764
2.27424 2.12591
0.615024 1.2679
-0.727073 1.59757
-3.52391 1.75826
-2.58399 3.81036
-1.47327 1.99074
-4.13059 -1.86516
1.46188 1.32314
1.96869 1.26568
-0.629911 1.48331
-0.0776124 -4.78078
1.60562 0.153077
-2.12748 -4.37458
2.45192 2.93637
-1.43643 -1.62013
-3.85708 1.41543
4.06846 -0.968167
1.81083 -2.17274
2.58596 -3.58759
1.12387 2.79021
0.401498 -4.76922
-0.124209 -0.00210288
-2.37581 4.28753
-2.55061 -0.870434
1.09964 3.48936
-0.551185 -4.41511
-3.22526 2.5375
-3.87145 2.54152
-2.66934 -0.187832
0.137671 -0.595873
-3.03842 -2.0037
-2.29636 0.0373928
0.739487 -3.10111
2.05284 2.58474
0.205016 -4.19187
-3.28757 3.25889
-2.1191 4.37742
0.297816 1.9442
-1.36526 -4.76445
-3.56587 0.872389
0.863706 -1.97703
0.939242 -1.48477
3.56311 -1.57649
-1.13932 0.516232
-2.56133 -2.97923
-1.87103 2.52526
-1.80181 -4.43125
3.03607 -0.892572
-2.44382 -0.323689
-2.69135 -0.964013
-2.23855 -3.8738
-1.25026 -0.152122
0.410979 3.58039
-3.32099 1.45055
0.684261 0.856543
2.28081 3.71108
-0.607842 4.40351
0.586222 4.20361
0.992229 -1.98947
1.97307 -1.9624
-4.17283 1.10511
-2.09636 -1.92627
2.23226 0.6385
2.46178 2.42223
-2.62644 -0.478215
1.23891 2.75875
-4.38226 2.23298
-2.99188 2.48661
-3.69959 -1.38422
-4.01203 2.66505
-2.94492 0.445014
-1.07976 0.356709
0.315053 0.62826
-4.02283 -0.0172212
-1.46445 3.36221
-3.28321 -2.84945
-1.01757 3.73233
-2.18612 1.30661
-4.12175 -1.15435
-1.21998 2.42938
-1.61331 1.54216
0.196107 -3.21868
-3.96597 -0.628073
3.14544 3.01044
-2.36518 1.49195
-0.602976 -2.34804
3.48374 0.420297
-2.6795 -0.707503
1.64476 -0.554522
0.913401 2.36953
-3.25991 0.532555
-2.54478 -1.87865
-2.91646 -2.73096
-0.0775475 4.86904
-0.518985 4.52503
1.94799 -1.02195
-1.91628 1.66298
0.803363 2.90458
-2.89642 -3.48478
-4.42287 -2.29376
0.872004 4.10467
-3.18768 1.46718
-3.43514 -0.555772
1.22632 1.33686
1.97605 -0.221206
3.53943 0.193166
-0.665905 2.92099
-0.0946839 -2.2819
2.54267 3.2152
-4.28859 1.64445
1.51817 -3.4805
-0.970347 -3.46559
0.153913 -4.80261
-3.59825 -0.723989
-0.999786 2.48935
-4.77227 0.227285
0.900571 3.28487
-1.36504 -1.14381
4.5778 -1.85964
-2.11243 3.30266
-2.21645 -1.23949
-3.35068 0.489045
-2.07446 -2.26188
-3.7879 3.18328
1.87683 0.866377
-4.15666 -2.41671
-1.40953 -0.547
-0.961467 -0.408899
2.17225 -4.16796
-0.471135 1.6489
0.227742 -2.64033
0.630256 -4.85796
2.26767 -3.07896
-4.2356 2.17237
-1.71127 -3.06359
-3.60548 1.85098
-2.42782 -3.66986
3.08413 -2.85743
0.301688 -3.31049
2.64527 1.47015
0.426519 -4.42926
-3.5004 1.27141
-3.8596 0.240064
-0.413368 4.4788
0.267893 4.93018
2.20226 0.199853
1.39938 -1.11666
-4.78779 1.09746
-4.1117 0.637991
0.309343 -2.02346
-3.5798 2.70389
-3.75291 3.16986
-0.796119 1.35962
-2.85672 -0.515551
-1.14559 -0.556459
-3.99104 -0.361734
-0.00635138 3.7633
1.3922 2.93456
-4.87244 0.201087
0.937539 3.12425
-2.15738 -2.90302
4.14356 0.442475
-0.779937 1.91268
3.58871 2.33563
-4.27403 0.0305489
1.64812 -0.786379
-1.19438 0.685926
1.06816 2.47022
0.500304 -1.62195
0.380844 -0.338168
0.63274 4.49995
-1.4883 0.999441
3.56491 -1.53669
-4.04111 1.43297
-1.21475 -0.745645
3.86348 2.38269
-3.19957 -0.773407
-0.298524 2.94022
-2.11082 -2.49709
0.549169 -0.195017
-0.442865 -1.93107
2.20168 2.50763
0.130017 4.08825
-3.4319 0.619989
0.129187 0.801839
1.25396 -2.15352
-2.7926 1.01811
-3.90556 2.2709
-0.945438 -1.06764
-3.27894 -1.10806
4.07132 -1.97389
-1.22172 -1.12164
3.53701 -1.01816
3.87915 3.09168
-1.45319 1.80032
-1.62796 3.60297
-4.31009 -1.88291
2.13823 2.20885
-2.97069 3.2965
-3.81659 1.23585
-0.223513 -0.151022
-0.650979 3.6108
-1.83128 3.10876
-0.585788 4.34168
1.05409 4.4622
-2.81565 2.80653
-1.09741 -0.451024
3.08902 -2.46513
-2.87337 -1.80821
2.25662 -2.48799
4.68486 0.0457762
-1.12455 4.85878
-0.540955 4.42939
-2.90697 -3.27189
-2.52996 -1.50558
-1.25548 -2.91068
1.67109 4.03581
-3.19322 2.0365
-2.7689 2.95663
-0.818203 -2.19689
-2.27491 0.800849
1.6816 -4.58089
-2.0023 0.656047
0.273888 -2.34607
-4.31294 -0.959305
-2.42942 0.765327
-2.59858 0.901992
1.01907 -3.70096
0.894695 -3.03605
-1.2106 -1.6977
0.926749 2.83572
1.42282 -2.58585
-1.22479 3.99924
1.80498 2.33813
-1.77432 -2.40934
3.05973 -1.49614
1.24437 -3.02824
-0.988859 2.1006
1.52554 1.09366
-2.3201 3.32809
-4.39932 0.0987694
-3.20799 -3.10708
1.43602 -0.561135
-0.424523 3.30674
2.29265 0.781594
-4.0858 1.15764
0.218998 -1.47017
-0.667519 -1.61242
2.5439 0.310713
-1.38574 -3.6845
-3.30918 2.20575
2.42255 -2.49291
1.93922 -2.0839
-0.661307 -3.98648
-1.0175 1.89993
-3.83864 -0.21783
3.90682 1.23648
-4.58389 0.428426
0.256936 -4.40474
-1.75328 3.45626
1.01089 -3.74325
-1.98201 3.93928
1.91695 -3.76404
-0.674482 -0.141319
3.14232 1.87734
-3.54152 2.61394
-0.616678 -0.318065
0.973452 -2.70994
-0.167787 0.255621
0.947667 -3.58451
-4.50921 -0.332002
-2.70527 -1.03674
-1.7133 0.509683
-1.71918 1.06005
-3.87555 -0.407705
-3.16621 -0.0297953
2.52605 1.58361
-0.686148 -3.26835
3.32536 -2.50492
-0.430846 -3.93223
-2.71212 3.60685
-3.40125 -1.75276
0.443595 3.20201
-3.94015 -2.35173
-3.32887 -1.27901
0.119689 -0.0195635
-3.28021 0.643818
-1.0479 1.68589
-4.22957 -1.31876
2.78785 -0.517144
3.27503 -3.05133
-0.453726 1.93671
4.64044 1.21348
1.17968 -3.70411
2.11158 -3.52043
-3.08795 3.03214
-0.949729 0.115162
0.335322 -0.0411741
-3.09312 -0.302663
0.250075 0.668607
-0.0743425 1.12434
0.840367 3.86098
-1.74915 -0.555978
-4.5301 -1.36709
-0.623909 3.01083
-4.40386 -1.65042
-2.75422 -2.15507
0.0170646 3.37465
0.755704 -2.84058
1.19213 -4.39288
-1.77105 2.13861
-4.24875 1.96691
0.42521 0.0756319
1.61713 0.0654128
0.884378 0.463854
-4.52932 -1.12928
-2.68797 0.926532
-2.90254 3.90764
1.62835 -2.35964
1.15173 0.256207
-3.56921 -2.59048
-2.8679 0.10864
0.831696 -3.17645
-3.16725 -3.69683
-2.92727 3.41675
-2.06988 -3.16196
-2.23638 1.05256
-1.75036 -2.08823
-2.2319 4.13765
1.76265 -3.81065
-2.80839 -1.60148
-2.71153 1.84716
1.65548 -2.27185
-3.21983 -2.82681
-4.39825 2.35795
-1.63403 1.9399
-0.132229 1.50205
-4.59402 1.19284
0.553885 -4.17282
-3.65019 -1.12187
-2.91402 0.175815
-2.0358 1.98763
3.93479 -2.0317
-0.39373 1.56462
0.866838 1.1243
-2.63958 2.18488
-3.72056 1.1339
-3.22085 -2.23811
-1.06366 -1.5214
-1.6906 -1.16429
-1.72755 0.62977
-4.27583 -0.749961
0.619681 2.24654
0.426501 0.828278
-1.81158 3.39775
-2.90561 1.94509
-4.38607 -0.691102
-4.68843 1.53368
3.43433 -1.90029
-2.24858 4.24496
-3.78461 -1.26351
-0.923922 2.59354
-0.856822 -2.16375
-0.581311 1.62804
-1.88523 -1.16991
-1.87062 -3.83021
-1.29704 3.78154
-3.00864 -1.47285
-3.25662 -0.654099
-2.78649 3.68523
-3.32337 -2.19345
1.46654 -2.54293
-2.65262 -2.28892
-0.312517 -0.572647
0.772057 3.71941
1.21902 -3.10652
-0.676159 -0.675055
-1.70934 3.93198
1.39399 -3.01404
4.76664 -0.425055
-3.82166 -2.02204
-0.909374 3.09109
-0.861365 3.0357
-3.01073 0.378398
-0.0391977 -1.78693
-0.567803 1.01056
1.22698 -1.51714
-2.48889 3.05643
-2.25546 3.50658
-2.52095 -3.50483
-1.82936 -1.80439
4.15178 -2.25788
-2.27792 -1.42778
2.40591 2.34387
3.49228 -0.637398
2.54103 4.12226
-1.00372 0.0461945
1.1606 3.30178
3.02516 -2.65074
-1.82872 -2.88546
0.173034 0.363896
-3.04359 0.116714
-2.45718 2.23988
0.322268 1.31014
-4.19045 0.420562
-0.257449 -4.87262
0.672269 4.53867
-2.65529 2.20094
-2.15222 2.05983
-2.64198 3.63041
-2.29157 1.9336
2.77761 0.672027
0.981907 -4.18799
-3.19839 -3.53602
-1.33769 -1.01239
2.86951 3.23962
1.92827 -4.06902
-1.53188 -0.809835
2.96727 -2.19947
-1.92526 -2.93989
-2.6841 -2.00286
4.03153 -1.90748
-2.93562 -2.85173
-3.37462 -0.437325
-1.96808 -3.27002
0.982475 3.25852
-3.27848 2.74342
-0.522382 -0.723668
-0.817013 4.0892
-1.38403 -4.67716
-0.369903 -3.65417
0.109597 -4.21831
-0.446999 -3.86185
0.774563 -0.93897
-2.43825 -0.582845
-3.8733 0.461512
-3.4188 -1.25252
2.30802 3.56619
-2.3912 2.61451
-2.51551 -2.96927
-3.92631 1.12472
-0.628669 -2.89994
-4.63715 -0.611185
-4.0936 0.540113
1.36783 3.13861
-3.74764 -3.15215
-1.02396 -0.158154
1.59722 -1.96659
2.94431 2.10693
-2.29277 -1.30053
-4.53502 0.57965
0.693561 1.54027
-2.14937 0.516016
-2.22972 -1.97627
-3.41672 1.18292
-1.70613 -0.281418
-1.66483 1.83049
0.786295 -0.724679
-2.31463 -0.617528
-0.16718 -1.89794
-2.27503 2.02034
-2.58608 -0.406933
1.96255 2.27509
2.44096 0.143083
-1.93818 -2.49322
1.60472 -1.72794
-4.30061 -2.50874
0.0472309 -2.94973
1.74369 1.76821
-2.87241 -0.324197
0.479841 0.633296
-1.59514 -2.5775
-4.16104 -2.45093
-3.11163 -3.05115
-4.07195 -0.23631
4.91284 -0.468844
-1.64071 1.82589
-4.45349 1.03433
0.717288 -4.67057
-0.499676 -3.58337
-1.75969 -1.80341
-3.74085 -0.82694
-1.00044 -1.0183
3.66539 -2.1709
-0.744686 -1.62211
-4.52231 -0.236108
-2.90587 0.848133
-1.9289 1.88272
-1.82074 1.13842
-3.63236 2.47638
-4.46343 -0.664652
1.68125 -3.41936
-0.24724 1.26136
-2.38521 2.89089
-3.34386 -1.15293
-2.80422 1.14928
-3.15798 -0.374443
-0.936422 -2.52723
-1.43064 0.158891
2.79788 1.52559
1.22816 -4.34448
-2.42128 0.980467
-2.9097 1.88533
-2.53779 -3.45377
-3.34772 -2.30747
2.81864 -3.32215
0.867491 1.90389
-2.48831 -0.948526
1.04873 -3.5937
-3.54088 1.07162
-2.59487 1.59394
-1.45158 4.70811
-4.41476 -2.19696
-3.51946 -0.0180956
1.12832 -1.3732
3.63003 0.53904
-3.69343 -1.12085
-0.978538 2.44611
-1.23663 -2.37058
-0.601473 2.20075
3.88068 -2.7565
-0.128166 2.41604
-0.286215 0.781067
0.809968 -4.80862
1.77923 -3.44347
0.201693 4.27236
0.848893 -3.7117
-2.24105 -0.826847
-1.01045 -4.41923
-0.254087 3.86617
-0.916105 2.68615
1.97875 -3.72811
0.363204 3.96847
-3.14489 3.01042
-2.78252 -1.1248
-1.95627 -2.6064
1.89852 2.26073
-3.36315 3.458
-2.15828 4.03235
1.94314 1.55576
-4.53171 -0.776269
-0.27627 1.16961
0.381485 -1.2298
-3.30594 -3.20183
-0.534258 3.99339
-1.63025 2.86395
2.1083 -1.38024
-4.04209 2.10142
-0.288321 -2.83872
-2.43873 4.02039
-0.156637 0.929884
-2.90033 0.931272
-3.6231 0.204156
-3.92116 0.242018
0.480563 -3.20679
-1.71934 4.13787
2.04375 -1.2357
-3.03295 -2.10383
-3.59691 -0.866584
-1.02127 4.61787
-1.57566 -1.95893
1.0904 -1.95367
-3.16469 2.13154
-3.80476 -0.454985
2.83769 1.49317
-4.35818 -2.18519
-0.50379 0.318048
-3.54746 -1.22666
-4.17079 0.332463
0.524897 3.84348
-3.21808 -1.17486
-2.90725 3.56742
4.81532 0.888168
0.10193 -2.49637
1.71917 2.92349
0.348824 0.450244
0.302751 4.53052
1.44031 1.29167
1.9272 3.98825
3.05053 1.22411
-3.72567 2.24153
-0.0725886 -2.73153
-4.56211 1.1912
-3.7326 2.43343
-3.77964 2.06179
2.04549 -3.88423
-2.18805 2.12598
-3.18987 1.84949
-2.74184 0.287351
-0.465045 0.632006
-1.40201 2.60133
0.873994 -4.59291
-3.6723 2.05518
-3.18503 -1.32558
3.0151 -3.5088
-0.193439 -0.489778
0.751067 3.78231
-0.893319 -4.29611
-3.1017 1.51511
-2.44559 0.160409
3.52057 2.82374
-3.20438 0.461096
-1.2627 4.12291
-1.26329 1.02107
1.37181 3.07295
-4.01828 -0.313257
0.77936 -2.06501
-3.89245 2.64535
-0.316016 2.66433
-2.24845 1.80518
-2.64232 0.00900263
2.50563 -0.829914
-1.2757 4.55067
2.43633 -3.61631
-2.83205 3.25013
2.61185 1.25151
3.09023 0.958695
-4.13974 2.59442
-0.105636 -4.61312
-3.11592 -2.86306
-3.78588 1.73032
3.87365 2.4483
-3.05753 3.93495
-4.79818 -1.35909
-1.23792 -1.30221
1.76722 2.49565
2.40936 -2.48885
-1.19483 1.11488
0.993055 3.79543
3.32165 1.11344
2.03189 -1.00671
-0.949707 1.78074
0.119928 -0.906392
-3.02691 -3.29763
-3.96957 0.169646
1.21316 4.01309
-4.44338 0.248299
-3.08783 3.47098
2.76288 -1.25413
-2.26578 -3.12998
-2.48474 -0.795056
0.120519 4.1982
-2.35241 -4.06577
-2.36366 0.979524
-3.98768 0.685423
0.570164 2.74927
-4.11845 -0.806735
1.10446 2.0808
-2.37666 -1.47855
-0.340854 0.895192
-3.45688 -0.441541
-0.505049 3.12837
1.48487 -4.38581
-2.9497 0.0375714
4.70465 -0.870573
-4.29264 1.53396
2.76559 -4.13844
-2.57986 -3.03177
-0.325812 -1.55541
0.573713 -4.92991
-3.17978 -3.74329
3.33615 -3.70695
-0.616864 1.15756
-4.04255 -1.37386
3.35212 1.9468
-1.75766 -0.662516
-2.91296 2.42934
-2.22637 -0.950674
-2.56447 0.501295
2.79322 1.38851
0.233776 -1.62306
-4.21026 -1.67913
-0.621078 3.62221
-3.08274 -2.53056
-2.02354 -0.77573
-4.05781 -1.97184
-3.15822 3.20138
-2.96369 0.452432
-3.22269 -2.7884
-2.46277 3.97775
1.85358 2.77293
-0.664736 0.374391
-2.52235 3.68496
-4.86165 -0.538707
-4.43449 1.06752
-0.61831 2.67093
1.16253 -0.758127
-4.41095 -0.457409
-3.20318 -0.0820453
-0.61686 1.72312
-4.10222 -0.788624
-1.09318 2.23692
-2.34468 -1.42722
-1.83194 3.13841
3.29213 1.76648
-2.47312 4.17142
3.24593 3.47633
-2.93582 3.26911
-4.15735 -1.09159
1.80324 -3.77079
-3.10728 -0.383352
-4.35356 2.35958
-3.03605 -3.06011
-1.12552 2.48498
-2.14549 -2.42255
-0.754263 -2.68175
-2.3066 0.70713
0.734021 4.44719
-2.29337 -3.45486
-3.70965 2.15438
0.377092 0.241609
-4.11532 1.00001
0.827369 -1.4398
-0.310819 3.402
-2.44093 2.18522
-2.41041 0.420257
-4.84562 -0.633923
0.191301 2.22277
-2.42132 3.27616
0.271722 -4.95757
-2.25515 0.944023
-3.38769 -0.0110823
-4.20068 0.736865
3.10331 3.02917
-2.04545 -1.2568
2.26295 -2.87464
-0.32356 2.10806
-2.79584 0.0792834
2.86984 -1.81355
-0.126863 2.10117
-3.93374 -0.752747
-3.58548 -1.87662
-2.80243 0.533623
0.534499 -4.57174
-2.53571 3.47782
-1.45795 3.48188
-2.55632 1.28821
1.75798 2.59299
1.48317 -3.71376
-4.59133 0.766184
-2.47102 1.72488
-0.689688 3.78699
2.45205 3.56447
3.5671 -1.86065
-3.54721 2.93889
0.129807 -2.37265
-2.78248 -3.95941
-2.60062 -3.50265
-1.36308 3.19474
-3.57673 -0.260382
1.71005 4.11692
3.28422 -3.66452
-1.27439 3.14998
-0.136234 -1.20429
1.67911 1.70951
-4.71445 0.0346055
-0.438038 -1.73247
-2.1299 -0.238544
-0.777987 -4.1753
-1.58343 1.26828
-3.29201 -1.0706
-3.88934 1.35325
-2.19863 1.17846
2.65749 1.19706
-1.07137 -2.45461
2.08984 0.32125
-3.03271 -1.50276
-0.842762 0.871723
1.80332 2.27283
-2.56712 1.19074
-1.25088 3.23713
0.509067 -3.16443
-4.02551 -0.262671
-2.08665 0.249402
0.419649 -3.48999
2.59106 1.39303
-4.47857 0.97559
-2.10801 1.9566
-1.20532 -2.01868
-0.254347 -1.42503
-1.6344 0.107736
-0.653465 -4.81428
-2.17073 -0.567222
-0.138145 -4.90262
0.257251 -1.12438
-1.6241 -2.57663
-1.44974 -4.57762
-1.96991 0.314341
-1.96122 3.91051
3.75788 1.10032
-0.395908 2.87561
-1.02266 3.22149
-1.21555 1.90759
2.85743 -1.62715
-1.2965 1.8362
-1.64056 1.7568
-1.96119 -3.98899
0.0446073 -2.89088
-0.125714 -4.14696
-3.88001 2.68507
-2.49726 1.76187
-0.424734 2.80365
-2.52445 4.30675
0.232737 -2.98137
1.68514 1.75147
-3.72499 2.63732
1.7241 4.43642
2.24127 -4.37537
2.00274 2.37722
-2.42414 0.529644
2.24911 4.13642
-4.49871 -1.91943
2.5958 -3.05409
0.363944 -4.72128
4.85483 0.53174
-4.1777 -1.32367
2.22106 4.10236
-0.923781 -0.309337
-1.44452 0.0381773
-3.54714 1.1198
-0.00753004 2.57713
1.17169 -1.50282
3.09282 -0.944988
-0.914827 4.60629
0.778431 3.23644
1.34763 4.69458
0.823073 -3.17684
3.10289 1.12907
-3.07933 -2.57018
1.29746 2.1111
1.075 -2.31999
-0.19595 -3.92313
-4.22636 -2.496
-3.39195 3.20234
-3.34983 0.663437
-1.5979 -3.99716
-2.20633 2.22051
-0.159141 3.58794
-2.15886 0.604225
-4.13207 -1.36801
-4.47014 2.0292
1.1544 2.08132
-1.98005 4.29802
-4.3806 -0.383884
4.72358 0.821974
-4.67871 0.202784
-4.37379 -2.29569
1.69069 4.1034
3.84251 2.40068
-1.17555 -2.91564
0.779226 -2.36955
-2.14926 -3.98109
-0.507609 4.04859
-2.08477 4.54424
1.36911 -3.86149
1.43166 0.954777
3.00689 3.74772
-1.2086 -1.06367
2.76325 -1.87793
-4.54235 1.31178
-2.4358 1.4127
-3.91278 0.866075
3.78838 2.70096
-2.11643 -2.86995
-4.02213 -1.92492
1.21642 -4.15891
-3.09181 3.02344
-1.22553 -1.70626
0.48692 -3.57033
-0.857069 -1.85946
-4.89155 -0.297012
-3.01444 -3.40208
-0.73561 -3.8958
-1.82738 -0.801408
0.521321 0.535214
1.66639 3.74831
0.103169 4.57656
-3.9887 -1.1752
-3.1711 0.076608
-3.17229 1.60896
-4.00756 -2.11404
1.59528 -2.51421
0.514487 2.19787
-0.57184 -4.8119
2.69026 -3.18777
-0.942182 2.35818
-4.84915 -0.198717
1.63387 1.08716
4.1602 -0.312375
-3.88231 -2.93933
1.1249 -1.41058
1.46852 1.19843
3.0807 -1.12709
-1.83387 2.63339
-1.8694 4.08291
4.59757 1.81504
-0.611392 1.62771
-1.87334 2.50349
-2.59631 -2.17538
3.02501 3.11804
2.98677 -3.09768
-0.0777951 -3.72651
-0.238328 -2.56272
-1.48056 -4.35721
-0.627183 -4.62766
-2.64636 0.669489
-3.35907 -2.80839
-0.371934 -0.252398
0.0321191 4.69541
-2.31905 2.60308
0.239351 1.94888
-2.69612 -1.87929
2.95581 -3.89815
3.30007 3.64412
-0.694855 1.19024
-3.05797 2.59197
0.569927 -3.12749
1.54718 -0.980197
0.700299 -0.45568
-2.45867 2.98584
2.40656 4.06359
-1.8378 1.51454
-2.03761 3.79816
-3.45873 3.41193
-2.35786 3.66742
-0.82321 4.19293
-1.8794 -1.11401
0.0972006 1.91449
-1.23956 4.32045
-1.12495 -0.46695
-0.654347 4.25197
-3.27056 -0.0897352
-3.8722 -0.0803785
0.456999 -0.29519
-2.60102 -3.60555
0.0637265 1.64325
0.833326 -0.0645537
4.56767 -1.59471
0.808365 4.72297
-3.88295 0.479097
-3.22396 3.09716
-2.90139 -2.67757
0.14609 -1.61549
1.04254 -1.81377
-2.53931 -1.67296
-3.50021 -0.89398
-2.76824 -3.20975
-0.931522 -0.373531
-1.26233 2.62514
-4.89871 0.551218
-0.446495 1.45566
-1.76727 -2.25317
0.746802 -4.1356
-0.995897 -2.00979
1.8728 -1.47358
-0.149998 3.06165
-1.3707 -1.59948
-2.0411 1.63005
0.606512 1.60715
-3.32978 -2.91595
-2.06956 4.0631
2.97183 1.3056
-4.10948 2.24447
-3.15089 -1.01888
-1.93184 3.68647
-3.53799 -0.64896
-0.605956 -3.45034
1.89503 3.75425
-3.52419 -0.195972
1.85584 -1.53404
0.955011 -0.340105
-3.77736 -0.173751
-3.63726 -2.61179
-4.33128 -2.22738
-1.28918 -2.97168
-2.69605 -3.34019
0.81407 -3.79561
-2.64952 0.738467
-2.60787 1.44132
0.65363 3.89426
-0.367255 4.28492
-1.26357 2.49141
-3.91461 -2.75313
0.694506 -0.725215
-4.8955 -0.0236782
-0.363025 -1.76459
4.05294 2.05012
-2.6822 -1.1785
-3.63991 -1.01842
-3.53218 3.33054
-1.186 -0.864302
-3.90445 -1.94477
-1.76911 0.203219
-1.22546 3.1664
-4.94287 0.465612
-1.63174 2.74047
2.26305 -3.57632
-2.06434 2.4899
4.64272 1.77729
-4.40337 -0.381793
0.0458707 -4.07282
-3.33089 -2.06985
-2.14593 0.0382245
-3.12829 -0.518808
-4.37148 2.08391
-3.0653 0.812075
-2.56781 -2.97481
-2.56756 1.09784
0.806394 1.78433
-1.48134 4.41013
-2.57822 -1.72053
-3.10268 1.21249
-2.19716 -0.960441
-2.39371 -1.12541
3.68363 -0.548254
-0.323886 -0.651374
-0.775451 -1.59801
3.13332 3.18944
-1.35705 -2.91603
1.33394 0.744095
-1.4533 3.96569
3.19127 -3.10067
-0.463454 3.98413
-0.244637 -1.72618
-0.415882 3.5189
4.04025 2.77559
4.69763 -1.55295
1.0969 0.732335
4.06363 -0.884423
4.12049 0.595002
-2.05187 -0.224927
-0.692931 2.09675
-0.995642 -0.13325
-0.824851 1.50542
-3.56606 -3.43288
-1.11775 3.37807
-2.33252 3.54358
-1.17308 1.69952
-2.28029 -3.2914
-0.524943 -2.10127
-4.50485 1.68857
-0.0330113 1.7231
-3.94352 -2.41944
-1.33482 -1.43626
1.95028 4.03434
-1.87721 -4.09978
1.12052 -2.38036
1.51177 2.93462
4.95889 -0.437415
-3.92843 1.49598
-1.35331 1.88147
-3.4379 -0.926374
-0.365257 2.97772
-2.25747 3.56677
-0.0648193 1.70101
-3.36434 1.2464
-4.46209 -2.22623
3.21749 -3.65753
1.74926 -3.02877
-3.73317 2.82009
-3.63528 3.22126
0.948697 -1.66124
-4.03522 1.36471
-1.00782 0.854761
-0.158001 4.56743
-3.80945 1.20874
-2.17738 2.24629
-4.93732 -0.260931
-0.53448 -4.61121
1.22125 -0.432591
1.20026 -4.65218
0.209456 3.2331
-2.87082 -2.68044
-2.39096 -0.528038
-4.18395 1.66669
0.563687 -0.903804
0.00173189 1.69733
-2.81387 -0.0960994
-3.9699 -1.34354
0.862238 -2.45666
2.61166 3.68236
-1.01925 -0.764886
-4.73785 1.28234
0.127935 4.41612
-1.10298 -4.67111
0.0636874 -3.11045
-2.96912 -3.05011
-2.45792 -1.09038
0.372763 2.82465
0.990857 4.86164
-3.31595 -3.61328
-3.6581 -1.81617
-3.26779 2.46856
-0.967268 3.28859
2.00314 3.87369
-0.378238 2.40322
-0.646845 -0.330714
1.33701 1.75148
-4.46763 0.245081
4.10817 -2.4053
0.74554 -3.49306
-3.2602 0.253935
-1.00179 3.77316
-4.26691 0.135803
-0.920413 -2.8468
0.198114 4.3856
2.01575 0.433261
-1.27707 -2.14232
-3.5079 -1.19032
3.20989 2.10822
1.80885 1.99238
0.419581 -2.27641
-0.849381 4.71609
-1.9714 -0.969685
-2.77121 2.06028
-3.14566 0.816238
-3.65647 -3.04609
2.79361 3.93194
-3.53321 -1.43226
-0.109952 3.91866
-1.17508 3.57735
0.200577 -0.40858
-1.49575 2.80719
-1.25271 -2.22205
3.79737 -3.09171
0.34957 1.24094
-1.46257 -3.12842
-3.44157 -3.41898
0.714292 -1.1628
3.54154 1.53542
0.422267 -4.28632
-1.99253 -1.40781
1.56698 1.66854
-2.87554 -0.402914
-4.68693 1.54935
2.4595 -1.86731
-1.55582 3.92356
-0.955428 -1.41229
4.17855 0.359086
-1.79685 1.9692
-0.349314 2.10253
0.295625 4.71827
-0.491237 -1.98907
-2.07917 2.29445
-2.51701 2.14743
-2.1176 -0.776711
-3.79503 1.61947
-0.360941 -0.786721
0.453428 1.81454
-4.67781 0.305695
-3.52537 2.56523
-0.162937 4.93764
-4.00966 0.356339
0.311262 -1.86919
-2.99171 -1.14238
-3.96965 0.523869
-1.32466 -0.801688
0.529838 -3.73683
-0.781243 0.0602674
-2.8932 -3.07783
0.719018 2.5091
1.32621 2.65229
-0.215947 4.98169
-0.981413 3.17259
-4.45773 -0.0364762
3.59843 -0.204091
1.84446 -2.12165
2.08024 0.105729
-2.45866 -0.061135
-1.0367 -1.84694
-2.79877 -2.4088
-3.12618 1.12465
-2.16788 -2.45697
-4.31588 -1.48877
2.15459 4.07779
-2.28248 0.209625
-1.86613 3.75982
-4.04677 -2.81038
0.496785 -1.28174
-1.08542 0.0463865
0.615986 -0.403449
1.71541 1.9532
4.43334 -1.98909
0.0966901 2.1727
-0.284522 0.879783
2.11702 -2.0791
1.4666 -2.54592
-0.693988 -4.88448
1.91524 3.62818
1.27763 -1.75082
-1.54942 4.38604
-3.23249 -1.87511
1.60119 4.60615
1.37288 -1.77385
-1.75938 3.99336
4.46108 1.7427
1.53056 0.119621
-1.58206 0.157031
-0.0725186 1.84472
-0.0291315 0.924382
1.08074 4.29591
-0.82623 1.12693
-2.565 2.6545
-2.03032 2.10224
-2.14013 0.138443
-1.40247 2.97287
-0.788992 -0.628111
1.86879 2.88395
-0.500489 4.0602
0.323595 1.99955
-1.71735 -1.27534
-2.6931 -1.45991
-1.21789 -3.40434
-2.9414 -0.517218
0.663756 1.43952
-1.40831 -0.0675143
-3.7364 -1.65303
1.82359 -4.52428
-1.86542 3.34984
0.956281 3.78686
0.103262 -1.22176
1.12306 1.77771
1.87662 2.05128
-3.80446 2.13548
-0.529318 1.12785
-1.80471 1.6894
-4.32603 -0.50487
-4.44302 1.12548
0.196407 3.66411
-0.825696 -0.583595
2.14451 0.580927
-0.595048 1.74082
4.39658 0.128591
-1.02486 -2.0663
-2.27165 -0.705151
-2.94435 2.31175
-4.14865 -0.213975
-4.62439 0.307818
-4.40903 -0.452031
-0.678237 2.46675
-1.23532 4.84365
-2.15217 -3.40556
3.48995 2.58802
-2.05004 1.14788
-4.41196 -2.2223
0.850981 -4.17195
-2.41208 -0.736246
-1.93117 4.0204
-2.31741 -0.0263395
1.50958 -1.48433
-0.578925 -2.76647
-3.97072 1.20481
-2.87578 -1.77602
-0.297269 -4.16354
-0.179622 -4.77573
1.28839 2.22996
-1.23797 -4.24038
-4.44442 -0.259323
-4.02008 0.85766
-1.81038 -2.9192
1.58791 -0.266006
-0.605092 -4.8931
-1.57922 2.60058
-1.95068 -2.64789
-1.89077 0.904048
-2.57468 -3.12252
-2.19032 -2.00395
1.95957 -1.82207
1.13668 4.31028
0.837774 4.12697
2.23084 -1.62792
0.0714081 3.67588
0.194165 -3.35009
0.516832 -3.41953
-3.18856 2.47425
-0.766011 -0.143501
-1.37927 0.872936
-2.40085 -3.8781
-3.9078 2.50594
3.33415 -3.337
-4.79533 0.0554364
-2.82993 2.68772
-1.55381 -3.28086
-3.57907 -0.84371
-1.81117 2.13586
-0.737364 4.67231
1.21521 -0.51207
1.45201 -1.90493
-0.140341 -4.52614
-3.34995 1.81231
-4.56042 -1.10866
-3.28058 -0.639586
-0.557397 -0.441375
-2.57393 -4.25382
-1.13158 1.03738
-2.92257 -0.446842
-0.926545 0.942173
0.490645 3.35034
0.842356 0.636007
-1.03759 -1.85937
-4.56732 -1.22486
-3.81287 -2.10673
-2.95669 -2.87128
-0.410958 0.106807
-0.412913 -3.37512
2.16714 -3.29141
1.95746 -2.44842
-0.652733 -2.45296
-4.14662 1.41757
-4.04463 -1.33025
2.04028 3.41526
2.32349 3.01164
-0.904184 3.47887
0.616047 -3.27647
1.75964 3.61327
-1.1708 3.46803
-1.51498 -4.57228
-1.894 -2.62146
-0.162092 0.665565
2.05186 -1.8516
-0.920036 -1.10546
-1.13791 4.23665
-2.57049 -0.666533
-4.46393 0.290171
2.13231 -3.37969
-1.26065 2.21399
-4.58516 -0.131472
-0.547011 -3.50596
-0.662281 2.72581
1.40041 -0.945126
-1.89269 3.94386
-2.94019 -2.71621
-3.05641 -1.34762
3.08033 -1.67812
-2.72563 -1.88052
-1.47401 -1.87061
-2.22767 -2.53949
1.62076 -4.55162
-3.83223 2.018
-0.766254 -4.45815
-2.08569 3.39872
-1.89643 3.61706
-1.57845 1.75076
0.306456 -4.04253
-1.14962 -4.5114
-3.27445 -0.729247
-0.393513 -4.109
3.36711 2.0133
0.775538 4.3756
3.13179 3.5969
0.758992 1.40498
-4.69554 0.684946
-3.83019 -0.42912
-3.04745 -2.89883
-1.79547 -2.82427
-2.21173 -0.424747
-1.29421 0.729586
-0.56392 2.03209
3.25941 -3.67653
-0.107068 3.7278
0.661754 1.99082
-1.72412 -2.23015
-3.45336 3.00165
-4.08415 -0.690823
-1.36041 -2.65126
1.92825 2.98658
0.522986 -0.20185
-0.695672 4.45123
-3.78694 -0.591639
-1.82753 -3.27438
-0.176415 -0.0986046
-3.30955 3.66485
0.65586 -0.427158
0.205541 3.19916
-3.04983 -2.77846
0.209289 -2.3453
-3.16695 -1.12522
-3.23379 -2.49143
1.03263 1.30119
-2.57069 -0.159105
2.23837 -2.13037
-1.93885 -0.567034
-3.50843 2.4725
-1.17668 1.6626
-1.20365 -0.497395
-0.84527 -0.3038
3.15532 2.29195
-3.26707 2.08783
-3.39693 -1.87798
-1.09495 -3.04938
0.721648 1.83753
-1.69527 4.46815
-2.43809 0.518349
-0.196861 -4.52233
-1.65279 0.95994
-2.14224 1.90103
-2.64608 2.92095
2.58294 -1.89769
-4.49557 0.204142
-1.58359 0.340208
2.28394 3.76377
-2.81972 -1.91067
1.18766 4.52402
-2.54333 3.69895
-2.64468 -2.33736
-4.15549 -0.966575
-3.64905 3.29059
-4.03104 0.0501459
4.00823 -1.27454
-0.589866 1.03888
1.54189 -0.355633
-4.38327 -1.6831
-1.20458 4.38833
-3.88065 1.79199
-3.19503 -0.218185
-2.64243 -1.24233
-1.75927 3.72571
0.0530143 -1.22422
-0.742335 -1.51165
-2.45118 1.57354
0.272693 -1.79363
-4.36432 0.466526
-2.41776 1.50136
1.8418 -0.148754
0.57748 0.37993
1.31456 3.41751
0.374351 3.98368
0.792343 4.20229
-4.07317 -1.6036
2.92598 -3.66484
-0.640671 1.90668
-1.48426 -4.55458
-1.89606 2.6895
3.7604 2.87386
-4.69234 0.554036
-2.55171 4.07851
-0.605518 -0.257012
-3.37591 0.867055
-0.321874 -1.23426
1.01711 -0.0863858
-3.68708 -1.00314
0.942713 4.81894
-2.04714 2.71327
-0.734882 -3.69022
-1.05165 3.61237
-0.192079 -1.52633
-1.01009 4.76295
-2.0069 -3.18736
-2.36323 -0.765023
-0.442118 0.441544
-3.17151 -0.306685
-0.121187 0.352088
-2.41978 1.70363
-3.43907 0.56742
1.86407 3.24599
2.4232 2.26841
-1.52356 -3.94143
-2.83685 -1.2858
-0.4521 -2.09959
-0.547877 3.06432
-2.23329 0.166331
-4.37369 0.340954
-2.78234 -2.84133
0.62148 -0.763334
-1.13432 0.610971
-4.60735 0.748265
-2.15763 -3.04597
-0.411514 3.47865
-2.63374 0.934568
-2.35147 -0.767553
-1.26098 -3.47903
-2.72953 4.17005
0.258015 -0.724115
-1.57813 -0.592676
0.45673 -3.77111
-2.13876 -2.83635
0.549727 1.8263
-2.91592 0.194524
0.942179 0.324304
-2.79867 -1.83548
-1.07382 2.94435
0.587055 -3.64633
-3.00209 1.34323
-4.09648 2.79407
-4.29822 -1.07294
2.04871 -3.40768
-2.24124 -2.3844
0.863293 -3.29473
-3.41578 0.924584
-3.54708 -0.0393723
-2.42582 -1.6781
-2.30228 -3.30568
0.23114 4.76395
-1.67325 4.5652
3.3384 -1.96057
1.02398 2.11315
-3.5579 -2.67945
3.17371 3.04767
-2.53812 0.32851
-1.16986 -1.27055
2.61594 2.73786
2.73997 2.23946
-3.18486 0.752286
-2.04175 1.18203
-2.80719 -2.36853
0.511678 -3.746
-0.786287 0.736285
2.08729 2.2097
-2.91356 1.44719
3.26536 3.59217
-0.318328 -4.01228
0.263499 -2.2608
-2.22664 1.10109
-1.4073 4.01796
-2.15612 2.12747
-2.50738 1.412
-1.50801 -0.408436
-3.18528 -2.3233
1.7657 -0.800915
-3.16968 -0.442535
3.80408 2.97878
0.680904 -1.35513
0.346365 -3.98474
0.74459 -3.10832
0.151391 -3.75129
-3.25134 -2.44621
-2.25697 2.82272
-3.41174 0.898304
0.452879 0.319825
-2.58561 -4.17276
-2.90439 -2.06377
-4.69651 0.698092
-3.33302 -3.54123
-3.97656 -1.64756
-2.53725 2.22607
-4.02449 2.95422
-3.06774 3.01886
0.99937 0.970394
-0.655656 -3.84099
-4.07037 0.801238
-1.43542 -0.0293614
-3.73784 1.81244
1.72735 -2.96773
-1.64793 -3.72233
-3.86437 -1.92849
-2.03808 -3.80683
-0.458408 0.24227
-0.425239 -4.2399
3.16867 2.02494
-1.26516 0.450654
-4.2675 -1.27506
0.531615 0.936969
-4.00781 1.6875
2.10766 0.290435
-2.91638 1.01238
-3.42078 0.779828
0.628822 1.41593
-4.18165 0.395925
1.67072 -3.70256
-3.02443 -0.047479
-2.05307 1.78286
-4.76323 -1.00053
-1.54377 -4.19599
-2.61834 1.05625
-2.48326 3.22169
-3.61056 -0.412889
-3.44557 -3.50678
3.99538 -1.58427
-2.05416 0.800233
-0.116515 2.57501
-2.20417 0.303236
0.732605 0.895302
-1.31427 -3.20197
2.72051 -0.51924
1.07898 -2.08889
-0.914009 -3.12708
2.16217 -1.91057
-3.96467 -1.62978
-0.612598 -1.5383
-0.800897 -1.06669
-2.62373 -1.48095
-2.5678 -0.470082
-4.63646 -0.0889713
1.43112 0.348933
-0.284612 3.22477
4.0823 0.240844
-4.11854 -0.363451
-0.0459009 0.401735
-3.9714 0.299464
-1.6605 4.24716
-3.73615 -0.650445
3.37914 -0.770382
3.4096 -3.57353
0.289579 1.30908
-0.416204 -3.05896
-2.03167 -3.01205
-4.54439 -0.0892621
-4.75769 -1.40163
-2.155 2.70209
1.6602 -3.53186
3.21282 3.01094
1.90163 1.75929
-1.38114 0.169729
-1.04437 4.78865
1.51897 3.65264
2.77455 -2.97415
-0.0103266 -0.185054
-2.79256 1.67595
1.48204 -1.26458
-0.71374 -0.0589478
-0.850928 -3.58812
2.6967 -2.87522
1.48131 0.0134328
-0.492001 -3.75946
-0.106781 -4.14751
-3.13219 3.3591
-4.01258 -2.21344
-2.56747 -2.23168
0.731772 -2.14746
-2.15764 2.47951
-0.0786576 -2.49236
-0.929369 -1.57282
-1.91675 -2.91343
-4.71132 0.123763
-4.1889 -2.49921
-1.38793 -3.48338
-3.50573 2.61059
-2.3979 -0.600064
-1.95106 2.88529
0.433072 -3.0342
-2.08003 -2.2952
-4.22616 1.31139
-2.59567 3.33544
-3.25015 -1.68687
-1.07328 -3.94419
-0.751876 -2.67198
0.246519 1.7918
-4.02361 0.330426
-3.35924 2.5818
1.44931 -4.31754
3.251 -3.59412
-2.53105 2.51533
0.797398 3.13939
-3.3648 -3.04566
-2.20435 -2.72691
-3.24865 -1.12266
0.577189 3.83788
-0.527749 -2.10394
-1.16967 0.553135
-3.86888 2.26638
-3.67442 -2.45154
-1.77759 -3.55861
-2.44501 4.01044
-3.19464 -1.02534
3.16346 -3.28272
-2.11239 -2.177
-1.64067 -1.19952
1.27068 1.98915
-4.06808 2.83348
-1.78083 -4.20335
-1.91842 3.0892
0.0456969 -1.12293
-4.08794 -1.09603
-2.39121 4.2526
-4.72369 -1.10708
0.210681 3.36435
0.405675 4.95072
-2.56363 -3.7714
0.814605 -0.0239702
-3.17985 0.504867
-4.60411 1.38105
-2.13822 0.152936
-3.05602 0.689172
1.54861 -3.87701
-3.88792 2.78164
0.243833 -3.19577
-4.72785 1.60257
-1.62807 -3.79353
-1.55096 1.80526
-2.65937 -0.337836
1.29326 -3.64835
-3.67526 1.65945
-2.14748 1.8302
-0.610009 -4.4341
-2.60122 0.383562
-3.82727 -0.0836088
-0.429237 -2.6551
-3.84508 2.50116
-1.97603 2.93386
0.305675 1.15458
-2.59086 0.942335
-2.7615 0.886024
1.46006 -2.95335
-1.60488 1.42854
2.96912 -3.61862
-1.11573 -3.04377
-2.56647 -3.57923
-3.74968 1.38531
3.40824 -3.31877
-2.68127 -1.30317
-0.99892 4.02869
4.45423 -0.794691
0.0941712 4.00648
-0.443406 3.09913
-3.42578 0.42399
-3.59714 2.44104
-0.0638432 0.869493
-3.13975 0.143701
-0.999776 4.1297
-4.35661 -2.26286
0.288707 3.50798
0.122497 -1.07879
1.36728 -0.127804
1.09625 -0.698906
-0.0968534 3.50079
1.94927 -3.84057
-0.79224 -4.12125
-3.51644 1.99853
3.94276 1.0701
-4.27121 -2.53987
3.55366 2.15646
-0.199785 2.08572
-1.3853 -2.47537
-3.59289 0.160296
2.87253 1.6585
1.82719 3.51787
-4.39779 -1.27529
-1.23113 -4.82689
-4.03717 -0.815751
-1.31545 3.31291
-2.79603 -0.342413
-1.67335 4.23011
-1.84767 -1.11577
-1.14584 -4.82883
-3.07395 1.86396
-3.43818 -0.889645
-3.47974 -2.93333
-2.88233 -2.36852
3.15923 -2.78995
-1.98203 0.440751
-3.33341 1.10573
1.11301 -1.87624
2.48137 2.29221
2.15596 0.837385
-3.99369 -1.16057
-1.73336 -3.73697
-3.65065 1.41251
1.83188 -3.46442
-0.577705 2.44955
0.0080654 -2.75936
-0.81183 3.00961
-2.42439 -0.258457
-1.13264 3.15073
-0.0683132 -2.24183
2.03557 -1.5238
-0.744425 -2.61787
-0.566252 -4.44126
-2.82781 0.27063
-0.713446 1.47666
-3.58187 -0.832655
-3.10104 -1.45585
-3.16248 1.08866
-1.29727 0.182529
-3.24313 1.32044
-4.08521 -0.741149
-4.6599 -1.25111
-0.409067 3.84385
-1.15196 -0.642908
0.148988 1.76443
-3.10297 1.86538
2.29091 -1.47359
0.294942 -0.854622
-2.45143 0.614857
-4.67364 0.868524
-4.09803 0.836334
2.05001 3.72142
-1.05045 3.7939
-4.36287 0.925584
2.21416 3.24263
-2.07202 1.74339
3.58709 3.08002
-0.336705 -4.82999
-3.75158 -1.4062
-0.848282 -1.50879
1.57114 0.428238
-1.36322 2.54604
-0.0241688 4.51516
1.91359 2.99534
1.46126 1.83436
-1.9623 0.568352
-2.43657 1.86277
-2.06632 2.27953
1.9698 -2.97513
-1.2388 -2.7971
-0.916676 -3.06849
2.29326 2.77801
-1.21192 3.25985
0.212434 -4.40461
-3.28792 -2.78314
-1.14574 -4.79194
1.45011 -1.18353
-3.91883 -0.935223
-0.505431 -4.89901
-1.55584 -3.78487
-3.43071 1.32714
0.785686 0.214847
-3.31686 -0.153145
-2.35213 -0.721804
-3.94911 0.633169
-4.03133 1.14729
-3.38254 2.31911
-1.48391 4.20818
-0.267761 -0.722932
-1.90455 0.0163192
-4.14151 -1.54392
3.18553 -3.02902
2.36214 -4.24691
4.48817 0.846498
0.858967 3.31222
-4.59281 -0.905621
-2.15069 3.86195
2.51589 0.397639
-2.27016 4.34122
-0.335764 -4.8911
-4.39306 -2.29224
-3.43856 -1.33262
-1.86923 0.63512
-3.45627 -1.98788
0.646726 -2.27904
-2.74391 -1.14035
1.48773 -4.34367
-0.954107 -1.67866
2.25709 -3.47675
-0.894001 -3.89189
-4.64273 0.290189
-1.41522 -0.109929
-1.14929 3.00518
-2.11572 -3.5572
-0.993645 -3.58684
2.30655 4.23421
-1.97727 -4.18693
2.18776 -0.156726
1.9465 -0.181194
3.44417 -2.14652
-2.40627 -0.55735
-1.56117 -0.930286
0.852581 2.73214
0.140966 -1.6469
-0.874491 4.7955
-1.65465 4.14046
0.966098 2.45168
-2.22128 -3.91724
0.295503 -3.13995
1.84493 3.87058
-3.88144 2.94361
1.68725 -0.719471
-0.636642 1.90901
-3.85143 -0.380049
-2.30337 -0.327921
-4.53762 0.469194
-3.58496 0.879304
-0.158452 3.21673
1.69536 1.05385
-2.5101 3.91653
-3.46987 0.286371
0.450912 3.92236
-1.5222 3.19442
-2.72039 -2.44017
-1.35112 4.71557
1.06643 3.62139
-0.745779 -3.05008
-3.73856 -2.78228
-3.68844 -1.7685
0.954545 1.61301
-4.66598 0.23569
0.844279 4.74436
1.87871 -3.79147
-0.290894 -0.0366163
1.0066 3.027
0.430354 2.32823
0.635938 -0.342035
-1.16257 -3.63692
-3.29542 3.53159
2.78566 0.599048
-4.80256 -0.426237
-0.942725 0.369386
-2.94258 -2.77552
-4.70988 1.06461
-4.2738 -0.437526
-0.90884 0.568485
-3.62481 -1.54778
0.0187382 -4.00132
2.90426 -2.9401
-1.65805 3.54789
-1.21203 2.5386
-1.06086 2.12603
0.0285024 -4.37102
-3.48847 -3.53135
0.50674 3.71938
-3.56057 -0.709465
-2.92926 -2.05955
0.746 2.78413
-3.43395 -1.77465
-2.9778 -1.54844
-2.23115 0.56499
0.400005 3.995
0.209672 0.0557293
0.975837 3.53356
-4.2399 -0.0652451
0.0739557 -4.23409
-1.90019 3.9525
-1.15845 -2.83759
-1.62982 1.50849
-0.194556 -3.35259
-1.87321 -0.96866
3.62698 -2.77641
-2.98766 1.68804
-1.58139 -4.18464
-1.0497 2.00193
3.46201 1.8299
-3.02997 -2.04686
-4.47857 -0.911231
0.604039 -3.76713
4.73758 -1.47323
3.71372 2.10246
1.48078 2.82776
4.40593 0.344889
1.60778 2.76566
0.651263 1.23598
1.80162 -0.0746679
-2.34516 0.97004
-3.62694 -1.41418
-1.98045 2.87245
-2.72614 -1.01738
-4.23083 1.49352
0.939382 1.94635
-2.06002 -4.43015
0.563791 0.724758
-2.65521 -1.32583
-0.91287 0.66363
-0.311964 4.66066
-2.8413 1.71608
-0.214687 1.88291
1.85186 3.34374
0.554002 2.69944
-3.21041 -2.90552
-1.78861 -3.44904
-0.841727 2.03587
-1.98023 -0.0962599
1.2223 -3.75846
-2.46106 -3.25305
-2.89352 3.78461
-3.15899 1.24337
-2.69273 -1.06013
-3.20733 -2.09616
-1.06313 1.42486
-2.0149 -2.75519
-2.5428 2.77691
-4.06124 -0.933491
0.585943 -4.13174
-3.50581 -2.17428
0.320384 -2.77645
-2.51431 0.693054
2.77618 -3.37307
2.3657 2.84098
-3.99597 -2.14367
-2.78957 -0.895351
-2.02229 -0.781937
2.05 -4.31004
-3.05926 3.36676
-3.37506 -2.59691
2.23276 0.554488
-1.78555 -2.17517
2.03388 -1.65861
-4.6927 0.366218
-2.75054 2.77237
-1.2726 2.37854
1.25329 -3.721
2.6816 1.36598
-3.99693 0.0614213
2.66154 -3.28933
-1.13187 3.66779
-1.80433 -1.83869
-0.381828 -1.42586
-1.55373 -2.25601
-0.981745 3.32661
-2.19677 4.10524
-0.33507 -1.80446
-3.68861 1.64217
-2.68176 3.80088
-1.97777 2.98688
-1.89989 -1.6805
0.12792 -2.30877
-1.81765 0.999872
-1.46362 -2.21853
-3.4059 -1.58292
-0.179402 -2.2752
-4.83299 -1.12718
1.96558 0.40856
-3.43108 -2.51998
-1.37778 -4.02467
-1.50085 2.8918
-2.55786 2.92554
-2.24376 -2.92515
0.687426 -0.308462
-1.38015 -4.62124
-3.43556 -3.54006
-1.86221 1.7552
0.519564 -4.12434
-1.20697 -0.452786
-1.82695 -1.59549
-2.37335 -3.43614
-4.47447 0.396596
-4.77224 -0.464217
-2.80912 -2.63546
-1.94038 4.54146
-3.18076 2.38801
-4.55326 0.140165
-4.38202 1.91349
0.892094 2.04974
-3.76866 0.13086
0.379891 0.560897
-3.50139 -2.43578
-0.43104 3.15064
0.45989 -0.23218
-2.65321 0.97482
3.08188 -1.04524
-0.937669 -0.364463
-1.83254 -3.43103
-4.48355 -0.631685
-1.23282 -3.4344
-4.88396 -0.897685
-3.31787 1.15398
-3.50185 -2.6754
-1.49767 -1.74882
1.76415 2.50531
-0.194941 4.43359
-4.3872 -2.18883
-4.04435 -0.0103148
1.66797 -1.09019
-3.82281 2.12962
-0.237971 0.332977
-1.89504 0.197941
-0.569392 0.743944
-2.74037 -3.40767
-2.70954 0.963489
-4.38765 0.403904
3.48794 0.522268
-0.275706 -4.30576
0.517413 -3.42375
2.98076 -3.97091
-3.00442 1.79437
-3.6177 2.31396
2.60517 -2.23288
-1.63336 -0.639523
1.04033 4.17992
1.90566 1.02093
-0.874321 1.74195
-3.10214 -2.40908
2.60106 -2.86633
2.31853 2.18958
-1.82423 -4.36159
0.598785 2.093
-1.98696 0.798294
-4.68267 -1.20463
-3.87589 2.77963
-0.58249 1.9585
-3.88796 0.56398
-3.0449 0.790888
2.15015 0.266944
-2.31982 -2.81986
-4.38266 -1.79911
3.84325 -2.18974
0.971204 0.418619
-3.63951 0.257386
3.59682 1.51615
1.39941 1.18088
2.94573 -1.28769
-4.54379 -0.629745
-0.356589 3.65742
0.00768971 -3.52066
-2.44892 -3.49667
-3.57489 3.34219
-1.97354 -0.674803
-2.43343 -3.90953
2.14454 2.08016
-0.718319 1.71614
0.385667 -2.08295
1.80868 -3.86409
0.354958 -1.00876
-1.43911 2.4328
0.135711 -1.07507
-1.69596 0.849804
1.89594 2.75413
-4.03993 1.88726
1.23942 -0.23223
-3.65417 1.97182
-1.22383 -2.2565
-3.46618 2.52613
1.82918 -1.64326
4.57438 -1.71196
-3.82346 -1.25166
0.367672 4.23285
-0.0518246 -3.4362
-3.15272 -0.358861
-2.06164 4.34468
-3.8249 1.87129
2.18692 1.48988
1.41713 0.657607
0.39464 0.756083
-2.05849 2.06916
-2.88585 4.07253
-3.41883 0.193351
3.27274 0.517279
-1.74789 -4.6041
-3.32392 2.7311
2.32692 3.12734
-0.189068 3.87515
-2.29171 1.41576
-0.399641 0.270726
-2.5386 -2.54614
1.66324 1.97779
-3.45434 1.51996
-1.37627 -1.42287
-4.36679 -1.47419
-1.15189 -0.784992
-4.02397 0.402761
-4.25927 -1.18262
-1.72499 1.10205
-1.49967 -0.547128
-4.50803 0.261959
-0.86357 0.0417007
0.593696 4.95036
-3.82706 -2.47122
1.26627 1.44734
-4.25857 1.30192
-4.81611 -0.438321
-3.39847 1.32784
-2.03089 3.67269
-3.85099 1.68998
-0.47401 0.565821
-3.68099 1.19562
2.72907 1.37728
-1.23875 1.84186
-4.11459 1.59713
-4.01681 1.52927
-2.10054 -2.869
0.621191 -4.75722
-0.114478 2.06359
-3.48179 -2.96193
-0.78076 3.45742
-2.88494 -2.3682
-0.78079 0.436117
1.73748 3.02242
-3.22354 1.88835
-0.286573 0.776112
2.16773 -3.99477
-4.94759 0.256045
-1.50481 -1.70138
1.19612 -0.0220322
-1.15529 -1.95421
-0.544413 -2.58723
4.51666 -1.92641
-0.866484 -1.90251
-3.72786 -2.74685
-4.49885 -1.8098
0.523656 -0.161305
-2.49754 -0.297276
0.431197 3.97979
-4.31857 -1.15997
3.3782 -3.30243
-2.37417 -1.66281
0.953722 2.60452
0.0306328 -2.24987
-2.99033 0.420953
-0.440041 -3.3802
-2.63762 -0.0595827
-3.08332 0.259529
-2.74407 2.89504
-0.379016 -3.15235
-2.87396 2.72722
1.35963 4.62161
-2.20902 3.75398
-2.82217 -3.78767
3.67041 2.55143
1.75653 -3.37981
-3.64545 -1.68546
4.07898 -2.45384
-3.23677 -0.503852
-1.54736 4.07841
-3.98994 1.48248
-3.77239 3.05417
-3.16993 1.39379
-4.4077 -0.669315
1.38339 4.66336
-1.59031 -4.09373
-3.68816 -3.18048
-4.49363 1.66528
-3.64285 -1.67169
-2.26824 3.31801
-2.94945 -2.64489
0.669052 0.297036
0.868404 2.71242
2.62998 -3.09418
-2.4223 -3.70054
3.67561 -2.12472
-2.4665 0.756197
0.252205 4.87974
-4.00939 2.31974
3.87053 1.36055
-3.06704 3.13634
2.00834 -0.21894
-4.31637 1.13029
-2.79933 -3.84735
-0.749908 2.88858
-3.30762 0.199433
0.466804 3.13076
3.15946 0.752096
-1.02129 -1.57105
0.336752 -2.42517
1.21004 -4.28652
-1.47911 2.10642
2.92447 -1.22905
-0.844166 1.27846
-3.0658 -1.57848
-4.30671 -0.591194
1.01779 2.3697
1.28618 -2.55198
2.48064 -1.45793
-2.47153 -2.21791
-3.34179 2.84241
-4.50427 1.07193
1.89313 -1.69079
2.03537 -1.12916
-1.04915 4.52207
-3.58691 1.15316
3.31941 3.29395
-1.56177 3.90055
-4.15202 -0.816025
-3.61503 -1.0319
-4.51109 -1.04751
-2.44524 -2.80454
-1.10193 -2.75161
2.65442 0.409279
-3.15828 0.739522
-4.76339 0.53986
1.34079 1.6601
-1.8503 -3.03874
-3.28697 -2.71033
-0.4143 1.42668
-0.722517 3.46901
1.78161 2.85882
0.119579 -4.77332
2.2264 -1.482
-1.06139 3.28351
0.40734 -1.72101
-2.6591 -2.14663
0.0516109 -0.765454
0.168936 -1.51306
-3.08499 -3.66673
-2.34474 -3.43549
-2.91986 -1.55034
-2.32491 -1.23262
-3.23469 -1.18535
-4.2761 -0.833088
-3.48772 -3.35842
3.71128 -0.464533
-1.33947 -4.7037
0.267075 2.70812
-3.65536 3.10797
1.01028 1.57281
0.729143 -2.94412
2.84635 -2.8506
-2.99213 -0.783101
-3.61379 -0.650285
0.142149 -3.40987
-4.2403 -1.61047
-3.31527 1.23268
1.25374 -3.91516
-3.82499 2.94148
1.46049 2.79632
-1.73628 0.513961
-1.99563 -0.877261
-4.20444 -1.26234
-2.49023 3.40775
-3.52247 -1.64644
-1.82254 -4.20121
-4.52531 0.409038
-1.19669 0.481297
-2.56998 1.1327
1.91485 -3.51998
-1.27762 -2.10235
-0.443299 4.58581
-4.93941 -0.352472
4.51814 2.10525
-1.51667 -0.0252719
-2.5179 -2.61317
-3.22059 -0.532523
-4.39772 2.13085
2.30054 0.0430049
-0.935731 4.4921
-3.61895 -0.88548
-1.84705 -3.45425
-0.870902 -3.44112
3.01868 -3.89609
-2.33148 0.63463
-3.86438 -0.377034
-1.98381 -0.517609
-0.263585 1.63099
2.44401 2.8843
0.947455 -3.70733
-0.836192 -3.71924
0.271455 4.60726
-0.0240261 -3.86884
-1.47141 -2.87589
-1.53614 -0.190016
-2.9027 1.26422
-2.50988 0.50442
-3.97195 -2.64015
-1.15526 -4.53527
1.15433 -4.61631
1.58165 2.3035
-4.17812 -1.10979
4.91759 -0.719116
-1.57873 2.42987
-1.09643 0.199529
0.473516 -3.58919
-2.33651 1.32439
1.86805 -3.56596
0.124828 2.78208
-0.542372 2.86282
-0.66307 3.58167
1.61803 -2.84659
-1.92061 1.97136
4.64836 -1.19555
1.46225 1.61987
-1.84151 -2.38064
-3.36808 -2.28393
-2.91521 -0.221281
1.35335 -2.40095
-1.9619 1.70981
0.681058 4.78477
-0.553691 4.45667
-0.228864 -1.49026
0.208316 3.01803
-4.6178 -0.483035
0.477493 3.7564
4.09642 -1.47534
-0.62794 -3.5
-3.55539 -2.10612
2.80822 4.0459
-0.0207036 -0.760465
-3.75279 -2.43153
3.41443 1.2114
-3.76 -1.2515
-3.14946 1.81538
-0.536948 4.46333
3.2438 3.01704
-1.01131 4.07671
0.839844 4.38641
-1.96532 1.84287
-3.46998 2.13525
-1.65091 1.07145
-3.08228 0.0819203
2.36092 1.23572
0.552309 -0.631429
2.27029 1.79814
-3.60283 1.68439
0.83647 -0.455521
-3.04567 0.550251
-3.23359 1.06482
0.725866 4.68268
-3.79811 -2.95264
-0.615669 -4.30386
0.423632 -4.44174
-2.52191 -2.05289
-1.03117 -3.33879
-1.60409 -3.02609
2.32066 4.36961
1.89316 -2.20684
-4.09322 1.66401
3.15316 1.63805
-3.84217 1.51101
0.0805121 -0.462274
0.280418 -4.58424
-3.23749 2.62835
2.00135 -4.06777
-1.4984 4.40526
-3.97063 1.8398
-3.70293 1.24046
-3.01439 -2.95697
-0.291112 -4.53857
-2.86632 -1.79588
-2.29554 -4.27727
-0.459361 -2.07915
-1.39551 3.90207
3.66988 -2.20533
2.14665 -1.28271
-2.35417 1.02118
-2.3894 -0.798962
-4.97322 -0.335181
-3.65878 -0.785003
-1.3846 -2.57309
-2.37704 -1.01898
-0.827663 4.01998
0.279878 4.76672
-0.331133 -4.73304
-2.09985 -0.579961
-0.56754 4.58951
-1.59046 -4.13784
-1.2845 1.31384
-4.63243 -0.750122
-3.501 2.69537
-2.25798 -1.85095
-3.32131 -3.52351
-0.155165 3.75405
-3.26592 2.64864
0.793 0.727439
0.862463 0.509799
-0.189736 -3.15818
-1.52665 3.7037
-1.53972 0.269986
-2.97824 3.66222
-0.944668 0.569252
-1.88312 3.96099
-1.36351 -2.58032
1.4303 -1.19139
-3.93741 -0.115495
1.00116 3.51986
-4.58702 1.58426
2.50794 -1.64752
0.496936 -2.30849
-2.46462 -1.52876
1.94187 -4.03641
-2.96946 1.03835
-3.24848 3.41881
2.21362 -4.02637
-1.9313 2.36439
0.601962 2.6218
-0.885974 2.07754
-2.11269 -2.87147
-3.06097 0.756839
-4.69409 1.57009
-2.80952 -0.371832
2.29995 -1.50448
-0.158893 -3.12056
-0.56511 0.974235
0.839173 -1.10151
1.65078 -3.08813
-4.68811 -0.455019
1.00168 4.36486
0.507016 -0.542518
-2.01138 -1.72744
-1.43821 0.991504
-3.48862 -0.787258
-1.35768 3.97116
1.52531 -3.30682
0.191231 -2.2653
1.44622 -1.29395
-3.64881 3.05033
-2.37014 -4.28078
-3.62218 0.0520341
-3.03794 3.18091
-2.79857 -1.98136
0.534358 -2.90019
-2.74188 3.42249
-2.33733 -0.794517
3.37206 1.13618
-1.28791 -4.81058
-0.229053 -4.87958
-1.57777 -1.0076
0.0117043 -0.168103
-1.54372 -1.87123
-1.42728 4.30505
-3.65117 1.27904
-2.78427 -0.54224
-1.65712 1.40246
-2.43072 4.0749
-1.55374 -2.00698
-0.175018 3.21031
-1.27027 -1.98985
-3.56546 -3.42345
-1.1335 -0.553381
-1.03438 3.06355
1.70174 -3.26773
0.89725 1.10136
-0.950637 -2.52394
-3.25414 1.62243
-1.65195 -2.31088
-1.66748 -0.693371
-4.4339 0.529011
-1.33786 2.64609
-4.48772 0.188305
-1.38996 -0.29332
-3.15775 -0.0631179
-3.86026 0.445976
-1.91533 -1.80934
-4.34387 0.768412
-4.56929 -0.68332
-4.46149 1.44858
-4.58819 -0.0578726
-2.39944 4.29036
-2.57167 -1.99043
-0.284389 1.35584
-1.07651 -0.253265
-2.54808 0.478649
1.40666 -3.59257
-4.1832 0.375977
-4.15496 0.877011
4.12154 0.257389
-1.30065 -4.51449
0.01602 3.49935
-1.36458 -3.42463
-3.16269 0.226392
-3.43423 3.14968
-2.06075 -2.39501
3.48853 2.81121
0.162402 -2.82547
-1.13226 4.2513
-1.95014 -1.74394
-2.69809 -1.34062
-1.17545 -1.87427
-1.86077 -2.74103
-0.809399 -3.32445
-2.04104 -1.56188
0.175982 -4.7094
0.222566 0.482294
-1.5243 -4.19868
0.649387 4.17369
0.197654 -1.77878
-4.00606 -0.746336
2.23726 -3.51381
2.43374 -3.26828
-0.816707 -0.153261
-2.7793 3.48986
2.00072 -1.64509
-2.04474 1.27897
-0.984476 -2.6308
3.15765 -2.89571
-2.1133 -2.16996
-1.33044 0.801846
-3.23292 -2.24687
-2.98067 1.6502
-3.32219 -1.60378
3.23847 -3.39716
-2.10027 0.460797
-0.412529 -2.75411
-1.55051 3.29807
-3.6365 2.7056
-0.11094 4.80778
-3.04705 -3.59566
-2.1293 -3.27535
3.91493 2.53584
-4.54789 -1.2741
-4.17091 1.42039
-4.40588 1.04355
-0.512363 3.65876
-1.48464 -3.43317
1.93982 -3.19289
1.68791 0.487711
-1.1724 1.54155
-0.0187276 -4.94256
-0.318005 -0.728248
3.45379 2.28478
2.50663 -0.809738
-4.09007 -0.390096
-0.271108 -3.88941
2.82856 0.561405
-3.79976 -2.83919
-3.94474 1.23383
-3.17013 -3.02238
-4.6678 -0.149138
-1.87653 1.92215
-3.06348 2.54321
-2.27249 -3.21691
-2.8327 0.630189
0.70749 0.18941
-3.81461 -1.64302
0.402873 4.93558
-1.56745 2.03546
-4.89096 -0.230258
2.0907 1.5071
1.76704 -3.04531
-4.88649 -0.410961
4.06797 2.40592
-1.08686 -2.75778
-2.66267 -1.62733
-4.85574 0.0541074
2.10804 1.61078
-2.21573 -2.80271
-1.78658 3.55316
-0.12376 -1.69452
-1.48513 -1.6162
-2.93009 2.0712
-2.93764 3.38855
2.91146 2.85296
-2.08886 1.91333
0.784777 1.43053
-1.14298 -3.11695
2.32857 -3.86095
0.341707 3.42392
-0.877911 -3.39011
-3.26028 -2.30418
-2.3054 -1.6819
0.19011 0.513507
1.92276 3.427
-2.57022 -1.98496
-3.82158 2.98054
-3.43892 0.141957
0.341992 -0.0997517
-2.53869 -1.5058
-0.506472 0.0177901
0.778306 -4.38501
-2.88585 -3.32444
-1.74359 -4.21289
2.53795 4.01526
-1.02106 0.0251799
2.60994 -4.14087
1.78151 2.48733
2.68278 1.1472
0.693101 -0.86505
-2.54688 2.40298
1.4773 0.207287
-2.91038 -2.06957
-3.15483 2.8328
-0.167537 -2.38287
-0.840318 1.27991
0.550226 -4.38905
-4.76592 0.199145
-1.82726 -0.456408
-4.75171 -0.32117
-2.76109 2.19384
0.946535 3.02511
0.525449 -3.83249
-0.894811 1.25979
-1.93145 2.91104
-2.326 -0.547983
-3.40845 -0.181867
-3.14012 0.078884
-4.81005 1.19827
-1.21378 2.30688
-3.08014 -3.00918
1.2226 -4.69608
2.90013 2.77803
3.64179 -2.63839
2.61624 3.6811
-1.91098 -4.08248
0.308895 3.91253
4.18672 -2.6285
-1.72456 -2.69482
0.139791 -0.657945
-0.698457 0.597955
2.1885 -3.69565
-3.61036 -1.984
-3.93542 1.14338
0.478002 -4.40616
1.95924 -3.56326
-3.45089 3.37491
-3.13325 0.28447
-0.336115 4.41983
2.74694 1.998
4.21256 -1.79717
-1.26781 -3.22937
2.50214 -0.240216
-2.4247 -2.37256
-0.798347 2.78429
-3.03632 -2.17206
-1.1743 0.767021
0.043758 -1.55115
-0.562295 -2.65621
3.56643 2.61077
1.98159 1.37956
-2.17592 -3.54786
-3.29294 -3.72368
4.44465 0.24052
2.53164 -0.218456
-3.68283 0.106354
-2.99804 -1.76015
2.43878 3.04108
-0.519236 -0.0822766
-2.44324 1.79236
-0.939248 4.5375
3.04236 3.84876
-0.590544 -3.79536
-2.23894 -0.315557
-0.365116 -0.7044
3.61221 -2.42868
0.0593035 -4.19267
0.0146706 3.54561
0.469241 -2.94355
-0.995181 1.56945
-1.66073 1.46423
-2.08475 1.22431
0.316799 1.10228
-1.52526 1.2379
-3.57512 0.846949
-3.68988 -0.693751
0.290439 -1.24733
-0.941511 -3.72213
0.769921 3.74769
-4.20505 0.121468
0.491412 -2.8571
-2.50194 3.73802
-3.33191 -2.59021
-4.0017 -2.83806
-3.70108 0.386844
2.95169 -2.37023
-1.32166 -3.27556
-2.56731 -0.485021
1.898 4.23447
-1.36717 1.33827
-3.08192 0.412924
-4.42298 2.17517
-0.460934 2.00392
-3.3789 3.5649
0.579794 -0.115969
-1.08819 -3.43713
-4.23351 0.365026
4.04772 -1.46665
-1.86236 -1.91332
2.54098 -2.46575
-0.361889 4.08837
-4.03932 -1.78524
-1.97766 -1.52906
0.493719 -4.54291
0.341626 -2.25142
0.736763 -0.134026
-2.4444 -0.989032
-1.68349 -0.305003
-1.19337 -1.4658
-0.383405 -0.715164
-2.08096 2.86591
-1.56415 1.80813
0.360501 0.890478
3.60561 -2.13876
2.97938 -0.915473
-0.758636 2.18251
-3.39615 -1.29706
-3.8683 2.94867
-2.54487 -2.80062
0.223482 2.38055
-0.378675 -1.20775
-1.78594 -0.706724
4.4451 0.165848
-0.765485 -3.79977
3.00006 1.55524
-0.99611 -4.33187
-2.64347 0.288093
-2.13338 -3.6355
-0.332205 -1.76104
-0.96199 -0.592324
-4.76058 -0.882633
-2.50015 3.79771
-0.470472 3.34842
2.05261 -2.06856
0.736599 3.09305
-1.80041 -2.55473
-1.798 2.36988
2.50639 3.03217
1.53364 2.12516
2.31085 4.36005
4.75753 0.48407
-2.96765 2.4352
1.2281 1.13699
0.196393 -1.37619
-2.67779 0.479831
-0.606106 -1.11827
-3.23607 0.863777
-4.41323 1.06298
-1.11946 -4.23035
-0.445334 3.09869
-0.881007 -2.97931
-1.78028 3.45049
2.20083 -0.509582
-2.81688 -0.814968
1.46256 0.82149
0.217138 0.850313
0.895616 2.2905
-2.91038 1.81287
-1.42803 2.45658
0.618101 -2.79881
1.00835 1.61388
-1.35911 -2.0219
-2.76918 -3.521
2.12841 2.60059
0.374415 -1.31224
-4.50265 0.0987616
2.99613 -3.90892
-1.63709 -0.806575
-0.328883 2.00626
-2.59218 -3.11059
-1.83596 4.22017
-0.801425 -3.54145
-4.16267 -1.32088
3.88011 -1.73642
-2.52526 1.37721
0.342662 4.65834
-0.186091 -2.16967
0.275571 1.91833
-2.45024 -0.953621
-3.21366 1.17438
-3.46888 -0.316496
-4.01702 1.61708
-2.50231 0.851368
-2.2139 3.47553
-4.29326 -1.37764
-4.48716 -2.07191
-1.86586 2.85678
-4.58185 1.58525
-1.2195 1.11445
-2.95911 3.96623
-0.298123 -2.47574
-0.0339747 0.469864
-1.82481 -2.82866
-2.06755 1.42521
-3.4399 1.6763
1.6616 -0.323512
-4.12484 -0.944413
1.12187 -2.39062
-3.21281 3.67383
1.26595 -2.03522
-1.2485 -4.74894
0.273489 4.66652
0.664593 1.44616
-4.38157 -0.00790825
-1.70803 -3.24988
-2.90929 -3.35663
-4.8145 -0.312636
1.16452 2.75216
-4.10577 0.05505
2.11642 -3.63412
-3.51357 2.87421
-0.921937 -1.96178
-2.30378 2.6099
-0.73819 3.86205
-2.05302 4.35843
-3.78066 -3.03653
-3.70741 -1.56897
-2.39048 4.27994
-3.90616 -2.84592
-2.48838 -0.0251024
-2.5259 -2.19497
-0.0350089 -2.10772
-0.848204 0.365334
-0.802983 -1.97416
-1.66777 4.45114
-1.4686 -4.23462
-4.52326 0.183843
-0.671247 -3.72244
-3.21001 -0.822979
-2.7715 -0.32801
1.61662 2.71545
-3.66523 -0.302729
4.03509 2.94178
4.46742 2.21431
1.13371 0.152323
1.1235 0.675678
-1.74368 -1.59346
0.0768613 -3.67251
-3.09165 -1.865
-0.897954 -3.03137
-0.816781 -4.67232
-1.44763 -0.567146
-2.42759 -4.13736
-4.48019 0.147688
-3.4594 -2.89552
-0.42186 0.535817
-2.12794 -0.797871
-4.45989 0.272891
-2.1207 -2.94269
-2.88403 0.341485
-0.228521 2.31838
-4.26365 1.03088
-3.42122 -2.33698
-1.90021 -2.81598
-3.78383 -3.08827
-2.7602 -2.22779
-0.0175376 -2.46683
-4.21745 0.526586
2.18773 -3.34964
-2.69255 -3.35932
2.53081 -2.87978
-0.750613 -1.42742
-3.86408 -2.03942
-1.29305 -3.70803
-0.294607 -1.29296
-3.61721 -2.85966
-1.0596 2.74257
-1.60273 1.04097
1.81835 1.44138
-1.66488 0.730107
-2.87608 1.86072
-0.0823504 -1.93701
-2.22888 -4.13133
-2.20308 4.16466
-2.96846 -0.896788
-0.0315187 3.07106
-4.95539 -0.113144
-2.45356 -3.08396
1.07637 1.74653
2.42986 4.23286
0.862022 -1.61316
3.12179 3.71739
-3.36568 -1.66068
-2.28929 -1.84719
-1.50138 -0.272622
-1.75883 2.5241
-4.10946 1.71132
-2.26193 2.9989
-0.854677 -2.30985
1.11411 -3.08312
-0.177744 4.61771
-2.67823 -3.01667
0.961941 -3.08977
-3.15113 3.74674
0.251702 -3.59089
-3.49447 -3.37574
0.561653 -3.71569
0.182195 -0.300937
-2.53947 -2.5512
-1.6906 -1.22902
0.890829 -3.74233
-0.924157 -3.8324
1.49332 -2.45711
2.14132 1.51356
-2.86901 1.89021
-4.1379 1.56415
-2.40615 2.41219
1.05109 0.895047
-1.67728 -4.49201
0.701195 -4.85556
0.210077 1.85328
-1.07773 3.35304
-1.59376 3.53679
1.13003 -1.6111
-3.1129 -2.98753
-1.40866 -1.59858
0.582907 2.63326
-2.45328 -0.465628
-1.08522 -2.48808
2.47026 -1.83204
-1.27228 -0.281898
-4.93017 -0.294244
-0.232616 -0.485999
1.54535 -0.454942
1.89748 -1.8077
-3.33207 1.43456
-1.23305 1.91764
0.378299 4.36938
1.10569 -2.53506
-1.51492 4.72209
-1.40152 2.3522
2.17209 -2.81935
-3.54134 1.82324
0.676223 -3.49952
2.09854 2.10421
-3.30409 -2.10598
-0.619688 -4.80559
1.65203 3.50337
0.284053 -3.10836
-2.16451 1.7754
-0.963301 0.56707
0.430386 -0.258186
-3.18427 -3.76959
-2.88148 -3.8438
-0.405558 -0.675257
-3.07261 1.07416
-4.43143 -1.27999
3.17512 -3.47239
-0.997218 3.01413
3.86291 2.4254
-0.774823 0.787332
1.26447 -0.501503
1.59228 2.06139
-2.68066 2.10692
-1.83164 -1.05841
1.48844 -4.01332
-2.42768 3.62225
-3.50404 -1.93665
-2.33752 -0.423222
-4.19654 -2.14178
-2.14768 1.55701
3.01948 3.89764
-1.43106 4.70409
2.14715 0.64758
-0.00221058 -1.40954
2.27213 2.86147
1.60351 0.106266
-0.159681 -2.21345
4.35525 -1.51705
-4.33576 2.03934
-2.29493 2.05958
-2.82542 -1.49829
-1.15265 2.27234
-2.71293 -1.47132
-3.90058 -1.80692
-3.35694 3.45573
-1.05131 2.49809
-4.13192 0.94056
-2.73735 -1.75271
-0.322213 -3.00967
0.309959 4.15438
-1.64629 3.9193
-4.03549 -1.66159
-4.37145 2.29383
0.99231 4.52591
-2.09003 -3.89863
-4.86133 0.405025
-0.952068 4.22211
0.429781 -3.02468
-3.35988 2.79854
-2.83101 -2.14674
2.36861 -4.39976
0.846547 -2.93622
1.76788 -4.21069
-4.75323 1.08268
-2.54439 4.14723
-3.28723 -2.43262
-4.57943 -0.00013615
-1.44951 -0.831162
-2.71001 3.9811
-2.30806 3.30887
-1.25116 1.0742
-0.404534 1.91984
-2.23701 1.38106
-1.61092 2.7101
-2.76296 -0.611024
-3.51971 0.192682
0.392287 -3.44351
-4.16012 2.51748
-2.68606 -3.51329
-1.63767 -1.38555
-2.63399 2.31612
1.02269 -1.61388
3.24751 3.3297
-3.337 -2.07419
-2.33324 3.71776
-3.66725 2.02449
1.36667 2.52859
-3.79755 0.328054
-4.90862 -0.387641
-1.49493 -3.07994
-3.593 -1.89554
-4.58252 -0.89637
-0.276861 -1.79322
2.69092 -4.14998
-3.36055 -1.80131
-4.55493 -1.47936
0.754479 -1.44131
2.78811 -3.56658
1.05465 0.467258
-2.14298 -3.86045
-2.32677 -0.447921
2.95075 -3.50142
-1.40791 -2.95992
-0.977763 -3.09322
4.46752 1.8894
-1.45155 0.19301
-1.94988 3.5812
-2.35126 3.5231
-3.25551 0.840194
-1.46483 -4.55088
3.11948 -2.67056
-0.560476 2.91742
-2.26216 -1.03979
1.80928 -2.08406
-3.38441 -1.84982
-1.37305 3.13783
-1.77092 -4.2688
2.72161 -0.974834
-2.07502 3.2267
3.26172 0.895175
-2.67686 -2.45681
3.74336 -1.22194
-3.55147 -3.24146
-4.02512 1.47867
-4.60137 -0.627608
0.0471156 -4.09234
1.82174 -4.14813
-2.59739 -2.18259
1.24752 -2.09422
-1.29137 3.04383
1.75301 -2.04166
-0.96043 -1.38599
-3.63294 1.87832
-2.81262 1.72161
-2.65676 -0.699881
-2.11871 1.92041
-4.37806 2.21014
-4.45488 2.04623
-0.0875434 1.67247
3.30661 3.58353
1.9808 3.71506
-0.320278 -3.68278
0.00916494 -0.859237
-3.27959 1.49047
-2.10162 2.42771
0.121975 3.58473
0.423904 0.51727
0.0652489 2.88657
-3.58632 -0.220608
-2.47528 -0.75417
-4.80705 -0.103657
-4.15661 -0.355026
-0.0409199 3.93352
-3.319 0.752524
-1.4229 0.163584
-3.32965 -0.717259
-3.22044 1.77889
-1.55945 -2.38536
1.45043 3.33638
1.58178 -1.77454
-4.46334 2.21723
-2.29226 -3.88135
-0.408355 1.67474
0.129937 1.89043
-2.20349 -1.30341
0.289175 -1.5635
3.11254 -3.57384
2.36256 3.20912
-2.69164 1.18746
-2.38361 -3.16775
-1.19482 2.2873
-4.48471 -2.13615
-0.64251 -3.83014
-0.590521 2.64721
2.88129 0.880399
-2.3205 -3.01826
-4.65242 0.205802
-4.37184 -1.55704
-2.85429 1.59102
-3.67169 2.47955
0.654681 -2.38263
-0.0942776 0.949816
-2.79283 0.957955
0.472879 -0.209134
-2.84752 0.27942
-0.893399 -0.739113
-1.68669 -2.76502
-3.43685 -0.0538015
-2.50971 3.30844
-1.79392 -4.48475
-3.60916 -0.602852
2.09507 1.90406
-3.4796 -0.435503
0.987222 -2.78227
-1.88235 -0.0880669
-3.81106 1.85578
-3.69642 0.93906
1.77639 3.45967
-0.523061 -0.327425
1.72796 -3.35794
0.706444 2.86072
-2.48996 0.079705
0.233871 2.78254
-2.32854 -2.09231
0.598555 -3.02103
-0.60747 -3.95253
1.73738 -1.801
-3.95887 -2.53221
-4.80839 1.21362
-2.56141 -2.86068
-4.27778 -1.04384
0.182062 3.8165
0.598086 -1.32181
0.593178 0.649069
0.960417 -4.16143
-2.92224 -0.71732
-2.05903 3.08083
-1.02069 -1.78874
-3.03544 -0.0020995
-0.909769 0.870447
0.148009 -2.86079
-1.40234 4.38094
0.608647 4.38065
-2.37897 -2.72717
-2.74966 0.660542
-4.71961 0.0704957
-0.185682 -2.16361
-4.29357 0.759265
-0.185011 -2.45498
-2.31987 1.46794
-1.24096 2.09964
-3.64983 -0.598206
-3.76527 0.715768
-2.12979 2.90814
-2.38054 -1.32918
-3.47723 1.70763
1.48272 -4.19182
0.48458 -2.64808
-2.42066 -3.54481
-4.51889 0.682314
-3.17011 -0.356972
2.10434 1.94154
-2.88759 -0.781329
-2.10855 -3.66345
0.382124 -4.82093
2.85617 4.07866
-1.46839 2.66268
-3.4452 -2.67517
-4.52629 -1.67616
-4.60785 -1.7003
2.27494 -2.09912
0.535522 3.50532
0.580941 -2.34614
-2.41952 -4.14539
-4.80492 1.11223
-4.16355 -2.23979
-4.922 0.0939845
-1.11757 1.42553
-0.48134 3.82815
-1.87078 -3.89916
-3.96126 -2.84596
-1.71359 -2.88404
-1.00242 -2.51922
-0.932622 0.857979
-1.9666 0.807009
-4.13167 -2.8127
-1.02011 3.48932
0.11783 2.3566
-4.19203 -2.26626
-3.60444 0.952472
2.55106 3.63898
-0.813725 3.64757
-3.7619 -0.934825
-0.39583 1.24425
-4.30406 0.0558598
-1.4777 -4.29287
-3.51529 -0.842576
1.54138 4.71957
3.16834 2.78291
-1.86844 1.27748
-3.53463 2.45666
0.11034 3.85656
-3.88111 0.944167
0.050709 -3.22186
1.1482 -0.515176
-4.51134 -2.06316
2.53193 -2.59331
3.27509 2.42144
-2.86858 -3.4169
-2.81646 -1.10116
1.35855 1.61122
1.95979 -1.98208
-0.427049 -0.430689
-4.31738 0.79192
-3.21351 -0.997384
-3.89528 -0.0405055
4.37558 0.381271
-1.61862 4.58793
-2.10936 -1.24185
3.84748 0.787183
-2.14172 -2.38879
-3.60591 -3.25521
-4.73704 -1.12403
-1.95935 0.95924
0.467597 4.91686
-1.24051 -0.561779
-2.38898 -2.08998
-2.69811 0.909345
-4.83528 -0.595914
4.14009 2.75222
-3.07717 1.18168
-2.65029 4.07551
3.57174 -1.37644
-2.18233 -4.27948
1.48691 -0.542017
-2.96648 1.41793
4.48543 -1.96484
-1.93749 1.22619
1.39489 0.750181
0.238735 3.93012
-4.19397 0.973705
-3.20788 -1.92127
0.864207 -3.04556
-1.60448 2.54253
-1.65596 -2.12876
1.20775 0.877053
-4.79253 -1.07825
-0.453601 -1.21893
-1.79134 1.78124
-1.60074 -2.74267
-3.94785 -0.232097
-3.54018 0.259525
0.284987 3.02442
-0.775031 1.84226
-0.459978 -1.60909
1.85542 -4.60336
-2.18991 1.80449
-2.17561 1.10063
1.74287 -3.97118
-3.39856 -1.35765
-4.36811 0.120549
-2.20913 -2.75704
-3.95766 0.522224
-2.34348 -0.00271803
-2.97669 3.91572
-3.23194 -0.184449
-2.81543 0.566477
2.77964 2.90295
-2.57102 -0.60435
0.468008 -4.06986
-2.6442 2.18633
-1.25276 0.480166
-3.17511 0.73249
-1.03983 -4.61661
2.66303 2.10713
-3.61349 2.26259
-3.41865 -2.32905
2.85945 1.44567
0.564019 1.8559
-4.58784 1.03034
0.602785 -3.34337
3.35694 3.59209
-0.985929 -2.60714
0.203156 0.541455
-4.61277 -1.37007
-2.07355 0.0910461
-3.80867 -2.75402
1.50987 -0.380844
-2.9057 -1.89056
-2.26193 1.27116
-4.26073 -2.36479
-2.45675 2.15918
-4.88215 0.739481
-2.01522 4.21091
2.44584 3.13365
-3.69859 1.02733
-2.16486 4.00245
-0.179015 -3.94691
-1.60549 1.35038
2.673 -1.16892
1.20328 3.96986
1.44248 0.0666281
0.746331 3.37862
-0.903681 1.3892
-2.8455 0.336264
3.04226 1.57018
-1.52488 -2.2516
-4.31469 0.17044
3.39771 1.45225
-2.57063 3.2241
0.0762015 -1.76932
-0.0251496 -0.628949
-2.84 0.975493
1.11454 -1.23327
0.485506 3.47271
-4.39101 0.39614
-0.370332 -0.934017
-4.86517 0.312024
-3.29558 0.500726
-1.20477 4.03843
2.60003 -3.26672
-2.06647 1.63112
-3.37371 3.46729
-0.267665 0.681837
-0.843543 1.99385
-1.26715 -3.55178
0.267528 2.84709
0.403842 -0.430565
1.39407 3.06264
-3.40171 0.0100858
-2.02278 -2.67384
2.22059 1.63496
-3.84924 -0.0477827
-2.47862 -2.15699
-0.650407 0.901508
-1.02737 0.735668
0.885596 1.29551
1.47274 2.88836
-1.73023 -3.47184
-2.13612 -2.90199
-1.01858 2.38874
-4.12003 -0.776276
-3.15089 2.23658
3.02452 2.27195
3.49065 0.434714
0.227038 -4.06146
-2.31872 0.987031
-1.51227 4.63093
-0.781948 -4.35067
-3.33256 3.31262
-4.38607 1.92549
4.72926 0.685767
-3.35746 -1.58847
-0.294031 -3.89619
-4.13634 -1.20323
-3.66488 0.888921
-3.82636 1.95744
-2.0472 -1.78196
4.24879 2.34754
3.98659 2.47005
0.521916 2.16346
1.39907 1.71958
-0.633143 -0.398881
-4.20003 -1.51866
-0.817631 -3.48865
-0.750626 2.24198
-0.743647 3.38
-0.141965 3.68237
-4.21069 0.808244
-2.15678 -3.25834
-1.85045 -3.95855
0.511811 -4.8224
1.10988 -4.41378
-1.03273 0.683181
-3.15352 -2.37803
-0.471129 -4.66991
-0.382528 0.0973563
-3.27942 -2.0509
-0.433991 0.906727
0.808728 1.37293
-3.24985 3.31508
-2.52478 0.963647
-4.40174 1.3738
2.29505 0.328611
2.49225 1.38482
1.53261 -0.914379
-1.59866 -2.62115
-0.699083 0.746509
-2.76821 -1.71053
-2.00707 -3.01122
-3.4175 3.1215
1.7466 -4.39013
-0.156563 -3.51398
-1.80419 -1.34688
-0.512129 3.81346
0.994358 -4.27388
-0.702023 3.54347
0.422873 -4.55771
-1.60093 -0.992745
-2.57866 2.2527
-2.62473 -3.39451
-0.687464 1.39742
-3.0126 -0.825324
-2.62989 -1.17084
-2.2845 -0.279093
0.135942 0.965754
-2.99413 3.32737
-4.04014 2.12649
-3.35041 -1.92983
0.511051 -0.430022
-1.80277 -1.14267
-2.16573 0.089545
1.75107 -0.0531816
-1.27182 3.77169
-1.54758 1.47986
0.0609176 0.0943775
1.09949 4.87579
1.7376 -1.58449
-2.17234 2.24113
0.950431 1.76046
-3.18922 -2.8245
-1.07244 4.12356
-0.921373 -4.59121
-1.20837 3.813
-2.8639 1.67756
-1.71683 2.8235
-1.37479 -4.25018
-1.66357 1.68161
2.8968 -1.90955
-4.18494 -0.307546
-2.61961 3.29801
-3.32997 1.99578
-3.95549 -1.16043
-3.93541 2.25395
-4.5506 -0.632799
3.80967 -2.00695
-2.70689 1.08788
-0.927352 -1.89111
-0.330923 -4.67982
-3.8938 -1.34083
0.35405 -0.947332
-2.00293 2.6873
2.34602 -0.191972
1.44702 4.4428
1.66265 -2.3417
-0.39501 2.60155
-1.28026 -4.59931
-4.86042 0.403026
0.22117 4.97381
-0.111745 -1.2334
-3.26495 3.10734
-4.27481 2.12665
-3.82394 -2.26314
-3.5231 -1.70735
-3.45594 -0.692751
-3.07526 3.45142
-2.6664 0.954414
-2.84095 -0.541753
-0.086809 -3.67061
-1.34816 -0.297762
-0.871337 -3.6813
-4.68498 -1.49871
-2.59549 -2.64501
0.478393 2.97221
-0.635013 0.147179
-4.71381 -0.146918
-3.57243 3.49377
-2.54642 0.400883
1.93278 -4.16662
0.00587646 -1.53794
-4.05157 -0.871819
-4.05656 -2.30876
-3.14755 -1.52743
-4.0805 -1.46116
-1.92062 -2.64563
-0.643556 1.26878
-1.46492 -0.843543
-3.71948 0.237869
-0.339195 0.476651
-4.42778 -1.4848
-0.963426 -3.21281
-2.21805 -0.570692
-0.0994479 1.71544
-2.90744 -0.276216
-1.89821 -0.990531
-3.07808 2.4216
-3.62097 3.15226
-1.63309 -0.794739
-3.53582 -1.78985
-4.28338 -1.52819
-4.51084 -1.64558
-3.55845 -0.506144
-3.24056 0.214363
-4.41479 1.45082
-1.61828 -0.553289
-1.30101 1.02103
-3.82471 1.56499
-4.29452 0.252644
-3.94307 -2.04987
-4.18847 1.12026
-3.35001 0.935035
-3.96961 1.08107
-4.66655 0.406093
-3.3791 -0.000198565
-4.55043 -0.603035
-4.37337 0.883299
-4.62646 -0.781458
-4.89032 0.987343
-4.98945 -0.133466
