0 inf inf -inf
0.1 2.03665 1.9481 -0.0867058
0.2 1.52241 1.4725 -0.0647984
0.3 1.37015 1.31283 -0.0354376
0.4 1.31603 1.29893 -0.0126651
0.5 1.19677 1.27886 0.00425825
0.6 1.13889 1.19736 0.00538054
0.7 1.09668 1.1851 -0.000499524
0.8 1.05578 1.17738 -0.0164917
0.9 1.05105 1.13589 -0.0277859
1 1.03948 1.07319 -0.0311859
1.1 1.02616 1.05806 -0.0424081
1.2 1.05747 1.03156 -0.032213
1.3 1.04331 1.01626 -0.0231594
1.4 1.05979 1.03191 -0.0237489
1.5 1.02888 1.01325 -0.0231623
1.6 1.03384 1.0089 -0.0228156
1.7 1.05293 0.991781 -0.0275486
1.8 1.07271 0.993398 -0.0159472
1.9 1.06202 1.00135 -0.00628367
2 1.04898 0.984696 0.00405483
2.1 1.05961 0.975526 -0.00133738
2.2 1.04955 0.969079 0.0121481
2.3 1.03501 0.958542 0.0126026
2.4 1.02352 0.966121 0.0122499
2.5 1.01938 0.973582 0.0256703
2.6 1.02301 0.975298 0.0211644
2.7 1.02015 0.981561 0.0148786
2.8 1.02619 0.975831 0.0112253
2.9 1.01901 0.985882 0.00816498
3 1.02047 0.985989 0.0171221
3.1 1.01481 0.985791 0.0121297
3.2 1.00445 1.00895 0.0205855
3.3 0.992885 1.00941 0.0213711
3.4 0.970474 1.02392 0.0154457
3.5 0.961124 1.03037 0.0232832
3.6 0.969046 1.03553 0.0148432
3.7 0.978312 1.02411 0.00950223
3.8 0.979985 1.03713 0.0171708
3.9 0.970876 1.0306 0.0125405
4 0.967647 1.01872 0.0131812
4.1 0.963729 1.01484 0.00796118
4.2 0.961953 1.03127 0.0173618
4.3 0.955873 1.04205 0.0124653
4.4 0.943978 1.03774 0.000222507
4.5 0.930748 1.04103 0.00466415
4.6 0.937131 1.03254 0.00044741
4.7 0.935043 1.03868 0.00038822
4.8 0.92152 1.04358 0.00197875
4.9 0.918145 1.03869 -0.00336404
5 0.915531 1.04045 -0.00860008
5.1 0.904196 1.02641 -0.0138003
5.2 0.910016 1.01237 -0.017894
5.3 0.909317 1.00801 -0.0180534
5.4 0.92538 1.00242 -0.0153111
5.5 0.908734 1.0033 -0.0158559
5.6 0.907031 0.995072 -0.00604992
5.7 0.909647 1.00507 -0.00776945
5.8 0.915391 1.00526 0.00468473
5.9 0.915364 1.01067 0.00788734
6 0.912375 1.00473 0.0064802
6.1 0.914313 0.988402 0.010044
6.2 0.91992 0.99919 0.00536775
6.3 0.933692 0.99967 0.00984004
6.4 0.941354 1.00089 0.00951402
6.5 0.934693 0.999505 0.0137184
6.6 0.938281 1.00604 0.0264341
6.7 0.944782 1.00482 0.0290926
6.8 0.939343 1.01172 0.0263983
6.9 0.935457 1.00995 0.0196259
7 0.923997 1.00443 0.0238974
7.1 0.938091 1.01193 0.0188967
7.2 0.948697 1.00617 0.011603
7.3 0.952992 1.00173 0.00242313
7.4 0.96529 0.992746 -0.00339316
7.5 0.951567 0.993048 -0.00463929
7.6 0.953369 1.00324 -0.00452031
7.7 0.962297 1.01098 0.000784638
7.8 0.972359 1.01017 -0.00480285
7.9 0.986747 1.02059 -0.00798589
8 0.995389 1.02655 -0.00972596
8.1 1.0027 1.0253 -0.00513068
8.2 0.995044 1.02631 -0.0107992
8.3 0.987852 1.02055 -0.00991204
8.4 0.996307 1.02206 -0.0113024
8.5 0.98493 1.01013 -0.00888291
8.6 0.991779 1.02296 -0.00728668
8.7 0.980962 1.02314 -0.0109875
8.8 0.976779 1.02786 -0.0145141
8.9 0.980567 1.02267 -0.00615163
9 0.984057 1.01658 -0.00695107
9.1 0.988393 1.01982 -0.00471975
9.2 0.991996 1.01466 -0.00817298
9.3 0.999966 1.01329 -0.0040128
9.4 1.00126 1.02083 -0.00651745
9.5 1.00664 1.01477 -0.0077336
9.6 1.01594 1.02341 -0.0100649
9.7 1.00438 1.01115 -0.00438446
9.8 1.00117 1.0197 -0.008927
9.9 0.99299 1.01867 -0.0118082
10 0.990026 1.01331 -0.0149334
10.1 0.992797 1.00831 -0.0142592
10.2 0.990094 1.00603 -0.0155772
10.3 0.985594 1.00726 -0.0215925
10.4 0.98447 0.993349 -0.0236272
10.5 0.977439 0.989919 -0.0249266
10.6 0.981822 0.989291 -0.023132
10.7 0.978894 0.990708 -0.0149289
10.8 0.992695 0.98952 -0.0127147
10.9 0.984233 0.989905 -0.0117442
11 0.995658 0.987704 -0.0128933
11.1 0.99237 0.98394 -0.0174681
11.2 0.997951 0.983073 -0.0122163
11.3 1.00999 0.989171 -0.0175956
11.4 1.02091 0.991732 -0.0184223
11.5 1.01652 0.987533 -0.0162928
11.6 1.01722 0.981149 -0.011562
11.7 1.01146 0.983791 -0.00881278
11.8 1.00719 0.979974 6.04957e-05
11.9 0.993755 0.977257 0.00269839
12 0.996199 0.974842 -0.000144521
12.1 1.00188 0.971061 0.00825732
12.2 1.00734 0.97318 0.0120647
12.3 1.01116 0.975356 0.0104516
12.4 1.01641 0.977538 0.0167106
12.5 1.02089 0.978209 0.020039
12.6 1.01791 0.976798 0.0159233
12.7 1.0142 0.972449 0.0150848
12.8 1.00218 0.973242 0.00971379
12.9 0.998985 0.968703 0.0105929
13 1.00296 0.972625 0.0122884
13.1 1.01227 0.969045 0.01414
13.2 1.00212 0.970688 0.0116251
13.3 1.01049 0.973161 0.0147826
13.4 1.0131 0.972499 0.0153433
13.5 1.01274 0.972129 0.0163978
13.6 1.01267 0.972732 0.0203838
13.7 1.01276 0.968772 0.0163305
13.8 1.01551 0.973744 0.0181763
13.9 1.01194 0.966816 0.00968434
14 1.01031 0.96977 0.0175528
14.1 1.0143 0.968712 0.0187875
14.2 1.00736 0.973048 0.0242859
14.3 1.00241 0.973813 0.0149947
14.4 1.00401 0.963386 0.0140768
14.5 1.00186 0.963251 0.0125934
14.6 0.984127 0.966115 0.0109942
14.7 0.984782 0.961622 0.00859541
14.8 0.986169 0.963982 0.0075711
14.9 0.978521 0.958719 0.00646851
15 0.97272 0.955132 0.0064956
15.1 0.972538 0.951218 -0.000293979
15.2 0.976963 0.949411 0.00568484
15.3 0.973863 0.943324 0.00909936
15.4 0.970937 0.939228 0.015269
15.5 0.967804 0.956953 0.0115949
15.6 0.964426 0.959862 0.0099241
15.7 0.960978 0.94894 0.00104547
15.8 0.962928 0.943711 0.000404102
15.9 0.949541 0.943817 0.00277196
16 0.949826 0.939815 0.00498065
16.1 0.952135 0.94296 0.0034267
16.2 0.951525 0.941902 0.00434401
16.3 0.957722 0.93605 0.00583901
16.4 0.948856 0.930132 0.00095859
16.5 0.944467 0.927476 -0.00109077
16.6 0.943351 0.935567 -0.00215865
16.7 0.938325 0.93861 0.00245576
16.8 0.937837 0.934311 0.00351246
16.9 0.943675 0.925859 0.00652634
17 0.946301 0.924219 0.00625172
17.1 0.940976 0.923998 0.00470625
17.2 0.934246 0.926697 0.00775982
17.3 0.937285 0.925101 0.0113668
17.4 0.941049 0.92265 0.0143114
17.5 0.939539 0.924486 0.0165439
17.6 0.935523 0.917228 0.0120106
17.7 0.939919 0.914774 0.0120232
17.8 0.939672 0.92104 0.00958377
17.9 0.937842 0.922151 0.00940251
18 0.931827 0.918894 0.00656902
18.1 0.929909 0.9221 0.00528705
18.2 0.932625 0.93277 -0.000204195
18.3 0.938814 0.928323 0.00236801
18.4 0.940886 0.92186 -0.00315973
18.5 0.9334 0.917727 -0.00696461
18.6 0.928007 0.917908 -0.00582461
18.7 0.933209 0.909795 -0.0052821
18.8 0.928993 0.911199 -0.000479234
18.9 0.928201 0.913884 -0.0024241
19 0.925628 0.916466 -0.00175316
19.1 0.92495 0.916401 0.000460348
19.2 0.924747 0.912906 0.00536131
19.3 0.924748 0.905924 0.00162927
19.4 0.91785 0.90505 -0.000254646
19.5 0.921135 0.90301 0.000964473
19.6 0.928999 0.898507 0.00556049
19.7 0.930867 0.90215 0.000944598
19.8 0.929656 0.904333 -0.00070072
19.9 0.928312 0.899462 0.00221167
20 0.925073 0.905396 -0.00530268
20.1 0.921966 0.910935 -0.00566243
20.2 0.921033 0.902116 -0.00459597
20.3 0.920978 0.902073 -0.00396818
20.4 0.915893 0.903957 -0.0021986
20.5 0.911433 0.900812 -0.00514284
20.6 0.909968 0.903822 -0.00587972
20.7 0.917513 0.898704 -0.007744
20.8 0.918785 0.900677 -0.0092226
20.9 0.91296 0.901796 -0.00545971
21 0.914064 0.899771 -0.00182238
21.1 0.920139 0.903958 -0.00340911
21.2 0.929561 0.898941 -0.00543994
21.3 0.932884 0.900916 -0.00910729
21.4 0.946116 0.908554 -0.00702883
21.5 0.949526 0.906722 -0.00552353
21.6 0.952278 0.898698 -0.00991698
21.7 0.950237 0.900119 -0.0102279
21.8 0.942143 0.899741 -0.0150981
21.9 0.948736 0.906323 -0.00860994
22 0.949972 0.909728 -0.0103831
22.1 0.953713 0.914498 -0.0104949
22.2 0.954826 0.92409 -0.00995974
22.3 0.958885 0.927903 -0.00879271
22.4 0.962413 0.936962 -0.0144832
22.5 0.961886 0.938028 -0.0192853
22.6 0.960613 0.938762 -0.0208083
22.7 0.958924 0.938942 -0.0157562
22.8 0.957188 0.940734 -0.0138052
22.9 0.949183 0.944571 -0.010082
23 0.949291 0.951022 -0.00858158
23.1 0.94505 0.949911 -0.00685076
23.2 0.944718 0.952028 -0.00238886
23.3 0.944933 0.951988 0.0012084
23.4 0.944984 0.960206 0.00432864
23.5 0.942162 0.966516 0.00266748
23.6 0.950966 0.974408 0.00221378
23.7 0.950824 0.972876 0.00227121
23.8 0.955757 0.968634 0.00308585
23.9 0.957077 0.962274 0.0069708
24 0.950745 0.961695 0.00369836
24.1 0.951077 0.96927 0.00271474
24.2 0.947583 0.969944 0.00262363
24.3 0.95043 0.972943 0.00325671
24.4 0.952546 0.971839 0.0053129
24.5 0.952607 0.976355 0.00997014
24.6 0.950419 0.976021 0.0110597
24.7 0.952708 0.981723 0.0120681
24.8 0.954348 0.984717 0.0109912
24.9 0.959272 0.987031 0.0107548
25 0.963217 0.989627 0.0146934
25.1 0.965258 0.992886 0.0163528
25.2 0.967492 0.992641 0.0193893
25.3 0.966849 0.994835 0.0184658
25.4 0.972157 0.998924 0.0176329
25.5 0.975586 1.00062 0.0129408
25.6 0.974583 0.9998 0.020837
25.7 0.978941 0.995853 0.0172
25.8 0.988007 1.00106 0.015448
25.9 0.988074 0.998367 0.0130582
26 0.984769 0.999178 0.0143774
26.1 0.983914 0.99984 0.00977645
26.2 0.98161 1.00012 0.00759195
26.3 0.979471 1.00228 0.0137559
26.4 0.97324 0.997733 0.0161762
26.5 0.974828 0.99008 0.0170795
26.6 0.973652 0.988782 0.0131898
26.7 0.978124 0.99499 0.0151155
26.8 0.981702 0.992419 0.0144652
26.9 0.982394 0.995572 0.0155379
27 0.981853 0.996431 0.00894762
27.1 0.98688 0.99379 0.00924168
27.2 0.983991 0.993792 0.00848451
27.3 0.991515 0.992146 0.0119371
27.4 0.990708 0.988039 0.0137777
27.5 0.991866 0.987172 0.0162038
27.6 0.993339 0.990253 0.0126373
27.7 0.992608 0.990357 0.00834097
27.8 0.993166 0.98593 0.00935552
27.9 0.994904 0.979056 0.00591978
28 0.990042 0.97541 0.0101021
28.1 0.992326 0.972298 0.0123382
28.2 0.98925 0.966645 0.0114972
28.3 0.984123 0.966238 0.0117151
28.4 0.976979 0.968822 0.00905782
28.5 0.974908 0.973377 0.00851061
28.6 0.975677 0.973475 0.00744799
28.7 0.981414 0.976846 0.00910686
28.8 0.978604 0.982978 0.00886058
28.9 0.981388 0.980146 0.0108014
29 0.982459 0.981869 0.00883853
29.1 0.983935 0.982483 0.00698031
29.2 0.992214 0.984856 0.0101736
29.3 0.986849 0.982113 0.0117842
29.4 0.983818 0.981799 0.0100044
29.5 0.991788 0.982525 0.0111996
29.6 0.991288 0.987117 0.00740606
29.7 0.995319 0.982359 -0.00191929
29.8 0.995156 0.975523 0.0038539
29.9 0.994921 0.971211 0.00337817
30 0.99334 0.969534 0.00481739
30.1 0.985412 0.966472 0.00184222
30.2 0.988683 0.964088 0.00404496
30.3 0.994439 0.968912 0.0015964
30.4 0.998174 0.967922 0.00242201
30.5 0.998364 0.973706 0.00320075
30.6 0.999953 0.974252 0.00707449
30.7 1.00479 0.970539 0.00814755
30.8 1.0072 0.970401 0.0094825
30.9 1.00878 0.974275 0.00739143
31 1.00405 0.968741 0.00759271
31.1 1.00416 0.972273 0.00873698
31.2 1.00758 0.973319 0.00600913
31.3 1.00798 0.966804 0.00373942
31.4 1.00858 0.971686 0.00591719
31.5 1.00467 0.967769 0.00797803
31.6 1.00784 0.96715 0.0112686
31.7 1.00774 0.96762 0.0157912
31.8 1.00765 0.973145 0.0216992
31.9 1.00529 0.977169 0.0229307
32 1.00547 0.978226 0.025688
32.1 0.99918 0.976078 0.0250698
32.2 1.00026 0.97191 0.0248471
32.3 0.996918 0.971632 0.0309802
32.4 0.996374 0.972601 0.0307621
32.5 0.994854 0.971293 0.0312709
32.6 0.993975 0.966598 0.0313832
32.7 0.996857 0.959854 0.0297275
32.8 0.99039 0.95768 0.0313001
32.9 0.99362 0.957267 0.0288797
33 1.0002 0.959806 0.0264978
33.1 1.00165 0.956949 0.0242846
33.2 1.00138 0.957817 0.0234234
33.3 1.00038 0.962925 0.0238608
33.4 1.00142 0.96791 0.0265815
33.5 1.00168 0.9656 0.0234718
33.6 1.00351 0.961456 0.0239314
33.7 0.996174 0.957385 0.027186
33.8 0.99858 0.957481 0.0274091
33.9 0.999764 0.957431 0.0332962
34 0.997853 0.958373 0.0377002
34.1 0.992599 0.957688 0.0385253
34.2 0.984304 0.959347 0.0411416
34.3 0.993192 0.955007 0.0400144
34.4 0.992594 0.956135 0.0449409
34.5 0.99237 0.955472 0.0463044
34.6 0.988972 0.949632 0.0477923
34.7 0.98931 0.957073 0.0443574
34.8 0.98803 0.96294 0.0452999
34.9 0.988498 0.963766 0.043722
35 0.984848 0.96241 0.043859
35.1 0.98543 0.958722 0.0414037
35.2 0.983722 0.955932 0.0419312
35.3 0.984513 0.95745 0.0435897
35.4 0.983785 0.953554 0.0434958
35.5 0.988569 0.958051 0.0438583
35.6 0.989791 0.956311 0.0446509
35.7 0.989067 0.961075 0.0426656
35.8 0.979711 0.963827 0.0410937
35.9 0.978118 0.964125 0.041155
36 0.976524 0.964397 0.0425703
36.1 0.973429 0.956507 0.0421244
36.2 0.978305 0.957674 0.0421146
36.3 0.973674 0.950838 0.0471086
36.4 0.974482 0.951372 0.0454329
36.5 0.969396 0.947875 0.0466943
36.6 0.965818 0.943193 0.045478
36.7 0.963394 0.945563 0.0446386
36.8 0.962852 0.945573 0.0428226
36.9 0.957337 0.946929 0.0431597
37 0.958413 0.944945 0.0426342
37.1 0.957957 0.943799 0.0440916
37.2 0.954273 0.942945 0.0451469
37.3 0.958043 0.941777 0.0449926
37.4 0.955505 0.948688 0.0427911
37.5 0.958391 0.949836 0.0400792
37.6 0.958046 0.953126 0.0401898
37.7 0.957563 0.954276 0.0384081
37.8 0.960649 0.955736 0.0398474
37.9 0.957787 0.948935 0.0382126
38 0.955971 0.952833 0.0351678
38.1 0.955614 0.951877 0.0356484
38.2 0.956554 0.952755 0.0335543
38.3 0.956331 0.958536 0.0322094
38.4 0.955518 0.954253 0.0321154
38.5 0.954393 0.953202 0.0353884
38.6 0.951295 0.949508 0.0325479
38.7 0.950635 0.942951 0.0330829
38.8 0.951217 0.943647 0.0316715
38.9 0.949879 0.942425 0.0304083
39 0.944291 0.935271 0.0312181
39.1 0.945496 0.933563 0.0314098
39.2 0.95445 0.935112 0.0305617
39.3 0.957152 0.931993 0.0326183
39.4 0.954217 0.930165 0.0310042
39.5 0.951992 0.932997 0.0293133
39.6 0.951164 0.935491 0.0285629
39.7 0.950353 0.937135 0.0282647
39.8 0.950738 0.93856 0.0247487
39.9 0.949701 0.940724 0.0240537
40 0.950721 0.938893 0.0231992
40.1 0.951132 0.938216 0.0209873
40.2 0.948141 0.940339 0.0251259
40.3 0.94814 0.938787 0.0246946
40.4 0.946257 0.944275 0.026185
40.5 0.950347 0.943348 0.0263352
40.6 0.956324 0.940628 0.0271629
40.7 0.95941 0.943109 0.0305597
40.8 0.958456 0.946736 0.0258242
40.9 0.960279 0.94841 0.0251728
41 0.958905 0.948103 0.0250989
41.1 0.958222 0.945117 0.024195
41.2 0.959009 0.947641 0.0243276
41.3 0.963289 0.95576 0.0217796
41.4 0.962083 0.950611 0.0174412
41.5 0.96159 0.946169 0.0176542
41.6 0.964466 0.945975 0.0188671
41.7 0.97061 0.944512 0.0197228
41.8 0.97203 0.942132 0.0215217
41.9 0.976497 0.938703 0.020834
42 0.975692 0.939873 0.0194435
42.1 0.974619 0.939661 0.0171564
42.2 0.976551 0.940382 0.0161074
42.3 0.983817 0.938048 0.014806
42.4 0.976784 0.940524 0.0132199
42.5 0.978639 0.937 0.015807
42.6 0.978622 0.933369 0.016399
42.7 0.973827 0.934299 0.0186053
42.8 0.975997 0.935903 0.0171731
42.9 0.977477 0.937339 0.0171869
43 0.97727 0.933315 0.0136532
43.1 0.974434 0.936753 0.0144745
43.2 0.975638 0.934067 0.0150846
43.3 0.974207 0.93632 0.015258
43.4 0.97565 0.939152 0.01627
43.5 0.976041 0.937733 0.0170768
43.6 0.981454 0.939437 0.016235
43.7 0.980375 0.936264 0.0124663
43.8 0.981182 0.939219 0.00900733
43.9 0.988249 0.941114 0.00727834
44 0.986039 0.93964 0.00580938
44.1 0.990034 0.939089 0.00155921
44.2 0.989899 0.940028 -0.000512047
44.3 0.993752 0.937977 -0.000151871
44.4 0.992358 0.937217 -0.00161158
44.5 0.992799 0.939462 -0.00104331
44.6 0.994067 0.941528 -0.00491562
44.7 0.996528 0.941589 -0.000665169
44.8 0.996794 0.939342 0.00133217
44.9 0.997054 0.93856 -0.00170996
45 0.994723 0.940538 -0.00177801
45.1 0.996961 0.939462 -0.00409914
45.2 0.991346 0.935248 -0.00555876
45.3 0.997668 0.9365 -0.00350914
45.4 0.996234 0.936426 -0.00411992
45.5 0.999495 0.934427 -0.00330809
45.6 1.0009 0.931478 -0.00443176
45.7 1.00152 0.929358 -0.00416016
45.8 1.00347 0.933115 -0.00491964
45.9 1.0021 0.933062 -0.00383721
46 0.998415 0.929758 -0.00323345
46.1 0.997158 0.931168 -0.0028524
46.2 0.989357 0.933176 0.000339229
46.3 0.989577 0.930833 0.00231805
46.4 0.995723 0.928546 -0.000135534
46.5 0.992279 0.926894 -0.00454948
46.6 0.991166 0.923341 -0.00348847
46.7 0.995341 0.925722 -0.00578054
46.8 0.99621 0.927198 -0.00229231
46.9 0.994953 0.927772 -0.00028937
47 0.99879 0.92647 -0.000265805
47.1 1.00273 0.924671 0.00275532
47.2 1.00218 0.924678 0.00262314
47.3 0.997652 0.925676 0.00375114
47.4 0.997184 0.927742 0.00352371
47.5 0.997434 0.931665 0.00456161
47.6 0.999342 0.927431 0.00299244
47.7 1.00524 0.924988 0.00186148
47.8 1.00268 0.92704 0.00386404
47.9 1.00231 0.924313 0.00419342
48 1.00098 0.925794 0.00519788
48.1 0.998997 0.926156 0.00420833
48.2 0.997884 0.926744 0.0046441
48.3 0.994748 0.92381 0.00325012
48.4 0.993442 0.922387 0.00299605
48.5 0.991264 0.91925 -0.000100657
48.6 0.990305 0.912717 -0.00166632
48.7 0.991678 0.913955 -0.00191407
48.8 0.99078 0.912499 0.00153541
48.9 0.989189 0.910149 0.000568118
49 0.989503 0.909399 -0.00290575
49.1 0.992706 0.908793 -0.00178683
49.2 0.993489 0.90909 -0.00240965
49.3 0.994285 0.912684 -0.00130718
49.4 0.991174 0.911007 0.000153396
49.5 0.993053 0.906085 0.00132614
49.6 0.991784 0.907543 -0.00178482
49.7 0.991039 0.909444 -0.000849123
49.8 0.988598 0.90776 0.00236108
49.9 0.991691 0.90261 1.82418e-06
50 0.99081 0.900375 0.000345002
50.1 0.986646 0.896767 -0.00118105
50.2 0.98774 0.893372 -0.00234216
50.3 0.989385 0.894983 -0.00395435
50.4 0.994011 0.899439 -0.00558768
50.5 0.992599 0.899789 -0.00612831
50.6 0.994521 0.899961 -0.00326771
50.7 0.998129 0.89696 -0.00572878
50.8 0.996374 0.896866 -0.00547772
50.9 0.995557 0.895722 -0.00469232
51 0.996255 0.892775 -0.00186971
51.1 0.994587 0.888777 -0.00163008
51.2 0.993799 0.890509 -0.00248392
51.3 0.992157 0.894046 -0.00407891
51.4 0.990891 0.894589 -0.00475517
51.5 0.986028 0.896312 -0.00378779
51.6 0.988742 0.896923 -0.00438913
51.7 0.987497 0.896636 -0.0057706
51.8 0.988707 0.904387 -0.00576739
51.9 0.985921 0.902623 -0.00572233
52 0.981609 0.903552 -0.00583246
52.1 0.984281 0.901938 -0.00632319
52.2 0.988781 0.901169 -0.0106664
52.3 0.988614 0.899583 -0.00817053
52.4 0.993308 0.898682 -0.0102107
52.5 0.989107 0.896233 -0.0105252
52.6 0.992089 0.896907 -0.00728018
52.7 0.99014 0.897187 -0.0101616
52.8 0.986026 0.896783 -0.0104282
52.9 0.985149 0.900639 -0.00536262
53 0.989389 0.898575 -0.0046518
53.1 0.98472 0.896385 -0.00414244
53.2 0.989462 0.895437 -0.00661478
53.3 0.992701 0.894394 -0.00654077
53.4 0.995243 0.888609 -0.00425153
53.5 0.998903 0.888339 -0.00375166
53.6 0.999548 0.890833 -0.00325366
53.7 0.998895 0.887499 -0.00166053
53.8 0.995093 0.887963 -0.00032768
53.9 1.00174 0.886059 -0.000122839
54 0.998397 0.8857 -0.00237054
54.1 0.999615 0.8894 -0.0037906
54.2 0.993298 0.886391 -0.00548896
54.3 0.991997 0.885457 -0.008364
54.4 0.99239 0.887443 -0.0102732
54.5 0.99294 0.894287 -0.00744007
54.6 0.990607 0.895524 -0.0058931
54.7 0.993069 0.899348 -0.00647555
54.8 0.992899 0.901031 -0.0048294
54.9 0.998029 0.900132 -0.00497539
55 0.995499 0.901512 -0.00529902
55.1 0.992772 0.901263 -0.00545827
55.2 0.995934 0.902823 -0.00482386
55.3 0.993249 0.903692 -0.00454862
55.4 0.992809 0.904946 -0.0031919
55.5 0.995327 0.902034 -0.00333168
55.6 0.996136 0.903394 -0.00438599
55.7 0.995266 0.909035 -0.00569359
55.8 0.998675 0.903524 -0.00534473
55.9 0.995768 0.90683 0.00020706
56 0.990806 0.913127 -0.000419729
56.1 0.986332 0.910787 -0.00576898
56.2 0.991994 0.908981 -0.00519959
56.3 0.996487 0.906364 -0.00263236
56.4 0.991926 0.908478 -0.00264232
56.5 0.990246 0.906992 -0.00370745
56.6 0.991489 0.908469 -0.00551285
56.7 0.988057 0.902051 -0.00765304
56.8 0.984239 0.898845 -0.00815518
56.9 0.982582 0.901684 -0.00873853
57 0.981336 0.897262 -0.00874817
57.1 0.980624 0.898099 -0.0105165
57.2 0.984843 0.901342 -0.00964011
57.3 0.988265 0.899116 -0.00764864
57.4 0.981969 0.894528 -0.00977405
57.5 0.984644 0.890675 -0.0131064
57.6 0.985248 0.894609 -0.014255
57.7 0.980543 0.895031 -0.0164632
57.8 0.981878 0.895877 -0.0183186
57.9 0.983172 0.893398 -0.017144
58 0.985981 0.890716 -0.0166813
58.1 0.981553 0.889696 -0.0219649
58.2 0.978231 0.890731 -0.0216071
58.3 0.975731 0.891541 -0.0213345
58.4 0.974448 0.892426 -0.0202804
58.5 0.971745 0.892289 -0.0201987
58.6 0.973521 0.892785 -0.0194836
58.7 0.977383 0.895626 -0.021127
58.8 0.975372 0.902865 -0.0227643
58.9 0.973068 0.904346 -0.0219225
59 0.976224 0.908571 -0.0210873
59.1 0.976935 0.909857 -0.0197641
59.2 0.978603 0.912291 -0.0185975
59.3 0.982345 0.914239 -0.0186298
59.4 0.982843 0.913949 -0.0216402
59.5 0.980036 0.915297 -0.0194452
59.6 0.978296 0.919623 -0.0199976
59.7 0.975394 0.922519 -0.0213303
59.8 0.979411 0.920307 -0.0252174
59.9 0.979838 0.923169 -0.0257447
60 0.980232 0.920279 -0.0283895
60.1 0.983181 0.919455 -0.0317592
60.2 0.984915 0.91866 -0.0315201
60.3 0.986406 0.921464 -0.0317974
60.4 0.984389 0.917602 -0.0300053
60.5 0.984674 0.921132 -0.0301381
60.6 0.983064 0.9231 -0.0316031
60.7 0.984082 0.921983 -0.0333728
60.8 0.983547 0.92185 -0.0375153
60.9 0.986709 0.925137 -0.0368096
61 0.982934 0.9269 -0.0368071
61.1 0.987755 0.930355 -0.0338408
61.2 0.990994 0.931929 -0.0333163
61.3 0.993097 0.937059 -0.0311241
61.4 0.991826 0.939037 -0.0343378
61.5 0.992259 0.938826 -0.0327161
61.6 0.987768 0.937862 -0.0353556
61.7 0.985955 0.93512 -0.0383821
61.8 0.983093 0.936571 -0.0411621
61.9 0.980776 0.937046 -0.0430878
62 0.97633 0.938565 -0.041682
62.1 0.975511 0.935205 -0.0419244
62.2 0.970896 0.934859 -0.0452502
62.3 0.972616 0.932789 -0.0447747
62.4 0.975039 0.928486 -0.0423232
62.5 0.977492 0.92791 -0.0414468
62.6 0.979798 0.924128 -0.0393067
62.7 0.982754 0.922305 -0.0373865
62.8 0.981307 0.927256 -0.0356691
62.9 0.98115 0.92583 -0.0377441
63 0.982178 0.921784 -0.0394637
63.1 0.979697 0.924856 -0.0374991
63.2 0.978496 0.926199 -0.0372169
63.3 0.980516 0.92575 -0.0378371
63.4 0.976687 0.92511 -0.0376151
63.5 0.974629 0.92399 -0.0362569
63.6 0.97428 0.924813 -0.0360303
63.7 0.974105 0.923672 -0.0341323
63.8 0.975306 0.927981 -0.0367668
63.9 0.974742 0.931208 -0.040674
64 0.978716 0.93031 -0.0408047
64.1 0.98164 0.928031 -0.0419421
64.2 0.979606 0.928989 -0.0415266
64.3 0.975173 0.929915 -0.0420286
64.4 0.97408 0.929403 -0.0434131
64.5 0.969764 0.928288 -0.0427121
64.6 0.972491 0.928618 -0.0430132
64.7 0.9731 0.930256 -0.0447786
64.8 0.975309 0.932133 -0.0439843
64.9 0.977031 0.933122 -0.0449342
65 0.975177 0.935407 -0.043007
65.1 0.975124 0.936672 -0.0434076
65.2 0.967899 0.934171 -0.0427667
65.3 0.968169 0.936428 -0.0434856
65.4 0.968284 0.93942 -0.0452444
65.5 0.971288 0.943107 -0.0445838
65.6 0.970207 0.942802 -0.0425185
65.7 0.970367 0.942012 -0.0460096
65.8 0.971135 0.943853 -0.0464813
65.9 0.969203 0.94614 -0.0442574
66 0.965035 0.948802 -0.0427692
66.1 0.964248 0.946893 -0.0430176
66.2 0.962898 0.949741 -0.0419926
66.3 0.958766 0.948377 -0.0418854
66.4 0.960942 0.949415 -0.0417653
66.5 0.96204 0.948524 -0.0407632
66.6 0.960391 0.94992 -0.0399935
66.7 0.963302 0.948013 -0.042086
66.8 0.968169 0.948009 -0.0424408
66.9 0.966061 0.950352 -0.0392982
67 0.96654 0.951995 -0.040992
67.1 0.966995 0.947992 -0.0439567
67.2 0.964735 0.955113 -0.0470768
67.3 0.961831 0.955383 -0.0494614
67.4 0.960057 0.960196 -0.0518687
67.5 0.965133 0.960104 -0.0514183
67.6 0.965324 0.957564 -0.0510627
67.7 0.959309 0.954521 -0.0526124
67.8 0.961343 0.956907 -0.0517057
67.9 0.961558 0.95685 -0.0504146
68 0.959471 0.961704 -0.0502658
68.1 0.961526 0.962324 -0.0484941
68.2 0.960174 0.959578 -0.0495546
68.3 0.959886 0.961359 -0.0488998
68.4 0.961332 0.963329 -0.0485351
68.5 0.959615 0.96516 -0.051387
68.6 0.958514 0.960558 -0.0510025
68.7 0.956749 0.961926 -0.051251
68.8 0.957893 0.958501 -0.0516683
68.9 0.96019 0.953722 -0.0508414
69 0.958752 0.950188 -0.0517589
69.1 0.958229 0.949783 -0.051956
69.2 0.959306 0.950295 -0.0523094
69.3 0.957477 0.949474 -0.0545857
69.4 0.960816 0.949755 -0.054939
69.5 0.964681 0.945667 -0.053467
69.6 0.966804 0.945135 -0.0515879
69.7 0.970835 0.945258 -0.0508994
69.8 0.971094 0.944872 -0.0522471
69.9 0.972446 0.945783 -0.0494816
70 0.975792 0.948051 -0.0498601
70.1 0.978302 0.944399 -0.0490883
70.2 0.979727 0.940228 -0.0496731
70.3 0.976661 0.939364 -0.0516336
70.4 0.974713 0.942749 -0.0536594
70.5 0.971602 0.942125 -0.0545609
70.6 0.975798 0.944268 -0.0549763
70.7 0.975566 0.942718 -0.0561664
70.8 0.977184 0.943844 -0.0557837
70.9 0.97323 0.940394 -0.0580994
71 0.971324 0.944049 -0.0573122
71.1 0.971772 0.941727 -0.0594495
71.2 0.971231 0.943143 -0.0599834
71.3 0.974915 0.940708 -0.0615207
71.4 0.977957 0.934971 -0.063334
71.5 0.980175 0.936331 -0.0637191
71.6 0.98104 0.940198 -0.0637734
71.7 0.98227 0.943982 -0.0634645
71.8 0.980534 0.940881 -0.0637082
71.9 0.982811 0.944525 -0.0653302
72 0.98011 0.942179 -0.0688529
72.1 0.979733 0.942353 -0.0694531
72.2 0.980758 0.940623 -0.0699695
72.3 0.976946 0.943008 -0.067923
72.4 0.980569 0.94225 -0.0662189
72.5 0.977435 0.941201 -0.0666562
72.6 0.975795 0.940738 -0.0672098
72.7 0.975608 0.938283 -0.0680033
72.8 0.977322 0.937245 -0.0684445
72.9 0.975562 0.941295 -0.0677272
73 0.97927 0.940433 -0.0673795
73.1 0.98432 0.939881 -0.0663282
73.2 0.987019 0.940494 -0.0657096
73.3 0.985942 0.942815 -0.0682213
73.4 0.985177 0.944257 -0.0673626
73.5 0.983051 0.945543 -0.0668524
73.6 0.982918 0.94452 -0.0681567
73.7 0.983547 0.943478 -0.0670323
73.8 0.9861 0.943052 -0.0677254
73.9 0.98394 0.946018 -0.0695916
74 0.983369 0.942565 -0.0665666
74.1 0.98451 0.939746 -0.0678535
74.2 0.989207 0.941401 -0.0666828
74.3 0.990139 0.94032 -0.0659675
74.4 0.987823 0.937907 -0.0649445
74.5 0.983741 0.934914 -0.0652095
74.6 0.983347 0.932374 -0.0660748
74.7 0.984112 0.933064 -0.0625221
74.8 0.985051 0.931957 -0.0629877
74.9 0.984561 0.931118 -0.0625136
75 0.987422 0.925032 -0.0643794
75.1 0.986558 0.924956 -0.0633344
75.2 0.987101 0.926584 -0.0604717
75.3 0.984448 0.9253 -0.0600384
75.4 0.985213 0.920354 -0.0598189
75.5 0.981855 0.920706 -0.0587765
75.6 0.982028 0.918487 -0.0580531
75.7 0.979911 0.914289 -0.0575079
75.8 0.98001 0.914266 -0.0589767
75.9 0.981453 0.917904 -0.0606449
76 0.976889 0.917896 -0.0597519
76.1 0.974717 0.91583 -0.0598219
76.2 0.973362 0.916509 -0.0608132
76.3 0.970819 0.923438 -0.0592128
76.4 0.967563 0.922168 -0.0581895
76.5 0.965322 0.921082 -0.0579797
76.6 0.969665 0.916468 -0.0607726
76.7 0.970481 0.917444 -0.0608583
76.8 0.970913 0.914516 -0.0592701
76.9 0.968145 0.915125 -0.0572042
77 0.968465 0.917838 -0.0542496
77.1 0.968123 0.916573 -0.0528845
77.2 0.965334 0.916108 -0.0525408
77.3 0.963677 0.916759 -0.0526383
77.4 0.962862 0.914636 -0.0555606
77.5 0.964181 0.914096 -0.0547823
77.6 0.967533 0.917231 -0.0561688
77.7 0.967065 0.91197 -0.0538363
77.8 0.967677 0.910959 -0.053692
77.9 0.969306 0.912069 -0.0546942
78 0.969114 0.910672 -0.0518585
78.1 0.966604 0.91248 -0.0504368
78.2 0.967197 0.916508 -0.0510942
78.3 0.966289 0.917777 -0.0497315
78.4 0.966166 0.917328 -0.0496265
78.5 0.965505 0.922143 -0.0505733
78.6 0.967548 0.924035 -0.0507739
78.7 0.970626 0.927295 -0.0525101
78.8 0.97176 0.930968 -0.0498988
78.9 0.974969 0.931732 -0.0497845
79 0.976313 0.930332 -0.0512917
79.1 0.978889 0.92967 -0.0504625
79.2 0.978993 0.928913 -0.052154
79.3 0.976746 0.925471 -0.0480496
79.4 0.972301 0.924314 -0.0473178
79.5 0.973554 0.92251 -0.0480452
79.6 0.972947 0.921781 -0.0500997
79.7 0.969478 0.920019 -0.0498561
79.8 0.966155 0.917807 -0.049562
79.9 0.964763 0.919147 -0.048351
80 0.966436 0.919847 -0.0460025
80.1 0.966509 0.92046 -0.0462423
80.2 0.965624 0.922575 -0.0460602
80.3 0.96403 0.924164 -0.0465238
80.4 0.964043 0.923853 -0.0486856
80.5 0.96255 0.922375 -0.0499322
80.6 0.961247 0.920802 -0.0489965
80.7 0.963159 0.921731 -0.0476832
80.8 0.962385 0.920434 -0.0462128
80.9 0.967285 0.92341 -0.0445108
81 0.966547 0.923907 -0.0460098
81.1 0.968758 0.92228 -0.0446382
81.2 0.972472 0.922784 -0.046128
81.3 0.970371 0.919868 -0.0464796
81.4 0.969425 0.920082 -0.046769
81.5 0.97174 0.920589 -0.0457482
81.6 0.974493 0.915577 -0.0478389
81.7 0.972257 0.909696 -0.047002
81.8 0.974713 0.913965 -0.0453235
81.9 0.977126 0.915743 -0.0426942
82 0.97764 0.915863 -0.0440731
82.1 0.978888 0.917058 -0.0447271
82.2 0.980972 0.918279 -0.0457527
82.3 0.986167 0.917097 -0.0458394
82.4 0.986651 0.915155 -0.0441851
82.5 0.986359 0.917767 -0.0419739
82.6 0.989918 0.918951 -0.039966
82.7 0.991193 0.919545 -0.0407604
82.8 0.99131 0.919845 -0.0389414
82.9 0.993274 0.919507 -0.0399533
83 0.99521 0.919912 -0.0422726
83.1 0.993996 0.921393 -0.0419066
83.2 0.996935 0.917855 -0.0414954
83.3 0.99586 0.918092 -0.0397705
83.4 0.997366 0.919934 -0.0394519
83.5 0.994668 0.921298 -0.0394243
83.6 0.994002 0.92329 -0.0379165
83.7 0.992637 0.926262 -0.0384292
83.8 0.997153 0.926108 -0.0388491
83.9 0.995212 0.926813 -0.0382105
84 0.992356 0.924794 -0.0389572
84.1 0.991608 0.923401 -0.042154
84.2 0.990106 0.928489 -0.042745
84.3 0.987888 0.927105 -0.0433773
84.4 0.987092 0.928846 -0.0432103
84.5 0.987724 0.930778 -0.0443054
84.6 0.984047 0.927979 -0.0444703
84.7 0.984758 0.926668 -0.0451898
84.8 0.980004 0.924421 -0.0424548
84.9 0.983457 0.924547 -0.0411589
85 0.982956 0.926717 -0.0406941
85.1 0.982828 0.929021 -0.0403007
85.2 0.98312 0.932493 -0.0402887
85.3 0.979364 0.935494 -0.0389492
85.4 0.97915 0.935177 -0.0392037
85.5 0.98447 0.934143 -0.039096
85.6 0.984602 0.932386 -0.0362095
85.7 0.982974 0.934385 -0.0354529
85.8 0.981488 0.934609 -0.0356098
85.9 0.981269 0.931236 -0.035676
86 0.981864 0.929633 -0.0345914
86.1 0.985465 0.928768 -0.0344817
86.2 0.989182 0.929341 -0.0362676
86.3 0.991141 0.928775 -0.0343177
86.4 0.990468 0.928801 -0.0342955
86.5 0.98777 0.932358 -0.0342794
86.6 0.986914 0.931924 -0.0319392
86.7 0.988482 0.930934 -0.0341888
86.8 0.98641 0.932336 -0.0337326
86.9 0.987416 0.933919 -0.0342051
87 0.988272 0.934639 -0.0320286
87.1 0.985124 0.936079 -0.0361242
87.2 0.984909 0.934952 -0.0371977
87.3 0.984877 0.940473 -0.0381347
87.4 0.987224 0.93947 -0.0379147
87.5 0.98334 0.940029 -0.0366144
87.6 0.979624 0.937334 -0.0372903
87.7 0.977696 0.938967 -0.0363892
87.8 0.977621 0.93781 -0.0360795
87.9 0.980233 0.941045 -0.0340564
88 0.981926 0.943999 -0.0340623
88.1 0.978507 0.946987 -0.0367798
88.2 0.981302 0.945747 -0.0373752
88.3 0.978717 0.949159 -0.0381439
88.4 0.982518 0.952455 -0.0355607
88.5 0.987097 0.952215 -0.0342043
88.6 0.989057 0.95371 -0.0349906
88.7 0.988842 0.954761 -0.0390154
88.8 0.991041 0.954043 -0.042954
88.9 0.994906 0.951855 -0.0447649
89 0.995967 0.952446 -0.044433
89.1 0.996687 0.951805 -0.0448762
89.2 0.993759 0.95334 -0.0457104
89.3 0.996076 0.95281 -0.0477125
89.4 0.992295 0.955634 -0.0481746
89.5 0.989835 0.956868 -0.0463946
89.6 0.98955 0.958007 -0.0447741
89.7 0.985891 0.957015 -0.0456551
89.8 0.985514 0.954215 -0.0465335
89.9 0.984911 0.951264 -0.0468484
90 0.989978 0.949973 -0.0484594
90.1 0.992065 0.949813 -0.0483599
90.2 0.992432 0.953117 -0.0495318
90.3 0.992016 0.951958 -0.0492859
90.4 0.992355 0.952013 -0.0495444
90.5 0.99289 0.950619 -0.0479584
90.6 0.993219 0.95158 -0.0469141
90.7 0.993753 0.953664 -0.0462657
90.8 0.995336 0.955884 -0.0445954
90.9 0.996175 0.956796 -0.0451675
91 0.997695 0.957107 -0.0439768
91.1 0.999492 0.955989 -0.0463986
91.2 1.00017 0.956681 -0.0484407
91.3 1.00211 0.954746 -0.0481276
91.4 1.00244 0.955996 -0.0464989
91.5 1.00075 0.954797 -0.045221
91.6 1.00081 0.957169 -0.0450959
91.7 1.00158 0.95689 -0.0448753
91.8 1.00082 0.961353 -0.0459666
91.9 0.99567 0.962568 -0.0465129
92 0.995785 0.962287 -0.0473685
92.1 0.994263 0.964397 -0.0458845
92.2 0.999102 0.964467 -0.0455536
92.3 1.0015 0.961875 -0.0489163
92.4 1.00197 0.960458 -0.0475482
92.5 1.00412 0.957863 -0.0468295
92.6 1.00485 0.959243 -0.0468935
92.7 1.00436 0.95964 -0.0455804
92.8 1.00429 0.960704 -0.0446711
92.9 1.0076 0.957748 -0.045374
93 1.0072 0.961795 -0.0433332
93.1 1.00782 0.961476 -0.0410506
93.2 1.00272 0.962182 -0.0396028
93.3 1.00466 0.961206 -0.040782
93.4 1.0059 0.958449 -0.0417713
93.5 1.00585 0.958155 -0.0403897
93.6 1.00705 0.956126 -0.0395231
93.7 1.01279 0.95595 -0.0406891
93.8 1.01566 0.958376 -0.0386615
93.9 1.01582 0.957295 -0.0353659
94 1.01628 0.956198 -0.0370921
94.1 1.01287 0.955733 -0.0350856
94.2 1.00985 0.955782 -0.0335263
94.3 1.00841 0.953632 -0.0330252
94.4 1.00921 0.952192 -0.0353698
94.5 1.01022 0.955572 -0.0346537
94.6 1.01096 0.95648 -0.03248
94.7 1.0088 0.956341 -0.0324262
94.8 1.00675 0.958374 -0.0315223
94.9 1.00622 0.95429 -0.0312102
95 1.00469 0.952918 -0.0281895
95.1 1.00687 0.953609 -0.0282726
95.2 1.00483 0.957024 -0.0272339
95.3 1.00573 0.955115 -0.0277133
95.4 1.01103 0.952425 -0.0282018
95.5 1.00976 0.950478 -0.0286857
95.6 1.00838 0.949566 -0.0284348
95.7 1.0049 0.947842 -0.0291419
95.8 1.00594 0.946595 -0.028174
95.9 1.00708 0.943944 -0.0269948
96 1.00977 0.946549 -0.0277761
96.1 1.01183 0.94449 -0.0294928
96.2 1.01075 0.942807 -0.0298202
96.3 1.01619 0.942028 -0.0309849
96.4 1.01468 0.94434 -0.0318707
96.5 1.01169 0.947867 -0.0325417
96.6 1.01611 0.950362 -0.0330254
96.7 1.01588 0.947817 -0.0322563
96.8 1.01674 0.946337 -0.030033
96.9 1.01282 0.949844 -0.0279988
97 1.01221 0.950398 -0.0298048
97.1 1.01262 0.95491 -0.030403
97.2 1.01006 0.95285 -0.0315623
97.3 1.00989 0.951925 -0.0300108
97.4 1.01238 0.952861 -0.0307137
97.5 1.01226 0.951749 -0.0299819
97.6 1.01141 0.951997 -0.0295989
97.7 1.01198 0.948231 -0.0267552
97.8 1.01274 0.949565 -0.0271442
97.9 1.01384 0.949554 -0.0293681
98 1.01502 0.951785 -0.0298832
98.1 1.01651 0.954207 -0.0297165
98.2 1.01688 0.94991 -0.0294264
98.3 1.01165 0.951983 -0.0302144
98.4 1.0125 0.953042 -0.0295876
98.5 1.01028 0.953791 -0.0296874
98.6 1.00875 0.952825 -0.0308078
98.7 1.00843 0.951504 -0.0304273
98.8 1.00735 0.949801 -0.0312995
98.9 1.00851 0.950924 -0.0335046
99 1.00876 0.948712 -0.0320637
99.1 1.00883 0.949323 -0.0330038
99.2 1.00698 0.952721 -0.0334181
99.3 1.00788 0.952468 -0.0317888
99.4 1.00556 0.953764 -0.0325732
99.5 1.00681 0.954391 -0.0302832
99.6 1.00789 0.952347 -0.0303827
99.7 1.01072 0.952744 -0.0284462
99.8 1.00918 0.949491 -0.0278259
99.9 1.0077 0.950884 -0.0267676
