0 5
1 10
2 15
3 20
4 25
5 30
6 35
7 40
8 45
9 50
10 55
11 60
12 65
13 70
14 75
15 80
16 85
17 90
18 95
19 100
20 105
21 110
22 115
23 120
24 125
25 130
26 135
27 140
28 145
29 150
30 155
31 160
32 165
33 170
34 175
35 180
36 185
37 190
38 195
39 200
40 205
41 210
42 215
43 220
44 225
45 230
46 235
47 240
48 245
49 250
50 255
51 260
52 265
53 270
54 275
55 280
56 285
57 290
58 295
59 300
60 305
61 310
62 315
63 320
64 325
65 330
66 334
67 339
68 342
69 346
70 351
71 356
72 361
73 366
74 371
75 376
76 381
77 385
78 390
79 395
80 400
81 405
82 409
83 414
84 419
85 424
86 429
87 434
88 439
89 443
90 448
91 453
92 457
93 461
94 466
95 471
96 476
97 479
98 483
99 488
100 493
101 498
102 503
103 507
104 510
105 514
106 519
107 524
108 529
109 534
110 539
111 544
112 549
113 554
114 559
115 563
116 568
117 573
118 578
119 582
120 587
121 591
122 595
123 599
124 603
125 608
126 612
127 614
128 619
129 622
130 627
131 632
132 636
133 640
134 644
135 649
136 652
137 657
138 662
139 666
140 669
141 673
142 675
143 679
144 684
145 689
146 693
147 697
148 702
149 707
150 711
151 716
152 721
153 724
154 728
155 731
156 736
157 741
158 746
159 749
160 753
161 757
162 762
163 766
164 771
165 776
166 780
167 785
168 790
169 795
170 799
171 801
172 806
173 810
174 813
175 816
176 819
177 823
178 827
179 832
180 835
181 837
182 837
183 842
184 846
185 848
186 852
187 857
188 861
189 866
190 870
191 873
192 877
193 881
194 885
195 888
196 891
197 895
198 900
199 903
200 908
201 912
202 915
203 918
204 923
205 928
206 933
207 937
208 940
209 944
210 949
211 950
212 953
213 954
214 959
215 962
216 966
217 971
218 975
219 978
220 982
221 985
222 988
223 992
224 997
225 1002
226 1006
227 1010
228 1014
229 1019
230 1024
231 1029
232 1032
233 1030
234 1033
235 1037
236 1041
237 1044
238 1049
239 1053
240 1056
241 1059
242 1062
243 1066
244 1071
245 1075
246 1079
247 1083
248 1087
249 1092
250 1096
251 1101
252 1105
253 1108
254 1113
255 1117
256 1118
257 1119
258 1119
259 1121
260 1124
261 1127
262 1131
263 1134
264 1136
265 1140
266 1144
267 1148
268 1150
269 1154
270 1157
271 1161
272 1163
273 1166
274 1168
275 1172
276 1175
277 1178
278 1182
279 1186
280 1189
281 1192
282 1195
283 1197
284 1199
285 1201
286 1205
287 1210
288 1212
289 1215
290 1219
291 1222
292 1226
293 1230
294 1234
295 1237
296 1239
297 1239
298 1241
299 1244
300 1247
301 1250
302 1252
303 1256
304 1260
305 1265
306 1268
307 1270
308 1274
309 1277
310 1282
311 1283
312 1286
313 1289
314 1291
315 1296
316 1300
317 1303
318 1307
319 1310
320 1314
321 1316
322 1319
323 1322
324 1327
325 1325
326 1328
327 1332
328 1336
329 1338
330 1341
331 1344
332 1348
333 1352
334 1356
335 1358
336 1359
337 1363
338 1367
339 1371
340 1373
341 1376
342 1376
343 1379
344 1381
345 1385
346 1390
347 1393
348 1396
349 1399
350 1401
351 1403
352 1405
353 1407
354 1409
355 1413
356 1413
357 1415
358 1416
359 1417
360 1419
361 1422
362 1422
363 1423
364 1425
365 1424
366 1427
367 1431
368 1432
369 1435
370 1437
371 1438
372 1442
373 1447
374 1452
375 1455
376 1458
377 1460
378 1464
379 1468
380 1470
381 1474
382 1477
383 1478
384 1480
385 1481
386 1485
387 1485
388 1489
389 1489
390 1494
391 1495
392 1500
393 1503
394 1506
395 1508
396 1510
397 1511
398 1514
399 1515
400 1520
401 1521
402 1525
403 1528
404 1531
405 1533
406 1538
407 1543
408 1544
409 1547
410 1548
411 1551
412 1548
413 1553
414 1556
415 1560
416 1563
417 1564
418 1567
419 1571
420 1572
421 1573
422 1576
423 1579
424 1582
425 1583
426 1584
427 1587
428 1589
429 1593
430 1597
431 1599
432 1603
433 1606
434 1608
435 1612
436 1617
437 1615
438 1616
439 1617
440 1619
441 1620
442 1623
443 1623
444 1623
445 1625
446 1630
447 1631
448 1636
449 1636
450 1640
451 1642
452 1645
453 1647
454 1648
455 1652
456 1654
457 1653
458 1658
459 1662
460 1666
461 1666
462 1669
463 1672
464 1675
465 1676
466 1676
467 1676
468 1678
469 1678
470 1681
471 1678
472 1681
473 1680
474 1683
475 1682
476 1684
477 1688
478 1688
479 1690
480 1694
481 1697
482 1700
483 1702
484 1705
485 1710
486 1712
487 1713
488 1713
489 1716
490 1717
491 1719
492 1723
493 1726
494 1728
495 1733
496 1735
497 1737
498 1739
499 1743
500 1742
501 1744
502 1746
503 1747
504 1750
505 1750
506 1753
507 1758
508 1762
509 1761
510 1759
511 1760
512 1762
513 1762
514 1765
515 1768
516 1769
517 1770
518 1774
519 1776
520 1778
521 1780
522 1783
523 1788
524 1790
525 1792
526 1796
527 1795
528 1799
529 1800
530 1803
531 1804
532 1806
533 1808
534 1812
535 1815
536 1816
537 1818
538 1818
539 1819
540 1821
541 1823
542 1819
543 1820
544 1817
545 1821
546 1825
547 1828
548 1827
549 1829
550 1827
551 1829
552 1828
553 1830
554 1829
555 1830
556 1833
557 1834
558 1834
559 1831
560 1829
561 1831
562 1831
563 1832
564 1832
565 1836
566 1838
567 1841
568 1845
569 1848
570 1848
571 1852
572 1853
573 1853
574 1857
575 1862
576 1863
577 1866
578 1865
579 1864
580 1868
581 1868
582 1871
583 1873
584 1872
585 1874
586 1875
587 1879
588 1881
589 1882
590 1883
591 1884
592 1888
593 1887
594 1888
595 1889
596 1891
597 1894
598 1895
599 1898
600 1903
601 1903
602 1905
603 1906
604 1908
605 1912
606 1913
607 1913
608 1914
609 1913
610 1912
611 1914
612 1914
613 1911
614 1913
615 1911
616 1914
617 1917
618 1917
619 1921
620 1924
621 1929
622 1931
623 1932
624 1933
625 1938
626 1940
627 1942
628 1944
629 1944
630 1946
631 1946
632 1946
633 1946
634 1947
635 1947
636 1947
637 1945
638 1945
639 1942
640 1944
641 1944
642 1946
643 1949
644 1951
645 1950
646 1954
647 1955
648 1958
649 1958
650 1958
651 1961
652 1963
653 1967
654 1969
655 1970
656 1970
657 1972
658 1974
659 1978
660 1976
661 1972
662 1973
663 1974
664 1974
665 1976
666 1978
667 1980
668 1983
669 1985
670 1989
671 1989
672 1993
673 1993
674 1993
675 1997
676 2000
677 2002
678 2001
679 2003
680 2008
681 2008
682 2009
683 2009
684 2009
685 2012
686 2009
687 2008
688 2011
689 2012
690 2010
691 2010
692 2010
693 2014
694 2018
695 2020
696 2018
697 2020
698 2022
699 2023
700 2025
701 2027
702 2029
703 2033
704 2034
705 2034
706 2034
707 2036
708 2034
709 2035
710 2036
711 2038
712 2039
713 2038
714 2039
715 2036
716 2037
717 2038
718 2041
719 2043
720 2043
721 2046
722 2049
723 2050
724 2052
725 2053
726 2053
727 2053
728 2057
729 2057
730 2062
731 2065
732 2064
733 2065
734 2064
735 2066
736 2064
737 2067
738 2064
739 2064
740 2063
741 2065
742 2067
743 2068
744 2070
745 2071
746 2070
747 2071
748 2069
749 2069
750 2070
751 2069
752 2069
753 2072
754 2069
755 2072
756 2070
757 2071
758 2071
759 2074
760 2073
761 2076
762 2079
763 2082
764 2077
765 2079
766 2080
767 2077
768 2078
769 2079
770 2078
771 2080
772 2080
773 2081
774 2080
775 2083
776 2086
777 2089
778 2090
779 2090
780 2087
781 2091
782 2093
783 2091
784 2092
785 2094
786 2093
787 2095
788 2098
789 2097
790 2101
791 2101
792 2104
793 2103
794 2103
795 2107
796 2110
797 2110
798 2112
799 2114
800 2115
801 2115
802 2119
803 2118
804 2119
805 2120
806 2121
807 2121
808 2124
809 2124
810 2126
811 2128
812 2129
813 2127
814 2128
815 2132
816 2130
817 2130
818 2132
819 2132
820 2132
821 2134
822 2134
823 2139
824 2144
825 2142
826 2142
827 2143
828 2142
829 2144
830 2143
831 2145
832 2147
833 2144
834 2147
835 2145
836 2144
837 2146
838 2143
839 2143
840 2144
841 2145
842 2148
843 2152
844 2152
845 2150
846 2153
847 2150
848 2153
849 2151
850 2149
851 2151
852 2152
853 2154
854 2153
855 2154
856 2155
857 2157
858 2157
859 2160
860 2163
861 2165
862 2165
863 2162
864 2166
865 2168
866 2172
867 2173
868 2175
869 2174
870 2171
871 2176
872 2176
873 2174
874 2175
875 2173
876 2177
877 2182
878 2183
879 2182
880 2186
881 2188
882 2189
883 2192
884 2197
885 2201
886 2204
887 2203
888 2202
889 2201
890 2201
891 2199
892 2197
893 2196
894 2195
895 2197
896 2197
897 2197
898 2198
899 2201
900 2200
901 2201
902 2202
903 2204
904 2208
905 2212
906 2213
907 2212
908 2213
909 2210
910 2214
911 2217
912 2218
913 2216
914 2217
915 2221
916 2220
917 2220
918 2223
919 2227
920 2229
921 2231
922 2228
923 2226
924 2227
925 2228
926 2229
927 2230
928 2228
929 2225
930 2227
931 2230
932 2230
933 2233
934 2235
935 2239
936 2241
937 2237
938 2239
939 2240
940 2241
941 2243
942 2243
943 2243
944 2245
945 2247
946 2251
947 2253
948 2254
949 2257
950 2259
951 2260
952 2261
953 2259
954 2258
955 2258
956 2260
957 2262
958 2266
959 2268
960 2270
961 2270
962 2272
963 2272
964 2274
965 2274
966 2277
967 2276
968 2275
969 2272
970 2275
971 2273
972 2276
973 2275
974 2274
975 2276
976 2274
977 2274
978 2274
979 2276
980 2279
981 2282
982 2277
983 2276
984 2276
985 2273
986 2277
987 2280
988 2282
989 2280
990 2278
991 2283
992 2286
993 2282
994 2284
995 2287
996 2284
997 2284
998 2287
999 2287
1000 2288
1001 2284
1002 2281
1003 2283
1004 2285
1005 2284
1006 2281
1007 2280
1008 2285
1009 2286
1010 2289
1011 2290
1012 2290
1013 2294
1014 2295
1015 2297
1016 2295
1017 2293
1018 2292
1019 2293
1020 2294
1021 2291
1022 2291
1023 2290
1024 2290
1025 2292
1026 2292
1027 2291
1028 2288
1029 2289
1030 2290
1031 2291
1032 2292
1033 2289
1034 2285
1035 2285
1036 2288
1037 2290
1038 2291
1039 2291
1040 2292
1041 2292
1042 2296
1043 2297
1044 2297
1045 2298
1046 2298
1047 2298
1048 2298
1049 2298
1050 2300
1051 2303
1052 2301
1053 2300
1054 2303
1055 2306
1056 2309
1057 2314
1058 2313
1059 2314
1060 2318
1061 2319
1062 2320
1063 2321
1064 2322
1065 2319
1066 2320
1067 2322
1068 2321
1069 2323
1070 2319
1071 2317
1072 2313
1073 2315
1074 2318
1075 2322
1076 2321
1077 2318
1078 2317
1079 2319
1080 2315
1081 2316
1082 2318
1083 2314
1084 2313
1085 2312
1086 2315
1087 2315
1088 2316
1089 2319
1090 2315
1091 2315
1092 2312
1093 2310
1094 2310
1095 2311
1096 2314
1097 2313
1098 2312
1099 2311
1100 2315
1101 2317
1102 2319
1103 2321
1104 2324
1105 2327
1106 2326
1107 2326
1108 2322
1109 2324
1110 2324
1111 2326
1112 2325
1113 2326
1114 2323
1115 2323
1116 2325
1117 2327
1118 2327
1119 2330
1120 2332
1121 2332
1122 2331
1123 2326
1124 2327
1125 2328
1126 2328
1127 2330
1128 2330
1129 2328
1130 2325
1131 2326
1132 2324
1133 2323
1134 2320
1135 2324
1136 2328
1137 2329
1138 2329
1139 2327
1140 2330
1141 2328
1142 2331
1143 2329
1144 2328
1145 2333
1146 2335
1147 2335
1148 2332
1149 2334
1150 2336
1151 2337
1152 2339
1153 2343
1154 2341
1155 2342
1156 2342
1157 2343
1158 2342
1159 2346
1160 2348
1161 2347
1162 2350
1163 2353
1164 2350
1165 2354
1166 2352
1167 2354
1168 2352
1169 2354
1170 2353
1171 2354
1172 2357
1173 2359
1174 2360
1175 2363
1176 2364
1177 2360
1178 2354
1179 2355
1180 2356
1181 2355
1182 2357
1183 2359
1184 2363
1185 2366
1186 2367
1187 2364
1188 2368
1189 2369
1190 2368
1191 2368
1192 2363
1193 2362
1194 2362
1195 2360
1196 2361
1197 2360
1198 2356
1199 2358
1200 2363
1201 2362
1202 2362
1203 2357
1204 2359
1205 2359
1206 2356
1207 2359
1208 2359
1209 2360
1210 2360
1211 2363
1212 2360
1213 2364
1214 2364
1215 2364
1216 2366
1217 2368
1218 2371
1219 2369
1220 2370
1221 2372
1222 2376
1223 2377
1224 2375
1225 2375
1226 2374
1227 2372
1228 2375
1229 2374
1230 2376
1231 2374
1232 2378
1233 2377
1234 2375
1235 2371
1236 2371
1237 2372
1238 2374
1239 2373
1240 2369
1241 2367
1242 2371
1243 2371
1244 2370
1245 2370
1246 2368
1247 2369
1248 2366
1249 2368
1250 2367
1251 2370
1252 2370
1253 2371
1254 2372
1255 2369
1256 2373
1257 2376
1258 2379
1259 2379
1260 2380
1261 2379
1262 2379
1263 2378
1264 2376
1265 2381
1266 2380
1267 2378
1268 2377
1269 2377
1270 2372
1271 2371
1272 2370
1273 2373
1274 2373
1275 2370
1276 2372
1277 2372
1278 2375
1279 2377
1280 2378
1281 2376
1282 2376
1283 2380
1284 2383
1285 2385
1286 2379
1287 2383
1288 2381
1289 2381
1290 2380
1291 2380
1292 2375
1293 2378
1294 2379
1295 2380
1296 2381
1297 2381
1298 2380
1299 2380
1300 2378
1301 2378
1302 2383
1303 2385
1304 2385
1305 2383
1306 2383
1307 2380
1308 2384
1309 2385
1310 2383
1311 2385
1312 2387
1313 2388
1314 2391
1315 2388
1316 2390
1317 2391
1318 2393
1319 2396
1320 2394
1321 2394
1322 2391
1323 2389
1324 2390
1325 2390
1326 2394
1327 2396
1328 2397
1329 2401
1330 2404
1331 2404
1332 2402
1333 2405
1334 2404
1335 2403
1336 2400
1337 2402
1338 2401
1339 2402
1340 2398
1341 2398
1342 2397
1343 2397
1344 2398
1345 2398
1346 2401
1347 2403
1348 2401
1349 2401
1350 2397
1351 2397
1352 2396
1353 2398
1354 2400
1355 2399
1356 2399
1357 2401
1358 2400
1359 2403
1360 2402
1361 2401
1362 2402
1363 2404
1364 2400
1365 2402
1366 2402
1367 2403
1368 2406
1369 2407
1370 2402
1371 2402
1372 2404
1373 2404
1374 2405
1375 2404
1376 2404
1377 2402
1378 2405
1379 2404
1380 2404
1381 2401
1382 2404
1383 2399
1384 2398
1385 2399
1386 2399
1387 2402
1388 2405
1389 2407
1390 2409
1391 2410
1392 2412
1393 2411
1394 2408
1395 2411
1396 2413
1397 2414
1398 2418
1399 2418
1400 2416
1401 2416
1402 2419
1403 2418
1404 2418
1405 2420
1406 2420
1407 2416
1408 2418
1409 2415
1410 2416
1411 2417
1412 2418
1413 2415
1414 2416
1415 2418
1416 2417
1417 2420
1418 2421
1419 2423
1420 2423
1421 2422
1422 2425
1423 2425
1424 2427
1425 2429
1426 2429
1427 2429
1428 2428
1429 2428
1430 2429
1431 2431
1432 2433
1433 2438
1434 2434
1435 2430
1436 2432
1437 2430
1438 2432
1439 2427
1440 2428
1441 2428
1442 2426
1443 2424
1444 2420
1445 2420
1446 2420
1447 2419
1448 2419
1449 2419
1450 2421
1451 2422
1452 2422
1453 2421
1454 2417
1455 2421
1456 2424
1457 2425
1458 2421
1459 2418
1460 2420
1461 2421
1462 2416
1463 2417
1464 2412
1465 2415
1466 2411
1467 2412
1468 2412
1469 2408
1470 2409
1471 2404
1472 2403
1473 2400
1474 2402
1475 2404
1476 2395
1477 2395
1478 2392
1479 2389
1480 2391
1481 2390
1482 2390
1483 2391
1484 2389
1485 2390
1486 2385
1487 2385
1488 2384
1489 2388
1490 2390
1491 2393
1492 2396
1493 2395
1494 2398
1495 2400
1496 2401
1497 2400
1498 2403
1499 2400
1500 2404
1501 2405
1502 2405
1503 2405
1504 2405
1505 2408
1506 2407
1507 2407
1508 2407
1509 2405
1510 2404
1511 2408
1512 2408
1513 2404
1514 2405
1515 2407
1516 2408
1517 2406
1518 2401
1519 2400
1520 2400
1521 2401
1522 2405
1523 2407
1524 2409
1525 2411
1526 2414
1527 2412
1528 2413
1529 2414
1530 2413
1531 2412
1532 2415
1533 2415
1534 2414
1535 2415
1536 2413
1537 2414
1538 2412
1539 2410
1540 2410
1541 2410
1542 2410
1543 2409
1544 2408
1545 2407
1546 2408
1547 2409
1548 2407
1549 2411
1550 2407
1551 2406
1552 2407
1553 2408
1554 2407
1555 2411
1556 2412
1557 2413
1558 2415
1559 2415
1560 2416
1561 2418
1562 2419
1563 2418
1564 2418
1565 2416
1566 2412
1567 2413
1568 2413
1569 2413
1570 2415
1571 2412
1572 2413
1573 2414
1574 2419
1575 2420
1576 2419
1577 2421
1578 2418
1579 2417
1580 2420
1581 2420
1582 2420
1583 2419
1584 2418
1585 2415
1586 2415
1587 2410
1588 2407
1589 2409
1590 2411
1591 2413
1592 2414
1593 2418
1594 2417
1595 2418
1596 2422
1597 2417
1598 2419
1599 2421
1600 2424
1601 2426
1602 2427
1603 2427
1604 2430
1605 2431
1606 2430
1607 2430
1608 2428
1609 2428
1610 2428
1611 2429
1612 2430
1613 2432
1614 2430
1615 2429
1616 2424
1617 2424
1618 2422
1619 2423
1620 2422
1621 2419
1622 2416
1623 2417
1624 2416
1625 2418
1626 2419
1627 2417
1628 2417
1629 2415
1630 2417
1631 2418
1632 2419
1633 2418
1634 2416
1635 2416
1636 2416
1637 2415
1638 2413
1639 2416
1640 2418
1641 2420
1642 2421
1643 2424
1644 2421
1645 2421
1646 2420
1647 2423
1648 2421
1649 2424
1650 2424
1651 2423
1652 2425
1653 2426
1654 2426
1655 2427
1656 2429
1657 2428
1658 2431
1659 2433
1660 2432
1661 2433
1662 2434
1663 2432
1664 2435
1665 2436
1666 2433
1667 2433
1668 2434
1669 2434
1670 2434
1671 2436
1672 2435
1673 2437
1674 2439
1675 2437
1676 2440
1677 2439
1678 2437
1679 2438
1680 2439
1681 2441
1682 2440
1683 2441
1684 2446
1685 2449
1686 2449
1687 2448
1688 2444
1689 2446
1690 2446
1691 2444
1692 2445
1693 2446
1694 2444
1695 2446
1696 2446
1697 2445
1698 2446
1699 2446
1700 2448
1701 2448
1702 2450
1703 2449
1704 2446
1705 2445
1706 2450
1707 2453
1708 2451
1709 2453
1710 2455
1711 2453
1712 2455
1713 2450
1714 2449
1715 2449
1716 2448
1717 2444
1718 2446
1719 2449
1720 2451
1721 2453
1722 2453
1723 2452
1724 2450
1725 2449
1726 2443
1727 2442
1728 2445
1729 2446
1730 2443
1731 2443
1732 2443
1733 2444
1734 2445
1735 2443
1736 2442
1737 2442
1738 2444
1739 2444
1740 2445
1741 2445
1742 2447
1743 2444
1744 2445
1745 2445
1746 2446
1747 2444
1748 2442
1749 2441
1750 2443
1751 2443
1752 2441
1753 2441
1754 2443
1755 2443
1756 2443
1757 2441
1758 2442
1759 2442
1760 2441
1761 2441
1762 2443
1763 2445
1764 2445
1765 2445
1766 2446
1767 2448
1768 2446
1769 2449
1770 2450
1771 2453
1772 2451
1773 2449
1774 2446
1775 2446
1776 2445
1777 2445
1778 2445
1779 2440
1780 2439
1781 2435
1782 2435
1783 2438
1784 2440
1785 2441
1786 2443
1787 2442
1788 2443
1789 2447
1790 2447
1791 2447
1792 2445
1793 2445
1794 2442
1795 2437
1796 2439
1797 2440
1798 2440
1799 2440
1800 2438
1801 2434
1802 2433
1803 2431
1804 2431
1805 2429
1806 2429
1807 2425
1808 2429
1809 2432
1810 2434
1811 2434
1812 2437
1813 2431
1814 2432
1815 2431
1816 2431
1817 2432
1818 2430
1819 2430
1820 2431
1821 2432
1822 2431
1823 2432
1824 2434
1825 2438
1826 2439
1827 2439
1828 2442
1829 2442
1830 2443
1831 2441
1832 2441
1833 2441
1834 2440
1835 2440
1836 2441
1837 2440
1838 2438
1839 2440
1840 2440
1841 2440
1842 2442
1843 2444
1844 2443
1845 2444
1846 2446
1847 2446
1848 2447
1849 2448
1850 2449
1851 2446
1852 2448
1853 2449
1854 2450
1855 2450
1856 2454
1857 2452
1858 2454
1859 2455
1860 2457
1861 2452
1862 2450
1863 2453
1864 2456
1865 2459
1866 2458
1867 2460
1868 2461
1869 2463
1870 2464
1871 2466
1872 2466
1873 2467
1874 2467
1875 2467
1876 2467
1877 2463
1878 2462
1879 2463
1880 2463
1881 2465
1882 2468
1883 2472
1884 2474
1885 2471
1886 2473
1887 2469
1888 2470
1889 2473
1890 2472
1891 2473
1892 2473
1893 2472
1894 2471
1895 2471
1896 2467
1897 2470
1898 2469
1899 2470
1900 2470
1901 2471
1902 2472
1903 2475
1904 2479
1905 2477
1906 2480
1907 2478
1908 2475
1909 2473
1910 2474
1911 2477
1912 2478
1913 2477
1914 2476
1915 2478
1916 2481
1917 2482
1918 2482
1919 2481
1920 2478
1921 2478
1922 2477
1923 2478
1924 2477
1925 2474
1926 2474
1927 2473
1928 2473
1929 2473
1930 2474
1931 2474
1932 2474
1933 2475
1934 2475
1935 2475
1936 2475
1937 2474
1938 2475
1939 2476
1940 2476
1941 2475
1942 2475
1943 2475
1944 2478
1945 2480
1946 2483
1947 2482
1948 2482
1949 2482
1950 2481
1951 2477
1952 2475
1953 2477
1954 2476
1955 2476
1956 2475
1957 2477
1958 2481
1959 2483
1960 2483
1961 2483
1962 2480
1963 2480
1964 2478
1965 2478
1966 2478
1967 2478
1968 2477
1969 2478
1970 2475
1971 2475
1972 2476
1973 2474
1974 2476
1975 2477
1976 2478
1977 2480
1978 2481
1979 2480
1980 2479
1981 2475
1982 2473
1983 2477
1984 2474
1985 2475
1986 2479
1987 2476
1988 2476
1989 2476
1990 2474
1991 2476
1992 2476
1993 2473
1994 2471
1995 2468
1996 2464
1997 2467
1998 2470
1999 2470
2000 2473
2001 2472
2002 2473
2003 2470
2004 2470
2005 2472
2006 2470
2007 2469
2008 2468
2009 2469
2010 2468
2011 2461
2012 2463
2013 2465
2014 2465
2015 2467
2016 2467
2017 2469
2018 2470
2019 2474
2020 2475
2021 2476
2022 2473
2023 2476
2024 2478
2025 2479
2026 2480
2027 2482
2028 2483
2029 2488
2030 2485
2031 2485
2032 2488
2033 2488
2034 2490
2035 2490
2036 2491
2037 2493
2038 2493
2039 2495
2040 2497
2041 2498
2042 2499
2043 2497
2044 2492
2045 2491
2046 2492
2047 2491
2048 2491
2049 2494
2050 2493
2051 2493
2052 2493
2053 2494
2054 2495
2055 2489
2056 2490
2057 2493
2058 2494
2059 2497
2060 2493
2061 2493
2062 2493
2063 2492
2064 2491
2065 2493
2066 2496
2067 2498
2068 2498
2069 2500
2070 2499
2071 2502
2072 2501
2073 2503
2074 2504
2075 2503
2076 2506
2077 2506
2078 2506
2079 2506
2080 2504
2081 2504
2082 2503
2083 2506
2084 2506
2085 2503
2086 2503
2087 2505
2088 2505
2089 2500
2090 2504
2091 2507
2092 2504
2093 2502
2094 2501
2095 2504
2096 2499
2097 2499
2098 2499
2099 2497
2100 2496
2101 2497
2102 2493
2103 2496
2104 2497
2105 2497
2106 2496
2107 2497
2108 2500
2109 2500
2110 2500
2111 2502
2112 2501
2113 2502
2114 2500
2115 2502
2116 2497
2117 2500
2118 2497
2119 2495
2120 2495
2121 2494
2122 2497
2123 2497
2124 2499
2125 2501
2126 2503
2127 2507
2128 2507
2129 2508
2130 2510
2131 2512
2132 2512
2133 2512
2134 2515
2135 2511
2136 2509
2137 2506
2138 2503
2139 2502
2140 2503
2141 2503
2142 2498
2143 2499
2144 2499
2145 2500
2146 2500
2147 2497
2148 2498
2149 2501
2150 2497
2151 2498
2152 2496
2153 2500
2154 2500
2155 2501
2156 2498
2157 2498
2158 2500
2159 2500
2160 2501
2161 2503
2162 2503
2163 2502
2164 2505
2165 2507
2166 2510
2167 2512
2168 2511
2169 2507
2170 2507
2171 2505
2172 2504
2173 2506
2174 2507
2175 2508
2176 2509
2177 2510
2178 2509
2179 2513
2180 2514
2181 2512
2182 2514
2183 2513
2184 2512
2185 2513
2186 2511
2187 2513
2188 2516
2189 2515
2190 2512
2191 2507
2192 2502
2193 2504
2194 2501
2195 2502
2196 2503
2197 2505
2198 2505
2199 2506
2200 2504
2201 2506
2202 2506
2203 2507
2204 2502
2205 2503
2206 2505
2207 2509
2208 2511
2209 2508
2210 2508
2211 2510
2212 2512
2213 2512
2214 2515
2215 2510
2216 2510
2217 2511
2218 2509
2219 2507
2220 2501
2221 2501
2222 2501
2223 2501
2224 2498
2225 2498
2226 2494
2227 2493
2228 2494
2229 2489
2230 2489
2231 2488
2232 2486
2233 2487
2234 2490
2235 2490
2236 2490
2237 2487
2238 2484
2239 2484
2240 2488
2241 2488
2242 2492
2243 2493
2244 2492
2245 2493
2246 2496
2247 2492
2248 2492
2249 2493
2250 2495
2251 2498
2252 2497
2253 2499
2254 2500
2255 2503
2256 2501
2257 2504
2258 2504
2259 2504
2260 2501
2261 2498
2262 2496
2263 2494
2264 2492
2265 2487
2266 2484
2267 2486
2268 2484
2269 2482
2270 2482
2271 2481
2272 2483
2273 2483
2274 2480
2275 2480
2276 2476
2277 2473
2278 2476
2279 2476
2280 2476
2281 2478
2282 2480
2283 2482
2284 2484
2285 2486
2286 2489
2287 2493
2288 2489
2289 2486
2290 2485
2291 2486
2292 2489
2293 2493
2294 2487
2295 2484
2296 2484
2297 2484
2298 2485
2299 2482
2300 2486
2301 2486
2302 2487
2303 2485
2304 2488
2305 2490
2306 2491
2307 2493
2308 2488
2309 2486
2310 2487
2311 2487
2312 2487
2313 2485
2314 2484
2315 2483
2316 2488
2317 2488
2318 2490
2319 2492
2320 2495
2321 2498
2322 2496
2323 2495
2324 2497
2325 2499
2326 2502
2327 2502
2328 2501
2329 2501
2330 2498
2331 2500
2332 2501
2333 2502
2334 2503
2335 2505
2336 2506
2337 2507
2338 2506
2339 2502
2340 2504
2341 2507
2342 2506
2343 2505
2344 2503
2345 2503
2346 2503
2347 2502
2348 2502
2349 2505
2350 2505
2351 2506
2352 2507
2353 2505
2354 2499
2355 2499
2356 2500
2357 2498
2358 2498
2359 2498
2360 2502
2361 2501
2362 2498
2363 2500
2364 2498
2365 2501
2366 2501
2367 2500
2368 2499
2369 2499
2370 2496
2371 2496
2372 2495
2373 2496
2374 2497
2375 2500
2376 2500
2377 2500
2378 2500
2379 2498
2380 2495
2381 2493
2382 2495
2383 2493
2384 2492
2385 2489
2386 2487
2387 2488
2388 2487
2389 2486
2390 2485
2391 2488
2392 2490
2393 2481
2394 2479
2395 2479
2396 2477
2397 2474
2398 2471
2399 2467
2400 2469
2401 2469
2402 2471
2403 2472
2404 2469
2405 2472
2406 2469
2407 2469
2408 2467
2409 2469
2410 2472
2411 2471
2412 2472
2413 2476
2414 2481
2415 2483
2416 2481
2417 2480
2418 2481
2419 2481
2420 2479
2421 2482
2422 2484
2423 2483
2424 2481
2425 2477
2426 2475
2427 2479
2428 2482
2429 2487
2430 2486
2431 2487
2432 2487
2433 2483
2434 2485
2435 2487
2436 2487
2437 2485
2438 2488
2439 2486
2440 2487
2441 2485
2442 2486
2443 2480
2444 2478
2445 2478
2446 2480
2447 2482
2448 2480
2449 2479
2450 2481
2451 2483
2452 2483
2453 2482
2454 2480
2455 2475
2456 2474
2457 2477
2458 2478
2459 2479
2460 2479
2461 2476
2462 2474
2463 2474
2464 2472
2465 2472
2466 2474
2467 2474
2468 2478
2469 2475
2470 2476
2471 2474
2472 2472
2473 2473
2474 2475
2475 2478
2476 2481
2477 2481
2478 2479
2479 2479
2480 2479
2481 2480
2482 2484
2483 2483
2484 2485
2485 2485
2486 2487
2487 2484
2488 2484
2489 2487
2490 2487
2491 2488
2492 2490
2493 2491
2494 2492
2495 2495
2496 2495
2497 2497
2498 2496
2499 2500
2500 2501
2501 2498
2502 2499
2503 2501
2504 2504
2505 2506
2506 2508
2507 2508
2508 2510
2509 2505
2510 2505
2511 2505
2512 2509
2513 2506
2514 2504
2515 2502
2516 2506
2517 2505
2518 2504
2519 2505
2520 2503
2521 2506
2522 2505
2523 2500
2524 2503
2525 2506
2526 2505
2527 2501
2528 2506
2529 2505
2530 2504
2531 2506
2532 2507
2533 2507
2534 2507
2535 2507
2536 2509
2537 2511
2538 2510
2539 2514
2540 2517
2541 2518
2542 2518
2543 2517
2544 2516
2545 2517
2546 2516
2547 2516
2548 2510
2549 2510
2550 2508
2551 2508
2552 2511
2553 2513
2554 2512
2555 2513
2556 2513
2557 2514
2558 2513
2559 2510
2560 2509
2561 2507
2562 2509
2563 2512
2564 2509
2565 2508
2566 2507
2567 2508
2568 2507
2569 2510
2570 2509
2571 2511
2572 2516
2573 2517
2574 2518
2575 2519
2576 2518
2577 2515
2578 2518
2579 2519
2580 2519
2581 2518
2582 2518
2583 2518
2584 2517
2585 2515
2586 2513
2587 2514
2588 2515
2589 2515
2590 2516
2591 2516
2592 2519
2593 2520
2594 2520
2595 2516
2596 2516
2597 2516
2598 2516
2599 2517
2600 2515
2601 2510
2602 2509
2603 2509
2604 2512
2605 2509
2606 2510
2607 2513
2608 2514
2609 2517
2610 2517
2611 2515
2612 2517
2613 2516
2614 2520
2615 2518
2616 2518
2617 2517
2618 2519
2619 2519
2620 2521
2621 2518
2622 2519
2623 2521
2624 2522
2625 2521
2626 2521
2627 2523
2628 2522
2629 2522
2630 2519
2631 2521
2632 2525
2633 2524
2634 2525
2635 2525
2636 2528
2637 2529
2638 2526
2639 2526
2640 2523
2641 2518
2642 2520
2643 2520
2644 2520
2645 2516
2646 2515
2647 2514
2648 2516
2649 2516
2650 2514
2651 2514
2652 2514
2653 2513
2654 2511
2655 2512
2656 2511
2657 2511
2658 2512
2659 2510
2660 2509
2661 2511
2662 2510
2663 2507
2664 2507
2665 2508
2666 2508
2667 2511
2668 2509
2669 2510
2670 2511
2671 2513
2672 2515
2673 2511
2674 2514
2675 2513
2676 2514
2677 2514
2678 2514
2679 2512
2680 2509
2681 2508
2682 2507
2683 2512
2684 2512
2685 2510
2686 2510
2687 2510
2688 2513
2689 2517
2690 2518
2691 2521
2692 2520
2693 2522
2694 2522
2695 2520
2696 2521
2697 2520
2698 2523
2699 2525
2700 2525
2701 2524
2702 2524
2703 2527
2704 2524
2705 2523
2706 2524
2707 2525
2708 2521
2709 2522
2710 2521
2711 2519
2712 2514
2713 2517
2714 2516
2715 2521
2716 2520
2717 2518
2718 2520
2719 2522
2720 2524
2721 2525
2722 2529
2723 2530
2724 2534
2725 2532
2726 2531
2727 2528
2728 2528
2729 2528
2730 2528
2731 2526
2732 2526
2733 2524
2734 2524
2735 2527
2736 2527
2737 2524
2738 2525
2739 2521
2740 2518
2741 2515
2742 2515
2743 2517
2744 2516
2745 2517
2746 2516
2747 2516
2748 2515
2749 2518
2750 2515
2751 2511
2752 2510
2753 2510
2754 2507
2755 2509
2756 2509
2757 2505
2758 2507
2759 2506
2760 2509
2761 2510
2762 2513
2763 2516
2764 2517
2765 2519
2766 2521
2767 2523
2768 2523
2769 2522
2770 2519
2771 2517
2772 2516
2773 2519
2774 2522
2775 2525
2776 2528
2777 2530
2778 2532
2779 2533
2780 2534
2781 2531
2782 2531
2783 2532
2784 2533
2785 2533
2786 2529
2787 2531
2788 2530
2789 2530
2790 2529
2791 2526
2792 2527
2793 2528
2794 2527
2795 2530
2796 2532
2797 2533
2798 2534
2799 2531
2800 2532
2801 2533
2802 2529
2803 2529
2804 2532
2805 2535
2806 2534
2807 2536
2808 2539
2809 2540
2810 2542
2811 2545
2812 2543
2813 2542
2814 2542
2815 2545
2816 2546
2817 2545
2818 2543
2819 2545
2820 2544
2821 2543
2822 2542
2823 2544
2824 2548
2825 2548
2826 2547
2827 2549
2828 2548
2829 2549
2830 2551
2831 2552
2832 2550
2833 2550
2834 2552
2835 2550
2836 2552
2837 2552
2838 2555
2839 2557
2840 2557
2841 2557
2842 2561
2843 2560
2844 2559
2845 2562
2846 2558
2847 2560
2848 2562
2849 2562
2850 2563
2851 2564
2852 2565
2853 2568
2854 2567
2855 2567
2856 2560
2857 2558
2858 2558
2859 2555
2860 2555
2861 2553
2862 2555
2863 2556
2864 2553
2865 2552
2866 2552
2867 2554
2868 2554
2869 2553
2870 2552
2871 2549
2872 2546
2873 2543
2874 2542
2875 2543
2876 2543
2877 2545
2878 2547
2879 2548
2880 2550
2881 2552
2882 2552
2883 2550
2884 2550
2885 2549
2886 2548
2887 2547
2888 2550
2889 2553
2890 2554
2891 2552
2892 2547
2893 2549
2894 2547
2895 2548
2896 2547
2897 2550
2898 2548
2899 2548
2900 2550
2901 2546
2902 2545
2903 2544
2904 2545
2905 2541
2906 2540
2907 2538
2908 2540
2909 2540
2910 2541
2911 2541
2912 2542
2913 2546
2914 2544
2915 2547
2916 2548
2917 2548
2918 2547
2919 2548
2920 2546
2921 2546
2922 2545
2923 2545
2924 2545
2925 2547
2926 2545
2927 2543
2928 2544
2929 2545
2930 2547
2931 2546
2932 2543
2933 2541
2934 2542
2935 2541
2936 2542
2937 2544
2938 2547
2939 2547
2940 2549
2941 2546
2942 2547
2943 2546
2944 2548
2945 2547
2946 2547
2947 2544
2948 2541
2949 2544
2950 2544
2951 2542
2952 2541
2953 2538
2954 2542
2955 2542
2956 2542
2957 2542
2958 2543
2959 2543
2960 2538
2961 2540
2962 2541
2963 2542
2964 2543
2965 2539
2966 2538
2967 2537
2968 2533
2969 2531
2970 2532
2971 2533
2972 2528
2973 2528
2974 2528
2975 2526
2976 2524
2977 2522
2978 2522
2979 2524
2980 2527
2981 2528
2982 2523
2983 2522
2984 2523
2985 2522
2986 2519
2987 2518
2988 2513
2989 2513
2990 2512
2991 2512
2992 2514
2993 2514
2994 2517
2995 2517
2996 2517
2997 2514
2998 2516
2999 2518
3000 2522
3001 2524
3002 2526
3003 2528
3004 2528
3005 2527
3006 2526
3007 2525
3008 2522
3009 2520
3010 2514
3011 2517
3012 2517
3013 2517
3014 2520
3015 2521
3016 2524
3017 2525
3018 2525
3019 2526
3020 2526
3021 2528
3022 2526
3023 2526
3024 2528
3025 2528
3026 2527
3027 2523
3028 2522
3029 2517
3030 2517
3031 2520
3032 2515
3033 2515
3034 2517
3035 2517
3036 2516
3037 2514
3038 2513
3039 2511
3040 2512
3041 2513
3042 2516
3043 2518
3044 2515
3045 2514
3046 2519
3047 2519
3048 2520
3049 2521
3050 2522
3051 2521
3052 2520
3053 2524
3054 2522
3055 2521
3056 2521
3057 2524
3058 2520
3059 2518
3060 2516
3061 2517
3062 2517
3063 2517
3064 2518
3065 2521
3066 2521
3067 2526
3068 2525
3069 2525
3070 2528
3071 2529
3072 2530
3073 2528
3074 2529
3075 2523
3076 2524
3077 2524
3078 2521
3079 2521
3080 2521
3081 2524
3082 2524
3083 2521
3084 2522
3085 2523
3086 2521
3087 2518
3088 2517
3089 2521
3090 2522
3091 2519
3092 2520
3093 2521
3094 2519
3095 2521
3096 2523
3097 2525
3098 2525
3099 2523
3100 2522
3101 2521
3102 2519
3103 2520
3104 2521
3105 2521
3106 2516
3107 2518
3108 2521
3109 2523
3110 2522
3111 2518
3112 2520
3113 2522
3114 2518
3115 2519
3116 2519
3117 2521
3118 2518
3119 2517
3120 2517
3121 2515
3122 2518
3123 2519
3124 2521
3125 2519
3126 2519
3127 2522
3128 2526
3129 2519
3130 2522
3131 2518
3132 2519
3133 2519
3134 2521
3135 2524
3136 2525
3137 2526
3138 2527
3139 2529
3140 2531
3141 2533
3142 2531
3143 2530
3144 2529
3145 2529
3146 2528
3147 2527
3148 2526
3149 2527
3150 2525
3151 2526
3152 2525
3153 2526
3154 2524
3155 2528
3156 2527
3157 2528
3158 2532
3159 2533
3160 2531
3161 2532
3162 2531
3163 2533
3164 2533
3165 2534
3166 2532
3167 2531
3168 2524
3169 2525
3170 2526
3171 2526
3172 2523
3173 2521
3174 2520
3175 2516
3176 2517
3177 2518
3178 2521
3179 2515
3180 2517
3181 2516
3182 2516
3183 2516
3184 2513
3185 2511
3186 2511
3187 2511
3188 2512
3189 2509
3190 2509
3191 2506
3192 2506
3193 2500
3194 2497
3195 2494
3196 2493
3197 2491
3198 2492
3199 2495
3200 2494
3201 2491
3202 2490
3203 2491
3204 2489
3205 2489
3206 2492
3207 2490
3208 2487
3209 2485
3210 2483
3211 2480
3212 2481
3213 2482
3214 2484
3215 2478
3216 2474
3217 2477
3218 2479
3219 2482
3220 2479
3221 2481
3222 2483
3223 2483
3224 2485
3225 2485
3226 2486
3227 2486
3228 2488
3229 2483
3230 2483
3231 2480
3232 2482
3233 2477
3234 2479
3235 2482
3236 2482
3237 2485
3238 2483
3239 2479
3240 2474
3241 2475
3242 2477
3243 2480
3244 2479
3245 2480
3246 2482
3247 2484
3248 2483
3249 2486
3250 2487
3251 2490
3252 2493
3253 2491
3254 2489
3255 2488
3256 2490
3257 2492
3258 2494
3259 2495
3260 2491
3261 2489
3262 2486
3263 2486
3264 2489
3265 2489
3266 2491
3267 2489
3268 2488
3269 2485
3270 2485
3271 2485
3272 2480
3273 2483
3274 2479
3275 2475
3276 2476
3277 2476
3278 2473
3279 2476
3280 2475
3281 2475
3282 2477
3283 2477
3284 2476
3285 2473
3286 2473
3287 2475
3288 2474
3289 2475
3290 2474
3291 2473
3292 2474
3293 2471
3294 2470
3295 2473
3296 2473
3297 2471
3298 2470
3299 2468
3300 2472
3301 2472
3302 2472
3303 2474
3304 2476
3305 2477
3306 2476
3307 2478
3308 2476
3309 2477
3310 2475
3311 2474
3312 2477
3313 2475
3314 2475
3315 2471
3316 2468
3317 2469
3318 2471
3319 2470
3320 2471
3321 2473
3322 2478
3323 2478
3324 2480
3325 2477
3326 2478
3327 2476
3328 2478
3329 2481
3330 2484
3331 2484
3332 2486
3333 2488
3334 2492
3335 2492
3336 2491
3337 2489
3338 2489
3339 2489
3340 2491
3341 2493
3342 2488
3343 2486
3344 2487
3345 2488
3346 2488
3347 2490
3348 2492
3349 2490
3350 2486
3351 2487
3352 2483
3353 2482
3354 2482
3355 2484
3356 2481
3357 2482
3358 2483
3359 2486
3360 2485
3361 2482
3362 2482
3363 2477
3364 2476
3365 2477
3366 2481
3367 2480
3368 2482
3369 2483
3370 2482
3371 2483
3372 2483
3373 2484
3374 2485
3375 2483
3376 2483
3377 2479
3378 2480
3379 2482
3380 2482
3381 2480
3382 2481
3383 2483
3384 2484
3385 2489
3386 2489
3387 2485
3388 2481
3389 2483
3390 2483
3391 2482
3392 2478
3393 2482
3394 2481
3395 2483
3396 2483
3397 2485
3398 2483
3399 2483
3400 2484
3401 2486
3402 2489
3403 2489
3404 2483
3405 2486
3406 2487
3407 2487
3408 2487
3409 2489
3410 2491
3411 2494
3412 2498
3413 2497
3414 2497
3415 2497
3416 2499
3417 2500
3418 2500
3419 2500
3420 2501
3421 2500
3422 2499
3423 2502
3424 2505
3425 2507
3426 2508
3427 2509
3428 2507
3429 2510
3430 2512
3431 2512
3432 2512
3433 2511
3434 2509
3435 2506
3436 2506
3437 2505
3438 2508
3439 2509
3440 2509
3441 2507
3442 2504
3443 2496
3444 2495
3445 2496
3446 2497
3447 2499
3448 2497
3449 2498
3450 2499
3451 2500
3452 2500
3453 2498
3454 2501
3455 2503
3456 2505
3457 2506
3458 2507
3459 2507
3460 2508
3461 2509
3462 2511
3463 2513
3464 2512
3465 2511
3466 2515
3467 2517
3468 2521
3469 2520
3470 2520
3471 2517
3472 2519
3473 2518
3474 2518
3475 2516
3476 2513
3477 2515
3478 2516
3479 2516
3480 2513
3481 2516
3482 2514
3483 2516
3484 2514
3485 2507
3486 2509
3487 2504
3488 2506
3489 2505
3490 2507
3491 2508
3492 2510
3493 2511
3494 2512
3495 2510
3496 2510
3497 2513
3498 2508
3499 2508
3500 2505
3501 2503
3502 2503
3503 2502
3504 2501
3505 2499
3506 2498
3507 2500
3508 2500
3509 2501
3510 2503
3511 2502
3512 2500
3513 2497
3514 2495
3515 2493
3516 2492
3517 2492
3518 2495
3519 2491
3520 2490
3521 2494
3522 2496
3523 2493
3524 2490
3525 2488
3526 2489
3527 2490
3528 2491
3529 2490
3530 2487
3531 2487
3532 2489
3533 2488
3534 2489
3535 2486
3536 2483
3537 2484
3538 2485
3539 2482
3540 2481
3541 2483
3542 2483
3543 2479
3544 2481
3545 2480
3546 2477
3547 2479
3548 2480
3549 2482
3550 2484
3551 2488
3552 2487
3553 2487
3554 2489
3555 2486
3556 2487
3557 2487
3558 2487
3559 2489
3560 2492
3561 2496
3562 2494
3563 2491
3564 2494
3565 2494
3566 2495
3567 2497
3568 2497
3569 2496
3570 2496
3571 2496
3572 2495
3573 2495
3574 2493
3575 2494
3576 2489
3577 2486
3578 2486
3579 2486
3580 2482
3581 2482
3582 2484
3583 2480
3584 2481
3585 2482
3586 2483
3587 2481
3588 2482
3589 2483
3590 2485
3591 2488
3592 2483
3593 2483
3594 2486
3595 2489
3596 2490
3597 2493
3598 2491
3599 2494
3600 2495
3601 2498
3602 2498
3603 2498
3604 2493
3605 2493
3606 2495
3607 2494
3608 2493
3609 2490
3610 2490
3611 2491
3612 2490
3613 2491
3614 2493
3615 2490
3616 2493
3617 2495
3618 2496
3619 2494
3620 2494
3621 2497
3622 2499
3623 2502
3624 2496
3625 2492
3626 2490
3627 2491
3628 2492
3629 2490
3630 2491
3631 2492
3632 2491
3633 2493
3634 2491
3635 2492
3636 2492
3637 2492
3638 2492
3639 2492
3640 2493
3641 2491
3642 2490
3643 2491
3644 2492
3645 2490
3646 2488
3647 2490
3648 2492
3649 2490
3650 2487
3651 2488
3652 2484
3653 2483
3654 2483
3655 2483
3656 2483
3657 2483
3658 2484
3659 2484
3660 2482
3661 2485
3662 2485
3663 2483
3664 2485
3665 2482
3666 2481
3667 2482
3668 2482
3669 2483
3670 2485
3671 2484
3672 2483
3673 2481
3674 2478
3675 2483
3676 2485
3677 2488
3678 2490
3679 2489
3680 2491
3681 2489
3682 2489
3683 2491
3684 2493
3685 2490
3686 2492
3687 2492
3688 2493
3689 2493
3690 2495
3691 2496
3692 2499
3693 2496
3694 2497
3695 2497
3696 2499
3697 2497
3698 2497
3699 2496
3700 2498
3701 2502
3702 2501
3703 2498
3704 2500
3705 2502
3706 2500
3707 2498
3708 2501
3709 2499
3710 2498
3711 2497
3712 2495
3713 2495
3714 2497
3715 2494
3716 2492
3717 2492
3718 2494
3719 2492
3720 2493
3721 2493
3722 2492
3723 2487
3724 2490
3725 2489
3726 2491
3727 2493
3728 2491
3729 2491
3730 2488
3731 2489
3732 2491
3733 2489
3734 2489
3735 2489
3736 2491
3737 2488
3738 2489
3739 2489
3740 2491
3741 2495
3742 2497
3743 2496
3744 2494
3745 2494
3746 2493
3747 2494
3748 2495
3749 2493
3750 2493
3751 2491
3752 2494
3753 2493
3754 2494
3755 2495
3756 2496
3757 2495
3758 2496
3759 2490
3760 2489
3761 2489
3762 2489
3763 2489
3764 2490
3765 2489
3766 2489
3767 2491
3768 2492
3769 2491
3770 2494
3771 2492
3772 2492
3773 2492
3774 2493
3775 2493
3776 2493
3777 2492
3778 2495
3779 2497
3780 2498
3781 2498
3782 2499
3783 2499
3784 2499
3785 2500
3786 2500
3787 2497
3788 2500
3789 2503
3790 2505
3791 2503
3792 2503
3793 2507
3794 2505
3795 2507
3796 2503
3797 2502
3798 2495
3799 2494
3800 2495
3801 2499
3802 2502
3803 2500
3804 2499
3805 2500
3806 2499
3807 2498
3808 2500
3809 2500
3810 2502
3811 2503
3812 2502
3813 2504
3814 2506
3815 2505
3816 2506
3817 2500
3818 2502
3819 2505
3820 2508
3821 2505
3822 2508
3823 2504
3824 2505
3825 2510
3826 2508
3827 2507
3828 2509
3829 2511
3830 2512
3831 2514
3832 2511
3833 2510
3834 2505
3835 2504
3836 2506
3837 2504
3838 2503
3839 2504
3840 2507
3841 2511
3842 2512
3843 2515
3844 2511
3845 2509
3846 2510
3847 2511
3848 2510
3849 2511
3850 2511
3851 2511
3852 2512
3853 2512
3854 2509
3855 2508
3856 2508
3857 2507
3858 2506
3859 2507
3860 2510
3861 2509
3862 2510
3863 2511
3864 2511
3865 2512
3866 2516
3867 2514
3868 2515
3869 2516
3870 2516
3871 2516
3872 2516
3873 2512
3874 2514
3875 2514
3876 2517
3877 2518
3878 2521
3879 2520
3880 2521
3881 2522
3882 2526
3883 2530
3884 2530
3885 2530
3886 2526
3887 2528
3888 2525
3889 2524
3890 2527
3891 2528
3892 2530
3893 2528
3894 2529
3895 2530
3896 2526
3897 2524
3898 2526
3899 2526
3900 2530
3901 2531
3902 2534
3903 2530
3904 2532
3905 2533
3906 2534
3907 2530
3908 2526
3909 2523
3910 2523
3911 2525
3912 2523
3913 2525
3914 2524
3915 2527
3916 2524
3917 2522
3918 2522
3919 2520
3920 2523
3921 2525
3922 2525
3923 2527
3924 2531
3925 2534
3926 2531
3927 2532
3928 2534
3929 2531
3930 2529
3931 2530
3932 2532
3933 2536
3934 2536
3935 2538
3936 2535
3937 2532
3938 2535
3939 2537
3940 2537
3941 2538
3942 2541
3943 2541
3944 2540
3945 2541
3946 2539
3947 2538
3948 2538
3949 2538
3950 2537
3951 2539
3952 2536
3953 2537
3954 2541
3955 2541
3956 2542
3957 2543
3958 2546
3959 2543
3960 2544
3961 2542
3962 2540
3963 2541
3964 2539
3965 2539
3966 2537
3967 2536
3968 2536
3969 2534
3970 2535
3971 2534
3972 2532
3973 2535
3974 2535
3975 2537
3976 2539
3977 2541
3978 2536
3979 2536
3980 2536
3981 2536
3982 2537
3983 2540
3984 2541
3985 2545
3986 2546
3987 2544
3988 2543
3989 2542
3990 2540
3991 2537
3992 2538
3993 2537
3994 2534
3995 2537
3996 2538
3997 2539
3998 2538
3999 2537
4000 2534
4001 2530
4002 2527
4003 2528
4004 2529
4005 2524
4006 2525
4007 2526
4008 2523
4009 2524
4010 2519
4011 2519
4012 2523
4013 2524
4014 2528
4015 2531
4016 2530
4017 2528
4018 2526
4019 2528
4020 2525
4021 2526
4022 2528
4023 2524
4024 2526
4025 2526
4026 2524
4027 2523
4028 2526
4029 2528
4030 2528
4031 2526
4032 2524
4033 2526
4034 2526
4035 2529
4036 2524
4037 2526
4038 2524
4039 2522
4040 2525
4041 2526
4042 2524
4043 2524
4044 2523
4045 2522
4046 2523
4047 2524
4048 2522
4049 2522
4050 2526
4051 2526
4052 2524
4053 2525
4054 2524
4055 2521
4056 2517
4057 2519
4058 2514
4059 2514
4060 2512
4061 2512
4062 2508
4063 2505
4064 2506
4065 2506
4066 2503
4067 2504
4068 2505
4069 2503
4070 2504
4071 2504
4072 2501
4073 2498
4074 2501
4075 2504
4076 2504
4077 2502
4078 2501
4079 2503
4080 2506
4081 2504
4082 2507
4083 2505
4084 2498
4085 2502
4086 2503
4087 2502
4088 2503
4089 2501
4090 2496
4091 2496
4092 2491
4093 2491
4094 2493
4095 2493
4096 2494
4097 2497
4098 2497
4099 2496
4100 2499
4101 2495
4102 2497
4103 2498
4104 2499
4105 2498
4106 2500
4107 2496
4108 2496
4109 2497
4110 2498
4111 2499
4112 2501
4113 2502
4114 2503
4115 2505
4116 2502
4117 2505
4118 2504
4119 2507
4120 2505
4121 2506
4122 2506
4123 2508
4124 2507
4125 2506
4126 2506
4127 2508
4128 2509
4129 2510
4130 2509
4131 2510
4132 2508
4133 2507
4134 2503
4135 2501
4136 2498
4137 2490
4138 2487
4139 2488
4140 2485
4141 2485
4142 2488
4143 2489
4144 2488
4145 2488
4146 2482
4147 2484
4148 2485
4149 2488
4150 2489
4151 2493
4152 2493
4153 2491
4154 2494
4155 2497
4156 2495
4157 2497
4158 2495
4159 2494
4160 2492
4161 2496
4162 2494
4163 2494
4164 2493
4165 2493
4166 2494
4167 2495
4168 2491
4169 2491
4170 2486
4171 2486
4172 2485
4173 2485
4174 2483
4175 2484
4176 2484
4177 2482
4178 2481
4179 2484
4180 2483
4181 2482
4182 2483
4183 2486
4184 2485
4185 2484
4186 2483
4187 2485
4188 2485
4189 2485
4190 2482
4191 2484
4192 2488
4193 2487
4194 2488
4195 2488
4196 2487
4197 2486
4198 2489
4199 2491
4200 2492
4201 2492
4202 2492
4203 2494
4204 2492
4205 2490
4206 2489
4207 2483
4208 2484
4209 2488
4210 2488
4211 2488
4212 2489
4213 2487
4214 2487
4215 2488
4216 2491
4217 2493
4218 2497
4219 2495
4220 2493
4221 2495
4222 2496
4223 2496
4224 2495
4225 2494
4226 2493
4227 2495
4228 2500
4229 2501
4230 2503
4231 2501
4232 2504
4233 2503
4234 2504
4235 2502
4236 2500
4237 2503
4238 2503
4239 2497
4240 2497
4241 2500
4242 2501
4243 2503
4244 2505
4245 2506
4246 2508
4247 2505
4248 2504
4249 2500
4250 2500
4251 2500
4252 2502
4253 2504
4254 2503
4255 2502
4256 2500
4257 2497
4258 2497
4259 2499
4260 2500
4261 2502
4262 2505
4263 2504
4264 2499
4265 2500
4266 2504
4267 2505
4268 2508
4269 2507
4270 2505
4271 2504
4272 2504
4273 2501
4274 2500
4275 2493
4276 2492
4277 2494
4278 2494
4279 2495
4280 2498
4281 2499
4282 2497
4283 2500
4284 2503
4285 2505
4286 2509
4287 2506
4288 2508
4289 2508
4290 2508
4291 2510
4292 2510
4293 2511
4294 2509
4295 2510
4296 2507
4297 2508
4298 2512
4299 2512
4300 2511
4301 2508
4302 2505
4303 2504
4304 2501
4305 2502
4306 2503
4307 2501
4308 2503
4309 2505
4310 2505
4311 2503
4312 2504
4313 2504
4314 2500
4315 2496
4316 2494
4317 2491
4318 2487
4319 2485
4320 2485
4321 2483
4322 2484
4323 2487
4324 2484
4325 2484
4326 2482
4327 2483
4328 2486
4329 2486
4330 2484
4331 2479
4332 2480
4333 2479
4334 2480
4335 2481
4336 2481
4337 2476
4338 2477
4339 2476
4340 2476
4341 2479
4342 2481
4343 2480
4344 2477
4345 2477
4346 2477
4347 2477
4348 2480
4349 2477
4350 2475
4351 2472
4352 2471
4353 2470
4354 2470
4355 2471
4356 2474
4357 2471
4358 2472
4359 2471
4360 2472
4361 2475
4362 2478
4363 2476
4364 2477
4365 2481
4366 2484
4367 2483
4368 2482
4369 2485
4370 2479
4371 2481
4372 2483
4373 2485
4374 2483
4375 2485
4376 2486
4377 2487
4378 2486
4379 2485
4380 2488
4381 2490
4382 2491
4383 2494
4384 2491
4385 2496
4386 2499
4387 2501
4388 2502
4389 2502
4390 2505
4391 2506
4392 2504
4393 2505
4394 2508
4395 2510
4396 2510
4397 2507
4398 2507
4399 2509
4400 2511
4401 2511
4402 2511
4403 2513
4404 2516
4405 2515
4406 2515
4407 2516
4408 2518
4409 2519
4410 2522
4411 2523
4412 2522
4413 2521
4414 2522
4415 2522
4416 2522
4417 2525
4418 2526
4419 2521
4420 2519
4421 2519
4422 2520
4423 2520
4424 2524
4425 2524
4426 2523
4427 2525
4428 2524
4429 2528
4430 2531
4431 2529
4432 2528
4433 2528
4434 2530
4435 2533
4436 2532
4437 2537
4438 2535
4439 2534
4440 2536
4441 2531
4442 2530
4443 2528
4444 2527
4445 2528
4446 2528
4447 2530
4448 2532
4449 2533
4450 2534
4451 2538
4452 2539
4453 2537
4454 2538
4455 2538
4456 2538
4457 2540
4458 2538
4459 2535
4460 2536
4461 2537
4462 2537
4463 2538
4464 2540
4465 2544
4466 2544
4467 2538
4468 2538
4469 2540
4470 2540
4471 2534
4472 2537
4473 2532
4474 2533
4475 2535
4476 2538
4477 2539
4478 2543
4479 2542
4480 2541
4481 2538
4482 2542
4483 2543
4484 2540
4485 2538
4486 2533
4487 2533
4488 2536
4489 2537
4490 2539
4491 2543
4492 2543
4493 2541
4494 2540
4495 2541
4496 2540
4497 2539
4498 2537
4499 2539
4500 2540
4501 2541
4502 2543
4503 2541
4504 2543
4505 2544
4506 2542
4507 2543
4508 2543
4509 2545
4510 2546
4511 2546
4512 2542
4513 2545
4514 2548
4515 2551
4516 2547
4517 2544
4518 2542
4519 2541
4520 2540
4521 2543
4522 2545
4523 2539
4524 2536
4525 2537
4526 2536
4527 2537
4528 2540
4529 2539
4530 2543
4531 2542
4532 2544
4533 2543
4534 2544
4535 2543
4536 2545
4537 2544
4538 2542
4539 2543
4540 2545
4541 2540
4542 2541
4543 2542
4544 2540
4545 2539
4546 2536
4547 2536
4548 2531
4549 2533
4550 2536
4551 2534
4552 2536
4553 2535
4554 2535
4555 2536
4556 2540
4557 2541
4558 2541
4559 2539
4560 2540
4561 2541
4562 2542
4563 2542
4564 2542
4565 2542
4566 2541
4567 2536
4568 2534
4569 2532
4570 2531
4571 2534
4572 2534
4573 2531
4574 2534
4575 2536
4576 2532
4577 2530
4578 2530
4579 2532
4580 2529
4581 2529
4582 2526
4583 2526
4584 2528
4585 2529
4586 2527
4587 2528
4588 2529
4589 2528
4590 2528
4591 2529
4592 2533
4593 2533
4594 2535
4595 2534
4596 2536
4597 2538
4598 2538
4599 2537
4600 2532
4601 2532
4602 2531
4603 2531
4604 2529
4605 2529
4606 2530
4607 2533
4608 2534
4609 2532
4610 2535
4611 2535
4612 2537
4613 2535
4614 2535
4615 2533
4616 2535
4617 2536
4618 2537
4619 2537
4620 2536
4621 2540
4622 2535
4623 2534
4624 2535
4625 2534
4626 2533
4627 2533
4628 2533
4629 2530
4630 2532
4631 2534
4632 2538
4633 2538
4634 2533
4635 2532
4636 2531
4637 2530
4638 2532
4639 2532
4640 2532
4641 2531
4642 2530
4643 2530
4644 2528
4645 2528
4646 2530
4647 2527
4648 2528
4649 2531
4650 2533
4651 2532
4652 2535
4653 2532
4654 2532
4655 2531
4656 2531
4657 2533
4658 2533
4659 2531
4660 2528
4661 2525
4662 2525
4663 2526
4664 2523
4665 2522
4666 2522
4667 2520
4668 2519
4669 2516
4670 2519
4671 2516
4672 2518
4673 2517
4674 2520
4675 2520
4676 2520
4677 2520
4678 2523
4679 2526
4680 2526
4681 2527
4682 2527
4683 2527
4684 2527
4685 2527
4686 2527
4687 2530
4688 2530
4689 2528
4690 2531
4691 2528
4692 2530
4693 2530
4694 2526
4695 2528
4696 2531
4697 2535
4698 2536
4699 2536
4700 2535
4701 2534
4702 2534
4703 2530
4704 2526
4705 2526
4706 2522
4707 2522
4708 2524
4709 2524
4710 2528
4711 2530
4712 2526
4713 2527
4714 2519
4715 2519
4716 2520
4717 2522
4718 2520
4719 2522
4720 2523
4721 2521
4722 2522
4723 2523
4724 2522
4725 2521
4726 2520
4727 2520
4728 2518
4729 2514
4730 2519
4731 2518
4732 2520
4733 2521
4734 2521
4735 2524
4736 2528
4737 2529
4738 2531
4739 2532
4740 2533
4741 2532
4742 2532
4743 2529
4744 2528
4745 2528
4746 2528
4747 2528
4748 2526
4749 2528
4750 2526
4751 2528
4752 2530
4753 2531
4754 2532
4755 2535
4756 2535
4757 2535
4758 2537
4759 2540
4760 2537
4761 2538
4762 2541
4763 2543
4764 2545
4765 2545
4766 2542
4767 2543
4768 2546
4769 2545
4770 2542
4771 2542
4772 2544
4773 2547
4774 2546
4775 2544
4776 2544
4777 2541
4778 2540
4779 2541
4780 2541
4781 2540
4782 2540
4783 2541
4784 2544
4785 2539
4786 2538
4787 2537
4788 2533
4789 2535
4790 2534
4791 2534
4792 2531
4793 2534
4794 2535
4795 2539
4796 2534
4797 2534
4798 2535
4799 2537
4800 2539
4801 2535
4802 2534
4803 2530
4804 2525
4805 2523
4806 2527
4807 2526
4808 2525
4809 2526
4810 2526
4811 2527
4812 2527
4813 2530
4814 2529
4815 2528
4816 2525
4817 2524
4818 2522
4819 2518
4820 2519
4821 2520
4822 2515
4823 2516
4824 2510
4825 2510
4826 2514
4827 2514
4828 2518
4829 2520
4830 2517
4831 2517
4832 2514
4833 2517
4834 2516
4835 2520
4836 2520
4837 2515
4838 2517
4839 2519
4840 2520
4841 2520
4842 2519
4843 2516
4844 2517
4845 2518
4846 2519
4847 2517
4848 2510
4849 2509
4850 2512
4851 2515
4852 2513
4853 2510
4854 2511
4855 2510
4856 2513
4857 2513
4858 2510
4859 2512
4860 2513
4861 2513
4862 2516
4863 2517
4864 2518
4865 2516
4866 2514
4867 2515
4868 2514
4869 2514
4870 2513
4871 2517
4872 2516
4873 2517
4874 2516
4875 2518
4876 2513
4877 2515
4878 2516
4879 2517
4880 2509
4881 2508
4882 2511
4883 2509
4884 2512
4885 2512
4886 2514
4887 2513
4888 2515
4889 2515
4890 2511
4891 2512
4892 2511
4893 2511
4894 2509
4895 2511
4896 2515
4897 2514
4898 2513
4899 2514
4900 2513
4901 2510
4902 2510
4903 2509
4904 2508
4905 2511
4906 2508
4907 2511
4908 2509
4909 2508
4910 2508
4911 2510
4912 2512
4913 2514
4914 2516
4915 2518
4916 2519
4917 2515
4918 2516
4919 2515
4920 2513
4921 2510
4922 2511
4923 2515
4924 2515
4925 2517
4926 2519
4927 2520
4928 2521
4929 2518
4930 2517
4931 2517
4932 2514
4933 2516
4934 2513
4935 2513
4936 2513
4937 2514
4938 2515
4939 2517
4940 2514
4941 2514
4942 2513
4943 2516
4944 2517
4945 2520
4946 2523
4947 2520
4948 2522
4949 2522
4950 2525
4951 2524
4952 2526
4953 2523
4954 2521
4955 2522
4956 2519
4957 2517
4958 2520
4959 2520
4960 2519
4961 2516
4962 2516
4963 2517
4964 2518
4965 2519
4966 2518
4967 2518
4968 2511
4969 2512
4970 2510
4971 2511
4972 2508
4973 2509
4974 2511
4975 2511
4976 2511
4977 2510
4978 2512
4979 2514
4980 2514
4981 2513
4982 2515
4983 2516
4984 2517
4985 2516
4986 2515
4987 2519
4988 2514
4989 2516
4990 2515
4991 2513
4992 2511
4993 2509
4994 2508
4995 2509
4996 2507
4997 2505
4998 2508
4999 2511
5000 2510
5001 2511
5002 2511
5003 2513
5004 2510
5005 2510
5006 2511
5007 2513
5008 2514
5009 2511
5010 2513
5011 2513
5012 2515
5013 2517
5014 2521
5015 2521
5016 2523
5017 2522
5018 2520
5019 2518
5020 2517
5021 2512
5022 2513
5023 2514
5024 2513
5025 2508
5026 2510
5027 2508
5028 2508
5029 2511
5030 2512
5031 2514
5032 2515
5033 2511
5034 2509
5035 2513
5036 2513
5037 2508
5038 2509
5039 2507
5040 2505
5041 2507
5042 2508
5043 2511
5044 2512
5045 2510
5046 2506
5047 2508
5048 2507
5049 2508
5050 2510
5051 2509
5052 2508
5053 2507
5054 2503
5055 2503
5056 2506
5057 2508
5058 2508
5059 2511
5060 2513
5061 2515
5062 2514
5063 2515
5064 2513
5065 2512
5066 2515
5067 2514
5068 2511
5069 2514
5070 2512
5071 2513
5072 2514
5073 2508
5074 2510
5075 2510
5076 2505
5077 2507
5078 2506
5079 2503
5080 2504
5081 2505
5082 2504
5083 2504
5084 2507
5085 2505
5086 2505
5087 2501
5088 2500
5089 2500
5090 2502
5091 2506
5092 2510
5093 2510
5094 2512
5095 2511
5096 2511
5097 2511
5098 2512
5099 2511
5100 2512
5101 2510
5102 2511
5103 2509
5104 2504
5105 2507
5106 2507
5107 2509
5108 2510
5109 2511
5110 2512
5111 2513
5112 2515
5113 2514
5114 2513
5115 2509
5116 2509
5117 2512
5118 2511
5119 2510
5120 2511
5121 2512
5122 2512
5123 2514
5124 2508
5125 2505
5126 2503
5127 2508
5128 2505
5129 2505
5130 2504
5131 2502
5132 2501
5133 2501
5134 2504
5135 2505
5136 2505
5137 2506
5138 2506
5139 2506
5140 2503
5141 2503
5142 2501
5143 2501
5144 2502
5145 2502
5146 2504
5147 2502
5148 2497
5149 2498
5150 2497
5151 2498
5152 2497
5153 2497
5154 2497
5155 2496
5156 2497
5157 2498
5158 2498
5159 2498
5160 2500
5161 2499
5162 2497
5163 2495
5164 2496
5165 2498
5166 2497
5167 2499
5168 2496
5169 2494
5170 2493
5171 2492
5172 2493
5173 2495
5174 2498
5175 2500
5176 2499
5177 2498
5178 2498
5179 2499
5180 2503
5181 2502
5182 2505
5183 2505
5184 2501
5185 2502
5186 2503
5187 2504
5188 2501
5189 2498
5190 2497
5191 2497
5192 2496
5193 2497
5194 2495
5195 2496
5196 2498
5197 2496
5198 2494
5199 2495
5200 2492
5201 2492
5202 2493
5203 2493
5204 2496
5205 2493
5206 2491
5207 2489
5208 2490
5209 2492
5210 2495
5211 2495
5212 2496
5213 2497
5214 2497
5215 2495
5216 2495
5217 2495
5218 2499
5219 2499
5220 2501
5221 2504
5222 2502
5223 2503
5224 2502
5225 2496
5226 2497
5227 2495
5228 2496
5229 2499
5230 2496
5231 2499
5232 2501
5233 2496
5234 2499
5235 2501
5236 2499
5237 2502
5238 2502
5239 2503
5240 2505
5241 2507
5242 2506
5243 2505
5244 2504
5245 2505
5246 2505
5247 2505
5248 2508
5249 2505
5250 2507
5251 2507
5252 2510
5253 2511
5254 2508
5255 2506
5256 2505
5257 2505
5258 2506
5259 2505
5260 2507
5261 2508
5262 2507
5263 2508
5264 2508
5265 2510
5266 2515
5267 2514
5268 2511
5269 2510
5270 2511
5271 2509
5272 2510
5273 2503
5274 2502
5275 2501
5276 2502
5277 2496
5278 2501
5279 2502
5280 2504
5281 2507
5282 2507
5283 2508
5284 2503
5285 2497
5286 2495
5287 2491
5288 2492
5289 2490
5290 2494
5291 2497
5292 2496
5293 2501
5294 2498
5295 2498
5296 2497
5297 2497
5298 2497
5299 2498
5300 2498
5301 2500
5302 2501
5303 2502
5304 2504
5305 2508
5306 2510
5307 2512
5308 2513
5309 2514
5310 2515
5311 2513
5312 2517
5313 2518
5314 2517
5315 2519
5316 2520
5317 2519
5318 2520
5319 2517
5320 2514
5321 2512
5322 2509
5323 2511
5324 2509
5325 2511
5326 2513
5327 2513
5328 2510
5329 2512
5330 2507
5331 2503
5332 2505
5333 2504
5334 2502
5335 2502
5336 2504
5337 2503
5338 2506
5339 2502
5340 2503
5341 2504
5342 2504
5343 2505
5344 2507
5345 2508
5346 2508
5347 2508
5348 2507
5349 2509
5350 2505
5351 2506
5352 2504
5353 2505
5354 2505
5355 2505
5356 2498
5357 2500
5358 2504
5359 2503
5360 2506
5361 2506
5362 2507
5363 2507
5364 2509
5365 2505
5366 2507
5367 2509
5368 2511
5369 2513
5370 2515
5371 2513
5372 2513
5373 2512
5374 2511
5375 2504
5376 2505
5377 2501
5378 2500
5379 2500
5380 2494
5381 2495
5382 2493
5383 2493
5384 2495
5385 2494
5386 2497
5387 2497
5388 2497
5389 2496
5390 2499
5391 2499
5392 2500
5393 2501
5394 2504
5395 2500
5396 2501
5397 2502
5398 2504
5399 2505
5400 2504
5401 2504
5402 2505
5403 2505
5404 2502
5405 2502
5406 2503
5407 2504
5408 2503
5409 2504
5410 2506
5411 2503
5412 2504
5413 2506
5414 2503
5415 2499
5416 2496
5417 2496
5418 2497
5419 2498
5420 2496
5421 2497
5422 2495
5423 2493
5424 2491
5425 2491
5426 2490
5427 2491
5428 2489
5429 2485
5430 2488
5431 2490
5432 2492
5433 2493
5434 2495
5435 2494
5436 2493
5437 2496
5438 2490
5439 2488
5440 2488
5441 2491
5442 2492
5443 2492
5444 2492
5445 2491
5446 2491
5447 2487
5448 2484
5449 2482
5450 2482
5451 2482
5452 2485
5453 2483
5454 2486
5455 2487
5456 2484
5457 2484
5458 2484
5459 2482
5460 2480
5461 2478
5462 2477
5463 2477
5464 2474
5465 2477
5466 2474
5467 2474
5468 2473
5469 2475
5470 2473
5471 2473
5472 2476
5473 2478
5474 2481
5475 2484
5476 2485
5477 2484
5478 2485
5479 2481
5480 2483
5481 2482
5482 2476
5483 2477
5484 2477
5485 2474
5486 2475
5487 2474
5488 2472
5489 2476
5490 2479
5491 2478
5492 2474
5493 2473
5494 2476
5495 2478
5496 2478
5497 2476
5498 2476
5499 2477
5500 2479
5501 2482
5502 2484
5503 2485
5504 2484
5505 2484
5506 2481
5507 2480
5508 2482
5509 2484
5510 2481
5511 2477
5512 2475
5513 2478
5514 2476
5515 2471
5516 2470
5517 2474
5518 2474
5519 2477
5520 2479
5521 2477
5522 2479
5523 2481
5524 2482
5525 2483
5526 2484
5527 2487
5528 2489
5529 2486
5530 2486
5531 2479
5532 2480
5533 2481
5534 2481
5535 2483
5536 2484
5537 2483
5538 2486
5539 2486
5540 2485
5541 2486
5542 2483
5543 2482
5544 2481
5545 2478
5546 2478
5547 2476
5548 2475
5549 2477
5550 2477
5551 2477
5552 2474
5553 2476
5554 2475
5555 2476
5556 2478
5557 2478
5558 2477
5559 2475
5560 2470
5561 2461
5562 2460
5563 2462
5564 2462
5565 2460
5566 2461
5567 2461
5568 2462
5569 2463
5570 2461
5571 2466
5572 2469
5573 2465
5574 2460
5575 2459
5576 2457
5577 2461
5578 2463
5579 2463
5580 2464
5581 2465
5582 2467
5583 2463
5584 2463
5585 2462
5586 2463
5587 2466
5588 2465
5589 2465
5590 2463
5591 2465
5592 2466
5593 2464
5594 2465
5595 2466
5596 2467
5597 2467
5598 2469
5599 2473
5600 2477
5601 2474
5602 2470
5603 2474
5604 2475
5605 2476
5606 2478
5607 2480
5608 2476
5609 2472
5610 2472
5611 2473
5612 2471
5613 2474
5614 2472
5615 2473
5616 2475
5617 2477
5618 2477
5619 2473
5620 2468
5621 2470
5622 2469
5623 2471
5624 2473
5625 2474
5626 2471
5627 2473
5628 2471
5629 2471
5630 2476
5631 2474
5632 2475
5633 2473
5634 2473
5635 2473
5636 2476
5637 2479
5638 2476
5639 2476
5640 2477
5641 2477
5642 2474
5643 2475
5644 2472
5645 2470
5646 2466
5647 2464
5648 2463
5649 2459
5650 2455
5651 2457
5652 2452
5653 2454
5654 2455
5655 2457
5656 2458
5657 2454
5658 2458
5659 2457
5660 2459
5661 2460
5662 2459
5663 2460
5664 2460
5665 2462
5666 2460
5667 2461
5668 2460
5669 2464
5670 2462
5671 2462
5672 2459
5673 2460
5674 2458
5675 2456
5676 2455
5677 2453
5678 2455
5679 2456
5680 2461
5681 2459
5682 2458
5683 2456
5684 2452
5685 2455
5686 2456
5687 2455
5688 2456
5689 2456
5690 2461
5691 2464
5692 2462
5693 2464
5694 2463
5695 2463
5696 2462
5697 2462
5698 2463
5699 2463
5700 2463
5701 2467
5702 2466
5703 2471
5704 2470
5705 2474
5706 2476
5707 2475
5708 2469
5709 2471
5710 2470
5711 2468
5712 2470
5713 2468
5714 2468
5715 2469
5716 2467
5717 2470
5718 2467
5719 2468
5720 2467
5721 2468
5722 2463
5723 2457
5724 2459
5725 2462
5726 2460
5727 2461
5728 2460
5729 2460
5730 2462
5731 2462
5732 2457
5733 2458
5734 2460
5735 2453
5736 2452
5737 2451
5738 2452
5739 2452
5740 2448
5741 2453
5742 2455
5743 2455
5744 2452
5745 2450
5746 2450
5747 2450
5748 2454
5749 2457
5750 2457
5751 2458
5752 2456
5753 2454
5754 2458
5755 2454
5756 2452
5757 2452
5758 2453
5759 2453
5760 2451
5761 2450
5762 2452
5763 2455
5764 2456
5765 2456
5766 2451
5767 2451
5768 2452
5769 2451
5770 2447
5771 2445
5772 2444
5773 2442
5774 2440
5775 2438
5776 2441
5777 2440
5778 2437
5779 2438
5780 2442
5781 2440
5782 2441
5783 2445
5784 2447
5785 2449
5786 2450
5787 2451
5788 2452
5789 2453
5790 2451
5791 2450
5792 2446
5793 2443
5794 2445
5795 2441
5796 2440
5797 2441
5798 2444
5799 2445
5800 2440
5801 2439
5802 2441
5803 2437
5804 2441
5805 2445
5806 2447
5807 2450
5808 2455
5809 2457
5810 2460
5811 2461
5812 2463
5813 2461
5814 2465
5815 2466
5816 2469
5817 2473
5818 2472
5819 2469
5820 2471
5821 2471
5822 2473
5823 2476
5824 2480
5825 2480
5826 2480
5827 2477
5828 2475
5829 2470
5830 2466
5831 2469
5832 2469
5833 2470
5834 2469
5835 2469
5836 2469
5837 2468
5838 2469
5839 2470
5840 2473
5841 2471
5842 2470
5843 2468
5844 2469
5845 2471
5846 2471
5847 2473
5848 2471
5849 2468
5850 2470
5851 2468
5852 2469
5853 2470
5854 2472
5855 2472
5856 2470
5857 2470
5858 2470
5859 2469
5860 2467
5861 2467
5862 2468
5863 2471
5864 2469
5865 2469
5866 2469
5867 2470
5868 2475
5869 2474
5870 2474
5871 2477
5872 2472
5873 2473
5874 2469
5875 2472
5876 2469
5877 2470
5878 2470
5879 2469
5880 2473
5881 2475
5882 2476
5883 2477
5884 2475
5885 2475
5886 2471
5887 2475
5888 2476
5889 2476
5890 2474
5891 2475
5892 2474
5893 2472
5894 2475
5895 2475
5896 2477
5897 2476
5898 2480
5899 2481
5900 2482
5901 2483
5902 2486
5903 2485
5904 2487
5905 2486
5906 2483
5907 2483
5908 2485
5909 2485
5910 2478
5911 2477
5912 2480
5913 2482
5914 2481
5915 2482
5916 2479
5917 2479
5918 2477
5919 2476
5920 2476
5921 2479
5922 2474
5923 2474
5924 2473
5925 2472
5926 2476
5927 2475
5928 2477
5929 2479
5930 2479
5931 2479
5932 2479
5933 2482
5934 2482
5935 2481
5936 2480
5937 2480
5938 2482
5939 2479
5940 2481
5941 2483
5942 2478
5943 2481
5944 2480
5945 2480
5946 2481
5947 2480
5948 2483
5949 2481
5950 2480
5951 2483
5952 2482
5953 2485
5954 2484
5955 2481
5956 2480
5957 2484
5958 2485
5959 2483
5960 2483
5961 2481
5962 2483
5963 2479
5964 2480
5965 2482
5966 2479
5967 2477
5968 2478
5969 2475
5970 2473
5971 2474
5972 2478
5973 2476
5974 2475
5975 2476
5976 2476
5977 2476
5978 2478
5979 2478
5980 2478
5981 2477
5982 2477
5983 2478
5984 2477
5985 2475
5986 2474
5987 2477
5988 2474
5989 2471
5990 2473
5991 2474
5992 2474
5993 2473
5994 2475
5995 2473
5996 2471
5997 2468
5998 2469
5999 2471
6000 2470
6001 2470
6002 2473
6003 2472
6004 2475
6005 2477
6006 2480
6007 2478
6008 2477
6009 2476
6010 2475
6011 2475
6012 2474
6013 2476
6014 2476
6015 2475
6016 2475
6017 2477
6018 2482
6019 2482
6020 2482
6021 2482
6022 2483
6023 2485
6024 2483
6025 2483
6026 2478
6027 2475
6028 2474
6029 2475
6030 2475
6031 2475
6032 2475
6033 2478
6034 2477
6035 2479
6036 2480
6037 2484
6038 2485
6039 2481
6040 2483
6041 2485
6042 2487
6043 2488
6044 2488
6045 2488
6046 2485
6047 2487
6048 2486
6049 2481
6050 2478
6051 2480
6052 2479
6053 2476
6054 2477
6055 2476
6056 2478
6057 2481
6058 2482
6059 2480
6060 2474
6061 2474
6062 2470
6063 2471
6064 2472
6065 2473
6066 2471
6067 2471
6068 2466
6069 2466
6070 2466
6071 2467
6072 2466
6073 2468
6074 2469
6075 2465
6076 2465
6077 2465
6078 2467
6079 2463
6080 2459
6081 2457
6082 2459
6083 2456
6084 2458
6085 2459
6086 2462
6087 2458
6088 2461
6089 2463
6090 2464
6091 2465
6092 2466
6093 2463
6094 2465
6095 2466
6096 2466
6097 2466
6098 2463
6099 2465
6100 2464
6101 2467
6102 2469
6103 2472
6104 2470
6105 2468
6106 2469
6107 2468
6108 2468
6109 2466
6110 2470
6111 2469
6112 2470
6113 2469
6114 2468
6115 2467
6116 2465
6117 2464
6118 2462
6119 2465
6120 2464
6121 2466
6122 2466
6123 2461
6124 2462
6125 2458
6126 2453
6127 2454
6128 2454
6129 2453
6130 2451
6131 2452
6132 2453
6133 2454
6134 2454
6135 2449
6136 2450
6137 2454
6138 2457
6139 2458
6140 2460
6141 2460
6142 2460
6143 2457
6144 2458
6145 2458
6146 2459
6147 2454
6148 2454
6149 2455
6150 2458
6151 2461
6152 2462
6153 2459
6154 2461
6155 2462
6156 2462
6157 2460
6158 2460
6159 2461
6160 2461
6161 2460
6162 2463
6163 2460
6164 2459
6165 2459
6166 2458
6167 2460
6168 2458
6169 2462
6170 2463
6171 2459
6172 2459
6173 2460
6174 2458
6175 2458
6176 2458
6177 2455
6178 2455
6179 2458
6180 2459
6181 2462
6182 2460
6183 2463
6184 2465
6185 2466
6186 2467
6187 2465
6188 2465
6189 2462
6190 2457
6191 2456
6192 2456
6193 2460
6194 2463
6195 2465
6196 2465
6197 2469
6198 2472
6199 2473
6200 2476
6201 2476
6202 2478
6203 2479
6204 2476
6205 2475
6206 2474
6207 2474
6208 2475
6209 2475
6210 2472
6211 2471
6212 2472
6213 2474
6214 2477
6215 2475
6216 2476
6217 2478
6218 2477
6219 2481
6220 2484
6221 2482
6222 2482
6223 2484
6224 2480
6225 2482
6226 2478
6227 2478
6228 2478
6229 2478
6230 2473
6231 2474
6232 2476
6233 2475
6234 2475
6235 2479
6236 2479
6237 2481
6238 2480
6239 2483
6240 2484
6241 2487
6242 2487
6243 2488
6244 2493
6245 2493
6246 2490
6247 2491
6248 2493
6249 2492
6250 2488
6251 2491
6252 2494
6253 2492
6254 2493
6255 2494
6256 2493
6257 2489
6258 2492
6259 2487
6260 2490
6261 2492
6262 2489
6263 2491
6264 2495
6265 2496
6266 2493
6267 2494
6268 2495
6269 2495
6270 2497
6271 2495
6272 2496
6273 2499
6274 2501
6275 2502
6276 2504
6277 2504
6278 2507
6279 2507
6280 2507
6281 2505
6282 2508
6283 2509
6284 2512
6285 2510
6286 2512
6287 2514
6288 2515
6289 2515
6290 2518
6291 2514
6292 2517
6293 2517
6294 2514
6295 2518
6296 2521
6297 2523
6298 2524
6299 2517
6300 2518
6301 2516
6302 2514
6303 2515
6304 2515
6305 2516
6306 2515
6307 2516
6308 2518
6309 2519
6310 2520
6311 2519
6312 2516
6313 2514
6314 2510
6315 2510
6316 2508
6317 2507
6318 2507
6319 2508
6320 2504
6321 2504
6322 2503
6323 2504
6324 2505
6325 2505
6326 2503
6327 2505
6328 2508
6329 2509
6330 2508
6331 2509
6332 2505
6333 2507
6334 2509
6335 2507
6336 2505
6337 2505
6338 2507
6339 2510
6340 2508
6341 2508
6342 2509
6343 2504
6344 2503
6345 2502
6346 2502
6347 2502
6348 2503
6349 2507
6350 2505
6351 2503
6352 2505
6353 2504
6354 2508
6355 2510
6356 2511
6357 2513
6358 2513
6359 2514
6360 2516
6361 2516
6362 2519
6363 2520
6364 2515
6365 2516
6366 2514
6367 2510
6368 2509
6369 2505
6370 2504
6371 2505
6372 2505
6373 2507
6374 2504
6375 2502
6376 2505
6377 2510
6378 2510
6379 2509
6380 2510
6381 2512
6382 2511
6383 2510
6384 2511
6385 2515
6386 2511
6387 2514
6388 2511
6389 2512
6390 2508
6391 2511
6392 2513
6393 2510
6394 2511
6395 2515
6396 2510
6397 2509
6398 2512
6399 2514
6400 2512
6401 2515
6402 2517
6403 2520
6404 2523
6405 2522
6406 2519
6407 2518
6408 2513
6409 2513
6410 2515
6411 2512
6412 2512
6413 2511
6414 2511
6415 2514
6416 2513
6417 2514
6418 2505
6419 2504
6420 2502
6421 2501
6422 2503
6423 2506
6424 2506
6425 2504
6426 2505
6427 2502
6428 2502
6429 2504
6430 2502
6431 2501
6432 2503
6433 2500
6434 2497
6435 2500
6436 2499
6437 2500
6438 2503
6439 2502
6440 2502
6441 2502
6442 2507
6443 2507
6444 2507
6445 2506
6446 2509
6447 2508
6448 2509
6449 2510
6450 2508
6451 2508
6452 2509
6453 2508
6454 2508
6455 2511
6456 2511
6457 2511
6458 2508
6459 2502
6460 2503
6461 2504
6462 2507
6463 2507
6464 2501
6465 2501
6466 2499
6467 2498
6468 2495
6469 2493
6470 2497
6471 2498
6472 2502
6473 2502
6474 2500
6475 2499
6476 2497
6477 2498
6478 2499
6479 2502
6480 2498
6481 2494
6482 2493
6483 2493
6484 2496
6485 2495
6486 2494
6487 2494
6488 2495
6489 2495
6490 2494
6491 2493
6492 2497
6493 2497
6494 2495
6495 2494
6496 2489
6497 2488
6498 2486
6499 2487
6500 2488
6501 2485
6502 2483
6503 2486
6504 2487
6505 2487
6506 2491
6507 2486
6508 2487
6509 2485
6510 2483
6511 2482
6512 2480
6513 2479
6514 2480
6515 2478
6516 2481
6517 2477
6518 2472
6519 2470
6520 2467
6521 2463
6522 2463
6523 2463
6524 2464
6525 2466
6526 2470
6527 2466
6528 2466
6529 2466
6530 2470
6531 2473
6532 2473
6533 2476
6534 2473
6535 2474
6536 2471
6537 2473
6538 2471
6539 2461
6540 2462
6541 2463
6542 2465
6543 2465
6544 2467
6545 2468
6546 2469
6547 2469
6548 2471
6549 2472
6550 2472
6551 2475
6552 2475
6553 2475
6554 2474
6555 2475
6556 2476
6557 2478
6558 2478
6559 2480
6560 2479
6561 2480
6562 2480
6563 2481
6564 2482
6565 2483
6566 2487
6567 2485
6568 2486
6569 2486
6570 2482
6571 2481
6572 2481
6573 2481
6574 2483
6575 2479
6576 2477
6577 2475
6578 2467
6579 2471
6580 2470
6581 2473
6582 2477
6583 2478
6584 2475
6585 2477
6586 2478
6587 2476
6588 2473
6589 2471
6590 2470
6591 2469
6592 2471
6593 2471
6594 2471
6595 2472
6596 2473
6597 2472
6598 2467
6599 2469
6600 2462
6601 2461
6602 2462
6603 2465
6604 2464
6605 2462
6606 2463
6607 2463
6608 2464
6609 2468
6610 2471
6611 2472
6612 2471
6613 2471
6614 2470
6615 2468
6616 2469
6617 2469
6618 2469
6619 2465
6620 2465
6621 2465
6622 2465
6623 2465
6624 2464
6625 2465
6626 2466
6627 2461
6628 2465
6629 2463
6630 2465
6631 2465
6632 2466
6633 2466
6634 2468
6635 2469
6636 2467
6637 2466
6638 2464
6639 2465
6640 2467
6641 2468
6642 2468
6643 2468
6644 2465
6645 2467
6646 2467
6647 2469
6648 2470
6649 2467
6650 2461
6651 2460
6652 2461
6653 2462
6654 2459
6655 2459
6656 2459
6657 2456
6658 2456
6659 2457
6660 2454
6661 2451
6662 2454
6663 2457
6664 2458
6665 2459
6666 2461
6667 2463
6668 2465
6669 2468
6670 2471
6671 2471
6672 2468
6673 2468
6674 2467
6675 2464
6676 2465
6677 2464
6678 2463
6679 2462
6680 2464
6681 2461
6682 2462
6683 2462
6684 2461
6685 2456
6686 2461
6687 2462
6688 2463
6689 2462
6690 2465
6691 2467
6692 2465
6693 2463
6694 2465
6695 2465
6696 2467
6697 2469
6698 2464
6699 2460
6700 2462
6701 2463
6702 2463
6703 2463
6704 2460
6705 2457
6706 2459
6707 2458
6708 2461
6709 2463
6710 2461
6711 2459
6712 2457
6713 2457
6714 2457
6715 2456
6716 2460
6717 2458
6718 2458
6719 2459
6720 2458
6721 2459
6722 2459
6723 2461
6724 2464
6725 2464
6726 2459
6727 2459
6728 2459
6729 2459
6730 2457
6731 2456
6732 2456
6733 2455
6734 2457
6735 2457
6736 2459
6737 2462
6738 2461
6739 2460
6740 2459
6741 2459
6742 2460
6743 2461
6744 2460
6745 2457
6746 2458
6747 2456
6748 2457
6749 2458
6750 2459
6751 2460
6752 2456
6753 2453
6754 2454
6755 2453
6756 2457
6757 2457
6758 2457
6759 2459
6760 2461
6761 2462
6762 2457
6763 2454
6764 2454
6765 2449
6766 2449
6767 2448
6768 2451
6769 2454
6770 2456
6771 2458
6772 2460
6773 2459
6774 2457
6775 2457
6776 2461
6777 2458
6778 2459
6779 2459
6780 2458
6781 2458
6782 2458
6783 2458
6784 2454
6785 2457
6786 2458
6787 2458
6788 2456
6789 2458
6790 2458
6791 2457
6792 2460
6793 2459
6794 2460
6795 2462
6796 2462
6797 2460
6798 2463
6799 2465
6800 2463
6801 2464
6802 2459
6803 2460
6804 2457
6805 2458
6806 2462
6807 2461
6808 2462
6809 2461
6810 2464
6811 2464
6812 2463
6813 2464
6814 2464
6815 2465
6816 2467
6817 2465
6818 2466
6819 2465
6820 2463
6821 2464
6822 2466
6823 2463
6824 2464
6825 2465
6826 2465
6827 2463
6828 2463
6829 2464
6830 2466
6831 2467
6832 2465
6833 2469
6834 2468
6835 2466
6836 2466
6837 2467
6838 2469
6839 2471
6840 2468
6841 2471
6842 2473
6843 2475
6844 2472
6845 2472
6846 2470
6847 2466
6848 2468
6849 2468
6850 2467
6851 2468
6852 2468
6853 2467
6854 2470
6855 2472
6856 2474
6857 2473
6858 2471
6859 2474
6860 2471
6861 2470
6862 2465
6863 2466
6864 2467
6865 2469
6866 2471
6867 2470
6868 2470
6869 2470
6870 2467
6871 2467
6872 2467
6873 2467
6874 2467
6875 2468
6876 2466
6877 2468
6878 2465
6879 2466
6880 2466
6881 2465
6882 2469
6883 2471
6884 2475
6885 2479
6886 2477
6887 2478
6888 2475
6889 2477
6890 2479
6891 2478
6892 2480
6893 2481
6894 2478
6895 2476
6896 2475
6897 2474
6898 2474
6899 2471
6900 2472
6901 2470
6902 2466
6903 2465
6904 2466
6905 2466
6906 2460
6907 2462
6908 2464
6909 2463
6910 2463
6911 2458
6912 2459
6913 2461
6914 2462
6915 2465
6916 2467
6917 2467
6918 2464
6919 2465
6920 2464
6921 2462
6922 2463
6923 2462
6924 2460
6925 2460
6926 2463
6927 2461
6928 2460
6929 2460
6930 2461
6931 2463
6932 2465
6933 2462
6934 2463
6935 2463
6936 2464
6937 2465
6938 2468
6939 2467
6940 2466
6941 2466
6942 2466
6943 2466
6944 2464
6945 2466
6946 2465
6947 2468
6948 2467
6949 2464
6950 2464
6951 2458
6952 2457
6953 2453
6954 2454
6955 2457
6956 2457
6957 2460
6958 2461
6959 2461
6960 2461
6961 2461
6962 2463
6963 2464
6964 2465
6965 2465
6966 2465
6967 2463
6968 2462
6969 2463
6970 2465
6971 2465
6972 2462
6973 2461
6974 2460
6975 2459
6976 2459
6977 2460
6978 2463
6979 2464
6980 2467
6981 2469
6982 2472
6983 2468
6984 2468
6985 2465
6986 2467
6987 2467
6988 2467
6989 2468
6990 2471
6991 2474
6992 2475
6993 2476
6994 2479
6995 2481
6996 2481
6997 2477
6998 2479
6999 2480
7000 2479
7001 2479
7002 2479
7003 2477
7004 2479
7005 2476
7006 2479
7007 2481
7008 2482
7009 2482
7010 2480
7011 2483
7012 2481
7013 2480
7014 2483
7015 2480
7016 2479
7017 2483
7018 2482
7019 2481
7020 2484
7021 2489
7022 2491
7023 2490
7024 2491
7025 2494
7026 2495
7027 2499
7028 2501
7029 2502
7030 2504
7031 2503
7032 2503
7033 2505
7034 2507
7035 2506
7036 2504
7037 2507
7038 2509
7039 2510
7040 2508
7041 2510
7042 2507
7043 2509
7044 2508
7045 2506
7046 2509
7047 2509
7048 2510
7049 2514
7050 2516
7051 2518
7052 2519
7053 2519
7054 2512
7055 2507
7056 2508
7057 2511
7058 2511
7059 2512
7060 2512
7061 2509
7062 2505
7063 2508
7064 2507
7065 2508
7066 2508
7067 2510
7068 2510
7069 2511
7070 2512
7071 2515
7072 2515
7073 2517
7074 2519
7075 2519
7076 2520
7077 2519
7078 2520
7079 2514
7080 2514
7081 2514
7082 2515
7083 2514
7084 2512
7085 2510
7086 2509
7087 2510
7088 2512
7089 2510
7090 2515
7091 2519
7092 2519
7093 2515
7094 2515
7095 2516
7096 2518
7097 2516
7098 2513
7099 2512
7100 2514
7101 2513
7102 2512
7103 2511
7104 2507
7105 2509
7106 2509
7107 2506
7108 2504
7109 2504
7110 2506
7111 2505
7112 2505
7113 2507
7114 2505
7115 2506
7116 2508
7117 2511
7118 2510
7119 2509
7120 2510
7121 2508
7122 2510
7123 2511
7124 2512
7125 2513
7126 2513
7127 2516
7128 2514
7129 2511
7130 2508
7131 2508
7132 2507
7133 2510
7134 2506
7135 2510
7136 2510
7137 2512
7138 2512
7139 2509
7140 2504
7141 2505
7142 2499
7143 2500
7144 2496
7145 2494
7146 2493
7147 2491
7148 2491
7149 2493
7150 2493
7151 2494
7152 2495
7153 2497
7154 2491
7155 2490
7156 2489
7157 2489
7158 2490
7159 2489
7160 2489
7161 2485
7162 2487
7163 2483
7164 2481
7165 2479
7166 2478
7167 2480
7168 2482
7169 2482
7170 2482
7171 2480
7172 2478
7173 2481
7174 2483
7175 2482
7176 2483
7177 2480
7178 2482
7179 2481
7180 2483
7181 2482
7182 2485
7183 2485
7184 2483
7185 2484
7186 2486
7187 2490
7188 2491
7189 2487
7190 2487
7191 2491
7192 2489
7193 2490
7194 2491
7195 2495
7196 2495
7197 2496
7198 2493
7199 2495
7200 2496
7201 2490
7202 2491
7203 2484
7204 2485
7205 2483
7206 2481
7207 2481
7208 2478
7209 2478
7210 2479
7211 2479
7212 2479
7213 2481
7214 2481
7215 2480
7216 2477
7217 2481
7218 2478
7219 2478
7220 2477
7221 2475
7222 2475
7223 2477
7224 2474
7225 2474
7226 2473
7227 2475
7228 2473
7229 2473
7230 2474
7231 2475
7232 2474
7233 2475
7234 2473
7235 2476
7236 2475
7237 2473
7238 2474
7239 2477
7240 2479
7241 2477
7242 2480
7243 2477
7244 2479
7245 2478
7246 2477
7247 2480
7248 2477
7249 2479
7250 2480
7251 2480
7252 2477
7253 2477
7254 2476
7255 2474
7256 2474
7257 2476
7258 2477
7259 2479
7260 2476
7261 2473
7262 2470
7263 2472
7264 2470
7265 2474
7266 2471
7267 2470
7268 2472
7269 2473
7270 2470
7271 2469
7272 2468
7273 2468
7274 2467
7275 2467
7276 2468
7277 2469
7278 2469
7279 2466
7280 2466
7281 2467
7282 2467
7283 2470
7284 2471
7285 2470
7286 2473
7287 2471
7288 2470
7289 2472
7290 2473
7291 2477
7292 2475
7293 2473
7294 2473
7295 2472
7296 2474
7297 2475
7298 2475
7299 2472
7300 2470
7301 2472
7302 2472
7303 2472
7304 2471
7305 2472
7306 2472
7307 2474
7308 2474
7309 2477
7310 2476
7311 2479
7312 2478
7313 2480
7314 2482
7315 2483
7316 2484
7317 2482
7318 2484
7319 2485
7320 2486
7321 2488
7322 2483
7323 2488
7324 2488
7325 2490
7326 2488
7327 2490
7328 2492
7329 2486
7330 2489
7331 2491
7332 2493
7333 2489
7334 2491
7335 2484
7336 2487
7337 2486
7338 2486
7339 2485
7340 2484
7341 2484
7342 2487
7343 2487
7344 2488
7345 2485
7346 2477
7347 2481
7348 2483
7349 2479
7350 2481
7351 2482
7352 2482
7353 2482
7354 2482
7355 2481
7356 2480
7357 2480
7358 2476
7359 2479
7360 2479
7361 2476
7362 2476
7363 2478
7364 2479
7365 2477
7366 2477
7367 2481
7368 2482
7369 2484
7370 2484
7371 2487
7372 2485
7373 2485
7374 2486
7375 2482
7376 2482
7377 2480
7378 2484
7379 2486
7380 2487
7381 2486
7382 2484
7383 2481
7384 2483
7385 2483
7386 2482
7387 2486
7388 2486
7389 2486
7390 2486
7391 2485
7392 2486
7393 2489
7394 2489
7395 2488
7396 2487
7397 2482
7398 2479
7399 2479
7400 2482
7401 2481
7402 2481
7403 2481
7404 2482
7405 2483
7406 2485
7407 2486
7408 2486
7409 2485
7410 2486
7411 2482
7412 2480
7413 2481
7414 2483
7415 2481
7416 2482
7417 2484
7418 2485
7419 2489
7420 2493
7421 2491
7422 2493
7423 2496
7424 2496
7425 2494
7426 2498
7427 2499
7428 2499
7429 2495
7430 2492
7431 2487
7432 2488
7433 2484
7434 2487
7435 2489
7436 2487
7437 2486
7438 2487
7439 2484
7440 2486
7441 2488
7442 2490
7443 2491
7444 2493
7445 2490
7446 2489
7447 2488
7448 2488
7449 2487
7450 2487
7451 2488
7452 2484
7453 2484
7454 2487
7455 2490
7456 2489
7457 2488
7458 2486
7459 2487
7460 2490
7461 2489
7462 2490
7463 2492
7464 2493
7465 2497
7466 2494
7467 2496
7468 2499
7469 2499
7470 2498
7471 2493
7472 2492
7473 2490
7474 2492
7475 2490
7476 2490
7477 2485
7478 2486
7479 2486
7480 2488
7481 2490
7482 2491
7483 2491
7484 2493
7485 2489
7486 2487
7487 2484
7488 2482
7489 2485
7490 2484
7491 2486
7492 2487
7493 2488
7494 2486
7495 2487
7496 2486
7497 2485
7498 2487
7499 2489
7500 2490
7501 2491
7502 2491
7503 2492
7504 2493
7505 2494
7506 2492
7507 2490
7508 2492
7509 2487
7510 2486
7511 2485
7512 2484
7513 2484
7514 2484
7515 2482
7516 2480
7517 2481
7518 2483
7519 2480
7520 2483
7521 2487
7522 2482
7523 2478
7524 2475
7525 2472
7526 2473
7527 2472
7528 2473
7529 2472
7530 2475
7531 2476
7532 2476
7533 2475
7534 2473
7535 2469
7536 2469
7537 2467
7538 2470
7539 2467
7540 2468
7541 2471
7542 2472
7543 2469
7544 2465
7545 2465
7546 2466
7547 2463
7548 2456
7549 2457
7550 2461
7551 2465
7552 2467
7553 2468
7554 2470
7555 2469
7556 2466
7557 2463
7558 2463
7559 2464
7560 2463
7561 2463
7562 2461
7563 2459
7564 2459
7565 2458
7566 2455
7567 2452
7568 2448
7569 2448
7570 2450
7571 2450
7572 2449
7573 2448
7574 2450
7575 2450
7576 2454
7577 2453
7578 2457
7579 2457
7580 2455
7581 2456
7582 2454
7583 2454
7584 2456
7585 2457
7586 2457
7587 2457
7588 2457
7589 2461
7590 2463
7591 2466
7592 2464
7593 2464
7594 2467
7595 2465
7596 2461
7597 2462
7598 2466
7599 2463
7600 2460
7601 2461
7602 2457
7603 2456
7604 2456
7605 2453
7606 2456
7607 2456
7608 2459
7609 2459
7610 2457
7611 2458
7612 2459
7613 2456
7614 2458
7615 2455
7616 2454
7617 2456
7618 2457
7619 2459
7620 2462
7621 2465
7622 2465
7623 2463
7624 2466
7625 2465
7626 2462
7627 2467
7628 2468
7629 2469
7630 2471
7631 2469
7632 2471
7633 2468
7634 2470
7635 2470
7636 2468
7637 2467
7638 2468
7639 2470
7640 2470
7641 2470
7642 2469
7643 2467
7644 2467
7645 2470
7646 2471
7647 2464
7648 2464
7649 2468
7650 2468
7651 2467
7652 2468
7653 2471
7654 2470
7655 2468
7656 2464
7657 2469
7658 2469
7659 2469
7660 2470
7661 2470
7662 2470
7663 2470
7664 2470
7665 2470
7666 2474
7667 2473
7668 2473
7669 2474
7670 2470
7671 2472
7672 2469
7673 2468
7674 2470
7675 2472
7676 2474
7677 2472
7678 2470
7679 2472
7680 2473
7681 2469
7682 2466
7683 2467
7684 2468
7685 2468
7686 2470
7687 2470
7688 2470
7689 2466
7690 2458
7691 2462
7692 2462
7693 2466
7694 2468
7695 2468
7696 2468
7697 2468
7698 2471
7699 2469
7700 2471
7701 2475
7702 2473
7703 2475
7704 2474
7705 2471
7706 2474
7707 2472
7708 2473
7709 2473
7710 2469
7711 2468
7712 2467
7713 2464
7714 2467
7715 2465
7716 2465
7717 2465
7718 2466
7719 2467
7720 2466
7721 2468
7722 2468
7723 2469
7724 2467
7725 2469
7726 2464
7727 2465
7728 2465
7729 2464
7730 2464
7731 2467
7732 2467
7733 2465
7734 2466
7735 2471
7736 2473
7737 2474
7738 2473
7739 2472
7740 2469
7741 2471
7742 2469
7743 2471
7744 2470
7745 2467
7746 2465
7747 2468
7748 2465
7749 2465
7750 2468
7751 2471
7752 2472
7753 2473
7754 2475
7755 2475
7756 2473
7757 2476
7758 2479
7759 2477
7760 2476
7761 2475
7762 2478
7763 2478
7764 2478
7765 2478
7766 2481
7767 2480
7768 2484
7769 2482
7770 2482
7771 2480
7772 2481
7773 2481
7774 2478
7775 2479
7776 2474
7777 2473
7778 2472
7779 2471
7780 2474
7781 2476
7782 2478
7783 2481
7784 2482
7785 2479
7786 2481
7787 2481
7788 2475
7789 2475
7790 2476
7791 2474
7792 2474
7793 2474
7794 2472
7795 2474
7796 2472
7797 2473
7798 2474
7799 2471
7800 2470
7801 2470
7802 2473
7803 2475
7804 2475
7805 2477
7806 2478
7807 2476
7808 2476
7809 2475
7810 2478
7811 2479
7812 2477
7813 2478
7814 2481
7815 2476
7816 2475
7817 2476
7818 2475
7819 2477
7820 2478
7821 2478
7822 2478
7823 2478
7824 2477
7825 2479
7826 2481
7827 2483
7828 2481
7829 2482
7830 2483
7831 2481
7832 2480
7833 2480
7834 2479
7835 2475
7836 2478
7837 2479
7838 2480
7839 2479
7840 2478
7841 2478
7842 2482
7843 2482
7844 2482
7845 2480
7846 2480
7847 2478
7848 2478
7849 2478
7850 2478
7851 2480
7852 2476
7853 2474
7854 2474
7855 2475
7856 2473
7857 2471
7858 2472
7859 2475
7860 2475
7861 2477
7862 2475
7863 2476
7864 2480
7865 2477
7866 2475
7867 2473
7868 2475
7869 2474
7870 2473
7871 2474
7872 2473
7873 2472
7874 2471
7875 2471
7876 2474
7877 2473
7878 2474
7879 2466
7880 2468
7881 2470
7882 2473
7883 2471
7884 2471
7885 2471
7886 2470
7887 2472
7888 2472
7889 2472
7890 2469
7891 2470
7892 2471
7893 2467
7894 2467
7895 2471
7896 2475
7897 2475
7898 2474
7899 2474
7900 2472
7901 2471
7902 2469
7903 2468
7904 2469
7905 2469
7906 2470
7907 2464
7908 2466
7909 2463
7910 2464
7911 2465
7912 2461
7913 2460
7914 2460
7915 2461
7916 2463
7917 2461
7918 2460
7919 2460
7920 2460
7921 2462
7922 2460
7923 2463
7924 2463
7925 2460
7926 2459
7927 2458
7928 2460
7929 2463
7930 2466
7931 2469
7932 2469
7933 2471
7934 2475
7935 2475
7936 2472
7937 2469
7938 2470
7939 2466
7940 2465
7941 2466
7942 2467
7943 2469
7944 2468
7945 2472
7946 2476
7947 2477
7948 2478
7949 2476
7950 2480
7951 2482
7952 2482
7953 2484
7954 2487
7955 2489
7956 2492
7957 2494
7958 2495
7959 2491
7960 2493
7961 2494
7962 2493
7963 2490
7964 2490
7965 2490
7966 2490
7967 2484
7968 2486
7969 2485
7970 2481
7971 2484
7972 2485
7973 2487
7974 2487
7975 2484
7976 2482
7977 2483
7978 2486
7979 2486
7980 2487
7981 2487
7982 2486
7983 2488
7984 2491
7985 2490
7986 2491
7987 2493
7988 2494
7989 2494
7990 2485
7991 2485
7992 2483
7993 2483
7994 2485
7995 2485
7996 2485
7997 2485
7998 2484
7999 2481
8000 2480
8001 2474
8002 2474
8003 2475
8004 2478
8005 2480
8006 2480
8007 2480
8008 2482
8009 2484
8010 2488
8011 2489
8012 2487
8013 2488
8014 2487
8015 2491
8016 2494
8017 2492
8018 2494
8019 2493
8020 2494
8021 2494
8022 2494
8023 2495
8024 2498
8025 2501
8026 2504
8027 2507
8028 2502
8029 2504
8030 2503
8031 2503
8032 2505
8033 2505
8034 2503
8035 2505
8036 2502
8037 2503
8038 2507
8039 2504
8040 2504
8041 2506
8042 2507
8043 2511
8044 2513
8045 2512
8046 2513
8047 2516
8048 2515
8049 2514
8050 2513
8051 2514
8052 2513
8053 2513
8054 2517
8055 2518
8056 2521
8057 2523
8058 2520
8059 2521
8060 2518
8061 2517
8062 2516
8063 2515
8064 2514
8065 2514
8066 2515
8067 2518
8068 2520
8069 2520
8070 2518
8071 2520
8072 2521
8073 2521
8074 2518
8075 2519
8076 2519
8077 2520
8078 2523
8079 2522
8080 2523
8081 2526
8082 2528
8083 2528
8084 2530
8085 2528
8086 2529
8087 2527
8088 2526
8089 2527
8090 2526
8091 2525
8092 2523
8093 2523
8094 2526
8095 2529
8096 2532
8097 2527
8098 2526
8099 2527
8100 2529
8101 2532
8102 2531
8103 2534
8104 2533
8105 2534
8106 2533
8107 2536
8108 2535
8109 2530
8110 2530
8111 2529
8112 2526
8113 2526
8114 2521
8115 2519
8116 2523
8117 2525
8118 2526
8119 2526
8120 2527
8121 2527
8122 2525
8123 2526
8124 2529
8125 2530
8126 2532
8127 2531
8128 2533
8129 2537
8130 2535
8131 2536
8132 2538
8133 2538
8134 2542
8135 2545
8136 2545
8137 2546
8138 2546
8139 2547
8140 2545
8141 2549
8142 2549
8143 2548
8144 2545
8145 2544
8146 2543
8147 2544
8148 2545
8149 2546
8150 2547
8151 2545
8152 2543
8153 2544
8154 2544
8155 2544
8156 2545
8157 2543
8158 2537
8159 2536
8160 2536
8161 2535
8162 2538
8163 2536
8164 2535
8165 2532
8166 2534
8167 2533
8168 2527
8169 2529
8170 2528
8171 2530
8172 2532
8173 2533
8174 2535
8175 2538
8176 2538
8177 2535
8178 2528
8179 2530
8180 2530
8181 2531
8182 2531
8183 2528
8184 2528
8185 2528
8186 2524
8187 2527
8188 2521
8189 2518
8190 2520
8191 2519
8192 2518
8193 2521
8194 2522
8195 2520
8196 2520
8197 2523
8198 2521
8199 2520
8200 2521
8201 2517
8202 2513
8203 2511
8204 2513
8205 2513
8206 2515
8207 2508
8208 2505
8209 2505
8210 2507
8211 2507
8212 2509
8213 2510
8214 2508
8215 2508
8216 2511
8217 2507
8218 2511
8219 2515
8220 2514
8221 2512
8222 2510
8223 2512
8224 2514
8225 2508
8226 2506
8227 2505
8228 2503
8229 2505
8230 2508
8231 2505
8232 2501
8233 2503
8234 2502
8235 2499
8236 2503
8237 2501
8238 2499
8239 2501
8240 2500
8241 2498
8242 2492
8243 2497
8244 2497
8245 2495
8246 2496
8247 2493
8248 2488
8249 2491
8250 2491
8251 2489
8252 2484
8253 2483
8254 2481
8255 2479
8256 2479
8257 2481
8258 2482
8259 2480
8260 2479
8261 2474
8262 2472
8263 2473
8264 2475
8265 2477
8266 2479
8267 2481
8268 2480
8269 2479
8270 2482
8271 2484
8272 2485
8273 2481
8274 2480
8275 2484
8276 2484
8277 2482
8278 2480
8279 2476
8280 2476
8281 2473
8282 2471
8283 2473
8284 2477
8285 2475
8286 2475
8287 2476
8288 2474
8289 2477
8290 2475
8291 2477
8292 2477
8293 2474
8294 2477
8295 2475
8296 2474
8297 2475
8298 2478
8299 2480
8300 2477
8301 2478
8302 2474
8303 2474
8304 2473
8305 2474
8306 2477
8307 2477
8308 2481
8309 2475
8310 2476
8311 2477
8312 2478
8313 2476
8314 2478
8315 2479
8316 2479
8317 2480
8318 2478
8319 2476
8320 2479
8321 2476
8322 2474
8323 2469
8324 2470
8325 2470
8326 2473
8327 2473
8328 2470
8329 2469
8330 2469
8331 2470
8332 2473
8333 2472
8334 2473
8335 2474
8336 2470
8337 2472
8338 2472
8339 2470
8340 2472
8341 2473
8342 2474
8343 2473
8344 2476
8345 2472
8346 2476
8347 2479
8348 2482
8349 2481
8350 2481
8351 2484
8352 2487
8353 2491
8354 2495
8355 2492
8356 2491
8357 2489
8358 2487
8359 2486
8360 2484
8361 2481
8362 2483
8363 2485
8364 2485
8365 2485
8366 2484
8367 2485
8368 2486
8369 2488
8370 2490
8371 2491
8372 2494
8373 2492
8374 2493
8375 2491
8376 2495
8377 2495
8378 2495
8379 2496
8380 2495
8381 2493
8382 2496
8383 2493
8384 2491
8385 2490
8386 2492
8387 2486
8388 2488
8389 2487
8390 2485
8391 2481
8392 2483
8393 2482
8394 2484
8395 2481
8396 2484
8397 2484
8398 2484
8399 2480
8400 2479
8401 2478
8402 2478
8403 2480
8404 2480
8405 2477
8406 2476
8407 2474
8408 2471
8409 2469
8410 2466
8411 2469
8412 2470
8413 2468
8414 2469
8415 2471
8416 2473
8417 2470
8418 2468
8419 2470
8420 2469
8421 2467
8422 2470
8423 2469
8424 2472
8425 2469
8426 2472
8427 2475
8428 2475
8429 2476
8430 2477
8431 2477
8432 2477
8433 2479
8434 2480
8435 2483
8436 2479
8437 2477
8438 2477
8439 2475
8440 2473
8441 2474
8442 2478
8443 2474
8444 2471
8445 2472
8446 2472
8447 2474
8448 2472
8449 2473
8450 2475
8451 2476
8452 2475
8453 2477
8454 2471
8455 2473
8456 2471
8457 2473
8458 2474
8459 2473
8460 2475
8461 2476
8462 2476
8463 2476
8464 2476
8465 2474
8466 2474
8467 2471
8468 2469
8469 2473
8470 2475
8471 2476
8472 2477
8473 2482
8474 2480
8475 2480
8476 2476
8477 2477
8478 2480
8479 2480
8480 2483
8481 2483
8482 2485
8483 2483
8484 2480
8485 2479
8486 2480
8487 2476
8488 2478
8489 2478
8490 2479
8491 2475
8492 2469
8493 2467
8494 2467
8495 2464
8496 2465
8497 2464
8498 2464
8499 2458
8500 2460
8501 2460
8502 2462
8503 2459
8504 2459
8505 2460
8506 2461
8507 2460
8508 2462
8509 2462
8510 2459
8511 2454
8512 2455
8513 2455
8514 2452
8515 2451
8516 2450
8517 2450
8518 2449
8519 2453
8520 2453
8521 2452
8522 2451
8523 2451
8524 2447
8525 2448
8526 2448
8527 2448
8528 2445
8529 2447
8530 2447
8531 2448
8532 2451
8533 2452
8534 2452
8535 2448
8536 2451
8537 2449
8538 2450
8539 2449
8540 2447
8541 2444
8542 2441
8543 2437
8544 2440
8545 2440
8546 2440
8547 2442
8548 2443
8549 2442
8550 2442
8551 2442
8552 2443
8553 2445
8554 2447
8555 2448
8556 2448
8557 2445
8558 2448
8559 2448
8560 2449
8561 2451
8562 2453
8563 2450
8564 2454
8565 2452
8566 2451
8567 2449
8568 2448
8569 2449
8570 2450
8571 2446
8572 2447
8573 2446
8574 2448
8575 2447
8576 2445
8577 2443
8578 2442
8579 2440
8580 2441
8581 2440
8582 2441
8583 2442
8584 2443
8585 2443
8586 2443
8587 2444
8588 2443
8589 2443
8590 2441
8591 2439
8592 2437
8593 2433
8594 2432
8595 2432
8596 2432
8597 2431
8598 2435
8599 2438
8600 2439
8601 2441
8602 2441
8603 2438
8604 2439
8605 2441
8606 2439
8607 2438
8608 2438
8609 2440
8610 2440
8611 2440
8612 2439
8613 2441
8614 2440
8615 2439
8616 2439
8617 2443
8618 2443
8619 2443
8620 2441
8621 2442
8622 2443
8623 2442
8624 2443
8625 2443
8626 2445
8627 2443
8628 2443
8629 2441
8630 2443
8631 2444
8632 2441
8633 2439
8634 2438
8635 2434
8636 2437
8637 2437
8638 2437
8639 2433
8640 2438
8641 2440
8642 2437
8643 2435
8644 2438
8645 2434
8646 2437
8647 2432
8648 2434
8649 2431
8650 2434
8651 2434
8652 2434
8653 2434
8654 2435
8655 2433
8656 2435
8657 2431
8658 2431
8659 2431
8660 2434
8661 2438
8662 2434
8663 2436
8664 2436
8665 2431
8666 2430
8667 2430
8668 2425
8669 2424
8670 2425
8671 2426
8672 2429
8673 2428
8674 2427
8675 2423
8676 2425
8677 2425
8678 2423
8679 2424
8680 2425
8681 2424
8682 2428
8683 2427
8684 2432
8685 2435
8686 2434
8687 2435
8688 2434
8689 2435
8690 2437
8691 2435
8692 2438
8693 2439
8694 2434
8695 2434
8696 2436
8697 2436
8698 2436
8699 2437
8700 2436
8701 2436
8702 2433
8703 2434
8704 2433
8705 2433
8706 2431
8707 2434
8708 2431
8709 2426
8710 2428
8711 2429
8712 2431
8713 2429
8714 2429
8715 2428
8716 2427
8717 2430
8718 2431
8719 2430
8720 2430
8721 2432
8722 2433
8723 2434
8724 2436
8725 2437
8726 2437
8727 2440
8728 2442
8729 2441
8730 2442
8731 2441
8732 2440
8733 2438
8734 2437
8735 2435
8736 2432
8737 2433
8738 2434
8739 2432
8740 2431
8741 2434
8742 2428
8743 2430
8744 2430
8745 2429
8746 2431
8747 2432
8748 2429
8749 2429
8750 2431
8751 2430
8752 2433
8753 2435
8754 2433
8755 2434
8756 2437
8757 2438
8758 2439
8759 2440
8760 2442
8761 2444
8762 2444
8763 2445
8764 2445
8765 2445
8766 2449
8767 2447
8768 2446
8769 2443
8770 2443
8771 2446
8772 2446
8773 2447
8774 2448
8775 2451
8776 2450
8777 2448
8778 2443
8779 2443
8780 2447
8781 2443
8782 2445
8783 2446
8784 2449
8785 2448
8786 2450
8787 2450
8788 2452
8789 2450
8790 2446
8791 2450
8792 2451
8793 2451
8794 2452
8795 2454
8796 2453
8797 2455
8798 2452
8799 2451
8800 2449
8801 2449
8802 2450
8803 2446
8804 2446
8805 2446
8806 2446
8807 2447
8808 2447
8809 2450
8810 2449
8811 2450
8812 2449
8813 2451
8814 2449
8815 2446
8816 2445
8817 2449
8818 2451
8819 2453
8820 2453
8821 2451
8822 2451
8823 2453
8824 2450
8825 2447
8826 2448
8827 2449
8828 2447
8829 2447
8830 2449
8831 2450
8832 2450
8833 2451
8834 2453
8835 2455
8836 2458
8837 2454
8838 2450
8839 2452
8840 2453
8841 2451
8842 2455
8843 2453
8844 2451
8845 2454
8846 2452
8847 2451
8848 2452
8849 2451
8850 2452
8851 2453
8852 2453
8853 2454
8854 2455
8855 2453
8856 2454
8857 2456
8858 2456
8859 2456
8860 2457
8861 2457
8862 2453
8863 2453
8864 2452
8865 2454
8866 2454
8867 2453
8868 2457
8869 2455
8870 2452
8871 2450
8872 2450
8873 2446
8874 2447
8875 2450
8876 2446
8877 2445
8878 2444
8879 2444
8880 2446
8881 2444
8882 2445
8883 2445
8884 2441
8885 2443
8886 2443
8887 2442
8888 2437
8889 2439
8890 2437
8891 2439
8892 2438
8893 2439
8894 2440
8895 2444
8896 2441
8897 2436
8898 2438
8899 2439
8900 2440
8901 2440
8902 2438
8903 2440
8904 2442
8905 2443
8906 2443
8907 2444
8908 2441
8909 2440
8910 2440
8911 2440
8912 2441
8913 2443
8914 2445
8915 2443
8916 2447
8917 2444
8918 2446
8919 2446
8920 2446
8921 2446
8922 2446
8923 2448
8924 2446
8925 2449
8926 2452
8927 2452
8928 2453
8929 2455
8930 2456
8931 2460
8932 2458
8933 2452
8934 2454
8935 2454
8936 2453
8937 2452
8938 2451
8939 2450
8940 2447
8941 2449
8942 2447
8943 2448
8944 2448
8945 2451
8946 2453
8947 2454
8948 2454
8949 2457
8950 2455
8951 2459
8952 2458
8953 2454
8954 2453
8955 2450
8956 2450
8957 2452
8958 2451
8959 2449
8960 2451
8961 2454
8962 2457
8963 2459
8964 2462
8965 2464
8966 2465
8967 2468
8968 2469
8969 2470
8970 2470
8971 2472
8972 2475
8973 2475
8974 2474
8975 2473
8976 2473
8977 2477
8978 2477
8979 2476
8980 2476
8981 2475
8982 2477
8983 2476
8984 2474
8985 2475
8986 2479
8987 2473
8988 2476
8989 2477
8990 2480
8991 2484
8992 2483
8993 2482
8994 2483
8995 2485
8996 2486
8997 2485
8998 2486
8999 2486
9000 2485
9001 2485
9002 2481
9003 2483
9004 2486
9005 2486
9006 2484
9007 2487
9008 2484
9009 2489
9010 2487
9011 2489
9012 2489
9013 2490
9014 2493
9015 2492
9016 2487
9017 2482
9018 2482
9019 2481
9020 2480
9021 2480
9022 2484
9023 2485
9024 2483
9025 2479
9026 2478
9027 2475
9028 2476
9029 2475
9030 2476
9031 2475
9032 2470
9033 2471
9034 2471
9035 2474
9036 2477
9037 2480
9038 2478
9039 2470
9040 2468
9041 2471
9042 2473
9043 2474
9044 2473
9045 2471
9046 2471
9047 2474
9048 2473
9049 2475
9050 2475
9051 2473
9052 2476
9053 2475
9054 2477
9055 2478
9056 2481
9057 2484
9058 2487
9059 2487
9060 2484
9061 2487
9062 2488
9063 2488
9064 2486
9065 2485
9066 2487
9067 2489
9068 2489
9069 2490
9070 2493
9071 2490
9072 2493
9073 2495
9074 2493
9075 2495
9076 2496
9077 2498
9078 2497
9079 2499
9080 2502
9081 2502
9082 2499
9083 2501
9084 2500
9085 2500
9086 2504
9087 2503
9088 2504
9089 2502
9090 2504
9091 2504
9092 2501
9093 2502
9094 2502
9095 2505
9096 2507
9097 2502
9098 2504
9099 2503
9100 2507
9101 2511
9102 2511
9103 2512
9104 2513
9105 2513
9106 2514
9107 2516
9108 2517
9109 2515
9110 2516
9111 2519
9112 2518
9113 2520
9114 2521
9115 2523
9116 2523
9117 2527
9118 2522
9119 2524
9120 2522
9121 2521
9122 2520
9123 2520
9124 2523
9125 2520
9126 2516
9127 2511
9128 2509
9129 2510
9130 2505
9131 2502
9132 2497
9133 2497
9134 2497
9135 2494
9136 2496
9137 2499
9138 2497
9139 2500
9140 2502
9141 2498
9142 2496
9143 2497
9144 2498
9145 2498
9146 2495
9147 2498
9148 2499
9149 2499
9150 2499
9151 2499
9152 2498
9153 2495
9154 2496
9155 2493
9156 2489
9157 2488
9158 2488
9159 2490
9160 2493
9161 2494
9162 2494
9163 2496
9164 2493
9165 2493
9166 2494
9167 2497
9168 2500
9169 2500
9170 2496
9171 2493
9172 2492
9173 2494
9174 2495
9175 2496
9176 2493
9177 2495
9178 2497
9179 2495
9180 2493
9181 2494
9182 2495
9183 2491
9184 2491
9185 2490
9186 2492
9187 2493
9188 2493
9189 2496
9190 2495
9191 2491
9192 2493
9193 2492
9194 2490
9195 2495
9196 2498
9197 2499
9198 2500
9199 2498
9200 2498
9201 2497
9202 2496
9203 2498
9204 2498
9205 2497
9206 2494
9207 2491
9208 2492
9209 2495
9210 2498
9211 2496
9212 2497
9213 2499
9214 2496
9215 2498
9216 2496
9217 2493
9218 2493
9219 2491
9220 2494
9221 2489
9222 2489
9223 2492
9224 2492
9225 2492
9226 2491
9227 2495
9228 2495
9229 2497
9230 2499
9231 2500
9232 2500
9233 2498
9234 2497
9235 2491
9236 2494
9237 2492
9238 2491
9239 2488
9240 2489
9241 2489
9242 2489
9243 2489
9244 2491
9245 2494
9246 2497
9247 2498
9248 2498
9249 2497
9250 2497
9251 2498
9252 2496
9253 2495
9254 2493
9255 2495
9256 2497
9257 2499
9258 2499
9259 2496
9260 2493
9261 2494
9262 2493
9263 2491
9264 2491
9265 2489
9266 2490
9267 2489
9268 2484
9269 2486
9270 2488
9271 2486
9272 2487
9273 2486
9274 2487
9275 2489
9276 2492
9277 2492
9278 2490
9279 2486
9280 2485
9281 2487
9282 2487
9283 2489
9284 2488
9285 2488
9286 2486
9287 2487
9288 2487
9289 2485
9290 2481
9291 2484
9292 2483
9293 2483
9294 2483
9295 2483
9296 2480
9297 2482
9298 2479
9299 2481
9300 2478
9301 2477
9302 2477
9303 2479
9304 2478
9305 2481
9306 2480
9307 2481
9308 2479
9309 2480
9310 2480
9311 2481
9312 2480
9313 2479
9314 2478
9315 2476
9316 2477
9317 2478
9318 2479
9319 2479
9320 2480
9321 2483
9322 2481
9323 2479
9324 2480
9325 2481
9326 2483
9327 2485
9328 2487
9329 2487
9330 2484
9331 2483
9332 2484
9333 2480
9334 2483
9335 2478
9336 2479
9337 2479
9338 2481
9339 2482
9340 2480
9341 2483
9342 2484
9343 2485
9344 2487
9345 2487
9346 2485
9347 2485
9348 2489
9349 2493
9350 2493
9351 2494
9352 2492
9353 2490
9354 2488
9355 2487
9356 2489
9357 2491
9358 2491
9359 2494
9360 2496
9361 2495
9362 2492
9363 2494
9364 2492
9365 2493
9366 2491
9367 2492
9368 2488
9369 2489
9370 2489
9371 2488
9372 2490
9373 2490
9374 2489
9375 2489
9376 2488
9377 2481
9378 2478
9379 2475
9380 2475
9381 2475
9382 2473
9383 2467
9384 2470
9385 2472
9386 2473
9387 2468
9388 2471
9389 2473
9390 2473
9391 2470
9392 2474
9393 2473
9394 2471
9395 2469
9396 2469
9397 2472
9398 2475
9399 2470
9400 2475
9401 2474
9402 2479
9403 2480
9404 2481
9405 2481
9406 2481
9407 2481
9408 2477
9409 2480
9410 2480
9411 2478
9412 2480
9413 2478
9414 2479
9415 2479
9416 2481
9417 2481
9418 2481
9419 2482
9420 2479
9421 2479
9422 2481
9423 2482
9424 2485
9425 2484
9426 2486
9427 2487
9428 2486
9429 2488
9430 2490
9431 2486
9432 2489
9433 2488
9434 2484
9435 2487
9436 2487
9437 2484
9438 2486
9439 2486
9440 2489
9441 2491
9442 2491
9443 2493
9444 2496
9445 2495
9446 2495
9447 2498
9448 2494
9449 2491
9450 2494
9451 2494
9452 2495
9453 2493
9454 2494
9455 2495
9456 2496
9457 2500
9458 2502
9459 2500
9460 2502
9461 2502
9462 2501
9463 2501
9464 2502
9465 2503
9466 2503
9467 2502
9468 2503
9469 2508
9470 2508
9471 2504
9472 2505
9473 2504
9474 2504
9475 2505
9476 2506
9477 2503
9478 2501
9479 2496
9480 2490
9481 2487
9482 2488
9483 2485
9484 2485
9485 2484
9486 2483
9487 2486
9488 2484
9489 2484
9490 2478
9491 2478
9492 2479
9493 2479
9494 2480
9495 2481
9496 2479
9497 2477
9498 2477
9499 2474
9500 2475
9501 2473
9502 2475
9503 2474
9504 2475
9505 2476
9506 2478
9507 2477
9508 2479
9509 2480
9510 2477
9511 2475
9512 2471
9513 2469
9514 2470
9515 2471
9516 2468
9517 2470
9518 2465
9519 2465
9520 2468
9521 2465
9522 2466
9523 2467
9524 2471
9525 2468
9526 2466
9527 2464
9528 2465
9529 2467
9530 2459
9531 2459
9532 2460
9533 2463
9534 2462
9535 2462
9536 2460
9537 2459
9538 2459
9539 2456
9540 2458
9541 2459
9542 2455
9543 2454
9544 2454
9545 2452
9546 2450
9547 2449
9548 2447
9549 2446
9550 2444
9551 2443
9552 2445
9553 2443
9554 2441
9555 2445
9556 2447
9557 2446
9558 2447
9559 2439
9560 2441
9561 2436
9562 2436
9563 2434
9564 2432
9565 2430
9566 2432
9567 2436
9568 2437
9569 2438
9570 2439
9571 2440
9572 2443
9573 2442
9574 2440
9575 2443
9576 2447
9577 2444
9578 2447
9579 2448
9580 2451
9581 2453
9582 2450
9583 2451
9584 2453
9585 2448
9586 2448
9587 2451
9588 2447
9589 2451
9590 2450
9591 2450
9592 2449
9593 2453
9594 2450
9595 2450
9596 2451
9597 2452
9598 2453
9599 2455
9600 2453
9601 2449
9602 2450
9603 2447
9604 2447
9605 2446
9606 2451
9607 2447
9608 2447
9609 2445
9610 2443
9611 2441
9612 2443
9613 2444
9614 2445
9615 2445
9616 2445
9617 2442
9618 2443
9619 2447
9620 2449
9621 2448
9622 2451
9623 2451
9624 2452
9625 2453
9626 2455
9627 2458
9628 2463
9629 2461
9630 2460
9631 2459
9632 2459
9633 2459
9634 2461
9635 2461
9636 2462
9637 2462
9638 2463
9639 2465
9640 2468
9641 2465
9642 2460
9643 2461
9644 2459
9645 2459
9646 2459
9647 2459
9648 2455
9649 2453
9650 2449
9651 2446
9652 2447
9653 2443
9654 2445
9655 2447
9656 2446
9657 2446
9658 2442
9659 2442
9660 2441
9661 2444
9662 2442
9663 2442
9664 2441
9665 2439
9666 2439
9667 2440
9668 2442
9669 2445
9670 2445
9671 2445
9672 2444
9673 2441
9674 2443
9675 2443
9676 2445
9677 2445
9678 2441
9679 2443
9680 2446
9681 2448
9682 2453
9683 2453
9684 2455
9685 2455
9686 2458
9687 2459
9688 2456
9689 2451
9690 2450
9691 2452
9692 2455
9693 2454
9694 2454
9695 2455
9696 2455
9697 2457
9698 2460
9699 2458
9700 2458
9701 2460
9702 2458
9703 2456
9704 2457
9705 2459
9706 2459
9707 2458
9708 2460
9709 2460
9710 2458
9711 2458
9712 2460
9713 2458
9714 2458
9715 2459
9716 2462
9717 2464
9718 2464
9719 2462
9720 2462
9721 2460
9722 2464
9723 2465
9724 2464
9725 2466
9726 2466
9727 2469
9728 2472
9729 2476
9730 2478
9731 2479
9732 2478
9733 2475
9734 2473
9735 2473
9736 2475
9737 2476
9738 2476
9739 2476
9740 2477
9741 2480
9742 2481
9743 2481
9744 2478
9745 2478
9746 2477
9747 2476
9748 2477
9749 2477
9750 2476
9751 2477
9752 2472
9753 2472
9754 2474
9755 2472
9756 2472
9757 2471
9758 2471
9759 2472
9760 2475
9761 2472
9762 2475
9763 2478
9764 2479
9765 2481
9766 2480
9767 2479
9768 2478
9769 2481
9770 2482
9771 2481
9772 2478
9773 2482
9774 2485
9775 2486
9776 2484
9777 2484
9778 2485
9779 2483
9780 2487
9781 2488
9782 2485
9783 2487
9784 2478
9785 2481
9786 2480
9787 2479
9788 2478
9789 2480
9790 2477
9791 2478
9792 2479
9793 2482
9794 2483
9795 2485
9796 2478
9797 2480
9798 2479
9799 2482
9800 2480
9801 2482
9802 2483
9803 2483
9804 2482
9805 2480
9806 2478
9807 2479
9808 2481
9809 2483
9810 2484
9811 2481
9812 2476
9813 2476
9814 2470
9815 2469
9816 2470
9817 2469
9818 2468
9819 2468
9820 2471
9821 2468
9822 2467
9823 2465
9824 2465
9825 2466
9826 2463
9827 2465
9828 2465
9829 2465
9830 2462
9831 2464
9832 2464
9833 2468
9834 2469
9835 2469
9836 2472
9837 2473
9838 2471
9839 2472
9840 2474
9841 2476
9842 2478
9843 2480
9844 2482
9845 2483
9846 2485
9847 2486
9848 2488
9849 2490
9850 2493
9851 2493
9852 2493
9853 2493
9854 2494
9855 2492
9856 2493
9857 2491
9858 2492
9859 2495
9860 2497
9861 2495
9862 2496
9863 2493
9864 2494
9865 2494
9866 2497
9867 2499
9868 2501
9869 2503
9870 2499
9871 2498
9872 2500
9873 2501
9874 2499
9875 2496
9876 2497
9877 2497
9878 2500
9879 2498
9880 2496
9881 2493
9882 2493
9883 2494
9884 2497
9885 2495
9886 2495
9887 2492
9888 2493
9889 2494
9890 2494
9891 2495
9892 2495
9893 2496
9894 2496
9895 2498
9896 2497
9897 2499
9898 2502
9899 2506
9900 2507
9901 2510
9902 2508
9903 2506
9904 2505
9905 2505
9906 2507
9907 2506
9908 2506
9909 2507
9910 2509
9911 2507
9912 2509
9913 2507
9914 2506
9915 2505
9916 2501
9917 2502
9918 2500
9919 2499
9920 2498
9921 2495
9922 2497
9923 2490
9924 2487
9925 2489
9926 2492
9927 2494
9928 2496
9929 2493
9930 2493
9931 2491
9932 2492
9933 2496
9934 2497
9935 2497
9936 2500
9937 2500
9938 2503
9939 2506
9940 2508
9941 2507
9942 2510
9943 2508
9944 2508
9945 2509
9946 2508
9947 2508
9948 2508
9949 2507
9950 2510
9951 2505
9952 2505
9953 2503
9954 2504
9955 2507
9956 2509
9957 2513
9958 2513
9959 2512
9960 2508
9961 2512
9962 2515
9963 2518
9964 2517
9965 2519
9966 2522
9967 2525
9968 2524
9969 2528
9970 2531
9971 2531
9972 2533
9973 2531
9974 2532
9975 2530
9976 2528
9977 2527
9978 2525
9979 2525
9980 2528
9981 2529
9982 2528
9983 2528
9984 2532
9985 2529
9986 2528
9987 2530
9988 2527
9989 2525
9990 2528
9991 2527
9992 2526
9993 2525
9994 2522
9995 2521
9996 2521
9997 2516
9998 2516
9999 2517
