0 10
1 20
2 30
3 40
4 50
5 60
6 70
7 80
8 90
9 100
10 110
11 120
12 130
13 140
14 150
15 160
16 170
17 180
18 190
19 200
20 210
21 220
22 230
23 240
24 250
25 260
26 270
27 280
28 290
29 300
30 310
31 320
32 330
33 340
34 350
35 360
36 370
37 380
38 390
39 400
40 410
41 420
42 430
43 440
44 450
45 460
46 470
47 480
48 490
49 500
50 510
51 520
52 530
53 540
54 550
55 560
56 570
57 580
58 590
59 600
60 610
61 620
62 630
63 640
64 650
65 660
66 670
67 680
68 689
69 699
70 709
71 719
72 729
73 739
74 749
75 759
76 769
77 778
78 788
79 798
80 808
81 818
82 828
83 838
84 848
85 858
86 868
87 878
88 888
89 898
90 908
91 918
92 928
93 937
94 947
95 957
96 967
97 976
98 986
99 996
100 1006
101 1014
102 1024
103 1034
104 1044
105 1054
106 1063
107 1073
108 1083
109 1090
110 1100
111 1110
112 1120
113 1130
114 1139
115 1149
116 1159
117 1169
118 1179
119 1189
120 1198
121 1208
122 1218
123 1228
124 1238
125 1248
126 1258
127 1268
128 1278
129 1288
130 1298
131 1308
132 1317
133 1327
134 1336
135 1346
136 1354
137 1363
138 1373
139 1383
140 1393
141 1402
142 1412
143 1422
144 1432
145 1442
146 1452
147 1462
148 1471
149 1481
150 1491
151 1499
152 1509
153 1517
154 1527
155 1537
156 1547
157 1557
158 1567
159 1577
160 1587
161 1596
162 1606
163 1616
164 1625
165 1635
166 1645
167 1655
168 1664
169 1674
170 1684
171 1692
172 1702
173 1712
174 1722
175 1732
176 1742
177 1751
178 1760
179 1768
180 1777
181 1786
182 1796
183 1806
184 1814
185 1824
186 1833
187 1843
188 1853
189 1861
190 1870
191 1877
192 1884
193 1892
194 1902
195 1911
196 1920
197 1930
198 1940
199 1949
200 1959
201 1968
202 1978
203 1987
204 1995
205 2005
206 2015
207 2025
208 2034
209 2042
210 2052
211 2061
212 2069
213 2079
214 2088
215 2097
216 2107
217 2117
218 2127
219 2137
220 2145
221 2154
222 2164
223 2173
224 2180
225 2190
226 2199
227 2208
228 2217
229 2226
230 2235
231 2245
232 2255
233 2265
234 2272
235 2282
236 2291
237 2299
238 2308
239 2317
240 2326
241 2333
242 2343
243 2348
244 2357
245 2367
246 2377
247 2386
248 2393
249 2402
250 2411
251 2420
252 2430
253 2440
254 2449
255 2457
256 2467
257 2477
258 2485
259 2495
260 2505
261 2513
262 2521
263 2528
264 2538
265 2545
266 2555
267 2560
268 2567
269 2576
270 2585
271 2593
272 2603
273 2610
274 2615
275 2625
276 2632
277 2640
278 2650
279 2659
280 2668
281 2677
282 2686
283 2691
284 2699
285 2707
286 2716
287 2725
288 2735
289 2744
290 2752
291 2760
292 2768
293 2777
294 2786
295 2791
296 2799
297 2809
298 2817
299 2827
300 2836
301 2844
302 2853
303 2863
304 2872
305 2878
306 2887
307 2896
308 2904
309 2912
310 2922
311 2930
312 2940
313 2950
314 2957
315 2965
316 2974
317 2983
318 2992
319 3002
320 3010
321 3017
322 3024
323 3034
324 3042
325 3049
326 3057
327 3065
328 3071
329 3080
330 3088
331 3095
332 3103
333 3112
334 3121
335 3131
336 3139
337 3148
338 3153
339 3162
340 3171
341 3181
342 3190
343 3199
344 3207
345 3217
346 3225
347 3233
348 3240
349 3249
350 3257
351 3264
352 3272
353 3281
354 3288
355 3297
356 3303
357 3309
358 3319
359 3327
360 3336
361 3346
362 3356
363 3366
364 3375
365 3380
366 3386
367 3396
368 3404
369 3413
370 3420
371 3429
372 3437
373 3447
374 3456
375 3466
376 3474
377 3483
378 3490
379 3498
380 3506
381 3512
382 3520
383 3530
384 3539
385 3549
386 3556
387 3561
388 3570
389 3576
390 3585
391 3592
392 3598
393 3607
394 3612
395 3619
396 3628
397 3637
398 3642
399 3649
400 3656
401 3664
402 3671
403 3681
404 3688
405 3697
406 3705
407 3713
408 3721
409 3727
410 3735
411 3743
412 3752
413 3759
414 3765
415 3773
416 3781
417 3790
418 3799
419 3806
420 3815
421 3823
422 3833
423 3840
424 3847
425 3855
426 3864
427 3871
428 3877
429 3885
430 3892
431 3900
432 3908
433 3916
434 3924
435 3933
436 3942
437 3951
438 3955
439 3963
440 3969
441 3978
442 3986
443 3990
444 3998
445 4005
446 4012
447 4019
448 4029
449 4037
450 4044
451 4054
452 4064
453 4071
454 4081
455 4090
456 4097
457 4103
458 4110
459 4117
460 4125
461 4133
462 4140
463 4143
464 4150
465 4159
466 4167
467 4176
468 4182
469 4191
470 4194
471 4201
472 4207
473 4214
474 4219
475 4227
476 4233
477 4241
478 4246
479 4255
480 4261
481 4270
482 4280
483 4289
484 4295
485 4301
486 4306
487 4310
488 4318
489 4324
490 4330
491 4339
492 4347
493 4355
494 4359
495 4365
496 4372
497 4378
498 4382
499 4388
500 4394
501 4403
502 4410
503 4417
504 4424
505 4428
506 4432
507 4436
508 4440
509 4446
510 4453
511 4462
512 4466
513 4471
514 4476
515 4482
516 4491
517 4492
518 4498
519 4503
520 4507
521 4516
522 4523
523 4529
524 4535
525 4543
526 4552
527 4557
528 4563
529 4569
530 4577
531 4584
532 4592
533 4600
534 4607
535 4614
536 4617
537 4622
538 4627
539 4637
540 4642
541 4649
542 4658
543 4664
544 4669
545 4678
546 4685
547 4692
548 4702
549 4709
550 4715
551 4721
552 4729
553 4735
554 4745
555 4752
556 4758
557 4764
558 4768
559 4774
560 4779
561 4784
562 4790
563 4800
564 4803
565 4807
566 4810
567 4815
568 4818
569 4823
570 4828
571 4831
572 4841
573 4847
574 4856
575 4863
576 4869
577 4877
578 4885
579 4890
580 4895
581 4904
582 4909
583 4909
584 4914
585 4922
586 4928
587 4936
588 4945
589 4952
590 4955
591 4958
592 4962
593 4966
594 4971
595 4976
596 4981
597 4987
598 4991
599 4999
600 5003
601 5011
602 5017
603 5025
604 5029
605 5039
606 5043
607 5046
608 5052
609 5056
610 5062
611 5068
612 5077
613 5084
614 5089
615 5097
616 5104
617 5108
618 5116
619 5120
620 5126
621 5136
622 5139
623 5146
624 5152
625 5159
626 5167
627 5172
628 5178
629 5187
630 5192
631 5197
632 5205
633 5210
634 5215
635 5224
636 5231
637 5234
638 5243
639 5247
640 5251
641 5258
642 5262
643 5270
644 5277
645 5285
646 5293
647 5298
648 5305
649 5309
650 5313
651 5320
652 5323
653 5326
654 5332
655 5333
656 5341
657 5349
658 5355
659 5362
660 5367
661 5372
662 5380
663 5386
664 5391
665 5397
666 5404
667 5408
668 5411
669 5419
670 5423
671 5431
672 5438
673 5444
674 5449
675 5457
676 5464
677 5469
678 5474
679 5482
680 5489
681 5495
682 5502
683 5509
684 5512
685 5516
686 5524
687 5528
688 5534
689 5539
690 5541
691 5549
692 5552
693 5557
694 5563
695 5571
696 5577
697 5584
698 5587
699 5590
700 5596
701 5600
702 5607
703 5607
704 5613
705 5620
706 5617
707 5624
708 5627
709 5632
710 5635
711 5642
712 5646
713 5650
714 5657
715 5660
716 5661
717 5668
718 5675
719 5681
720 5687
721 5692
722 5698
723 5705
724 5711
725 5715
726 5724
727 5730
728 5733
729 5741
730 5746
731 5752
732 5757
733 5766
734 5773
735 5779
736 5787
737 5790
738 5798
739 5803
740 5808
741 5813
742 5818
743 5825
744 5829
745 5834
746 5838
747 5844
748 5851
749 5860
750 5866
751 5870
752 5875
753 5880
754 5888
755 5891
756 5900
757 5907
758 5915
759 5919
760 5926
761 5931
762 5934
763 5940
764 5948
765 5953
766 5956
767 5960
768 5961
769 5965
770 5966
771 5969
772 5974
773 5980
774 5984
775 5988
776 5992
777 5996
778 6005
779 6013
780 6015
781 6021
782 6027
783 6030
784 6036
785 6042
786 6047
787 6053
788 6060
789 6061
790 6069
791 6077
792 6083
793 6090
794 6097
795 6103
796 6107
797 6108
798 6116
799 6120
800 6125
801 6131
802 6138
803 6146
804 6152
805 6157
806 6160
807 6167
808 6172
809 6178
810 6179
811 6184
812 6187
813 6197
814 6200
815 6206
816 6208
817 6212
818 6219
819 6224
820 6233
821 6235
822 6237
823 6245
824 6252
825 6257
826 6261
827 6268
828 6270
829 6274
830 6280
831 6283
832 6287
833 6291
834 6295
835 6302
836 6306
837 6307
838 6312
839 6316
840 6321
841 6324
842 6329
843 6334
844 6342
845 6348
846 6353
847 6353
848 6354
849 6358
850 6363
851 6368
852 6376
853 6374
854 6380
855 6389
856 6394
857 6401
858 6406
859 6413
860 6418
861 6424
862 6429
863 6435
864 6438
865 6446
866 6447
867 6453
868 6455
869 6464
870 6468
871 6478
872 6478
873 6484
874 6489
875 6495
876 6504
877 6511
878 6515
879 6523
880 6528
881 6532
882 6537
883 6544
884 6546
885 6549
886 6552
887 6555
888 6559
889 6562
890 6569
891 6574
892 6582
893 6587
894 6590
895 6589
896 6594
897 6599
898 6605
899 6607
900 6613
901 6618
902 6620
903 6627
904 6633
905 6634
906 6640
907 6645
908 6650
909 6656
910 6658
911 6661
912 6665
913 6673
914 6679
915 6684
916 6691
917 6696
918 6698
919 6707
920 6715
921 6721
922 6730
923 6737
924 6739
925 6744
926 6747
927 6755
928 6759
929 6766
930 6770
931 6776
932 6783
933 6789
934 6795
935 6800
936 6805
937 6808
938 6815
939 6822
940 6826
941 6829
942 6836
943 6842
944 6845
945 6849
946 6855
947 6857
948 6854
949 6859
950 6863
951 6867
952 6869
953 6874
954 6875
955 6881
956 6888
957 6890
958 6897
959 6903
960 6906
961 6909
962 6916
963 6921
964 6928
965 6927
966 6931
967 6937
968 6943
969 6948
970 6953
971 6959
972 6958
973 6964
974 6971
975 6971
976 6974
977 6981
978 6984
979 6988
980 6996
981 7003
982 7008
983 7011
984 7019
985 7020
986 7027
987 7033
988 7035
989 7043
990 7049
991 7055
992 7055
993 7058
994 7062
995 7067
996 7073
997 7080
998 7086
999 7094
1000 7100
1001 7099
1002 7101
1003 7102
1004 7106
1005 7106
1006 7110
1007 7115
1008 7120
1009 7126
1010 7124
1011 7130
1012 7134
1013 7137
1014 7142
1015 7143
1016 7149
1017 7148
1018 7154
1019 7161
1020 7168
1021 7172
1022 7176
1023 7177
1024 7184
1025 7193
1026 7198
1027 7203
1028 7206
1029 7213
1030 7220
1031 7227
1032 7235
1033 7240
1034 7244
1035 7251
1036 7258
1037 7263
1038 7270
1039 7273
1040 7279
1041 7283
1042 7284
1043 7291
1044 7289
1045 7295
1046 7299
1047 7302
1048 7305
1049 7309
1050 7310
1051 7317
1052 7323
1053 7330
1054 7332
1055 7332
1056 7337
1057 7341
1058 7346
1059 7355
1060 7361
1061 7363
1062 7368
1063 7372
1064 7379
1065 7378
1066 7380
1067 7385
1068 7389
1069 7393
1070 7397
1071 7404
1072 7407
1073 7408
1074 7408
1075 7415
1076 7416
1077 7424
1078 7428
1079 7432
1080 7438
1081 7438
1082 7441
1083 7442
1084 7451
1085 7454
1086 7458
1087 7463
1088 7465
1089 7465
1090 7467
1091 7473
1092 7480
1093 7488
1094 7494
1095 7499
1096 7499
1097 7503
1098 7509
1099 7512
1100 7517
1101 7519
1102 7525
1103 7532
1104 7537
1105 7541
1106 7546
1107 7548
1108 7555
1109 7560
1110 7565
1111 7567
1112 7572
1113 7575
1114 7577
1115 7585
1116 7592
1117 7597
1118 7602
1119 7599
1120 7599
1121 7599
1122 7600
1123 7602
1124 7602
1125 7601
1126 7606
1127 7608
1128 7611
1129 7616
1130 7616
1131 7618
1132 7621
1133 7629
1134 7632
1135 7635
1136 7641
1137 7646
1138 7650
1139 7654
1140 7655
1141 7660
1142 7662
1143 7667
1144 7673
1145 7679
1146 7684
1147 7690
1148 7695
1149 7699
1150 7704
1151 7708
1152 7709
1153 7713
1154 7718
1155 7723
1156 7728
1157 7729
1158 7728
1159 7732
1160 7730
1161 7733
1162 7740
1163 7744
1164 7743
1165 7748
1166 7752
1167 7758
1168 7761
1169 7765
1170 7768
1171 7772
1172 7776
1173 7781
1174 7784
1175 7788
1176 7792
1177 7797
1178 7803
1179 7807
1180 7810
1181 7818
1182 7822
1183 7828
1184 7827
1185 7825
1186 7830
1187 7833
1188 7838
1189 7843
1190 7848
1191 7847
1192 7848
1193 7851
1194 7854
1195 7859
1196 7864
1197 7868
1198 7871
1199 7876
1200 7882
1201 7885
1202 7889
1203 7896
1204 7893
1205 7896
1206 7899
1207 7905
1208 7908
1209 7915
1210 7919
1211 7922
1212 7926
1213 7926
1214 7933
1215 7936
1216 7937
1217 7941
1218 7947
1219 7952
1220 7954
1221 7956
1222 7958
1223 7962
1224 7969
1225 7972
1226 7981
1227 7983
1228 7985
1229 7987
1230 7986
1231 7991
1232 7995
1233 7997
1234 8003
1235 8008
1236 8012
1237 8014
1238 8015
1239 8023
1240 8025
1241 8024
1242 8024
1243 8031
1244 8035
1245 8041
1246 8038
1247 8042
1248 8042
1249 8050
1250 8054
1251 8048
1252 8051
1253 8052
1254 8054
1255 8056
1256 8053
1257 8055
1258 8057
1259 8059
1260 8066
1261 8064
1262 8065
1263 8069
1264 8073
1265 8075
1266 8081
1267 8083
1268 8090
1269 8094
1270 8100
1271 8105
1272 8110
1273 8115
1274 8115
1275 8120
1276 8123
1277 8129
1278 8128
1279 8133
1280 8137
1281 8138
1282 8139
1283 8144
1284 8150
1285 8153
1286 8156
1287 8153
1288 8159
1289 8167
1290 8169
1291 8173
1292 8173
1293 8180
1294 8181
1295 8186
1296 8191
1297 8193
1298 8199
1299 8198
1300 8197
1301 8194
1302 8200
1303 8201
1304 8203
1305 8209
1306 8215
1307 8218
1308 8223
1309 8230
1310 8234
1311 8239
1312 8241
1313 8248
1314 8250
1315 8253
1316 8257
1317 8258
1318 8260
1319 8266
1320 8270
1321 8273
1322 8278
1323 8276
1324 8278
1325 8280
1326 8282
1327 8284
1328 8291
1329 8294
1330 8299
1331 8307
1332 8313
1333 8315
1334 8318
1335 8326
1336 8333
1337 8338
1338 8343
1339 8344
1340 8348
1341 8353
1342 8357
1343 8363
1344 8367
1345 8371
1346 8374
1347 8380
1348 8382
1349 8386
1350 8394
1351 8399
1352 8405
1353 8408
1354 8411
1355 8417
1356 8413
1357 8414
1358 8415
1359 8422
1360 8424
1361 8428
1362 8427
1363 8428
1364 8432
1365 8435
1366 8440
1367 8442
1368 8444
1369 8443
1370 8447
1371 8449
1372 8454
1373 8458
1374 8458
1375 8459
1376 8463
1377 8464
1378 8466
1379 8473
1380 8474
1381 8476
1382 8480
1383 8481
1384 8485
1385 8487
1386 8493
1387 8498
1388 8502
1389 8509
1390 8512
1391 8520
1392 8526
1393 8533
1394 8537
1395 8539
1396 8539
1397 8543
1398 8547
1399 8554
1400 8557
1401 8563
1402 8567
1403 8567
1404 8569
1405 8575
1406 8578
1407 8581
1408 8581
1409 8588
1410 8588
1411 8591
1412 8596
1413 8599
1414 8597
1415 8599
1416 8605
1417 8605
1418 8605
1419 8612
1420 8615
1421 8617
1422 8621
1423 8629
1424 8635
1425 8639
1426 8642
1427 8645
1428 8646
1429 8647
1430 8651
1431 8655
1432 8660
1433 8665
1434 8667
1435 8665
1436 8670
1437 8675
1438 8677
1439 8683
1440 8683
1441 8685
1442 8691
1443 8695
1444 8702
1445 8694
1446 8701
1447 8704
1448 8703
1449 8706
1450 8707
1451 8711
1452 8716
1453 8722
1454 8725
1455 8731
1456 8735
1457 8737
1458 8740
1459 8742
1460 8739
1461 8742
1462 8743
1463 8748
1464 8750
1465 8755
1466 8762
1467 8767
1468 8767
1469 8766
1470 8769
1471 8770
1472 8772
1473 8778
1474 8779
1475 8782
1476 8789
1477 8792
1478 8792
1479 8789
1480 8790
1481 8790
1482 8789
1483 8793
1484 8795
1485 8801
1486 8804
1487 8807
1488 8810
1489 8811
1490 8815
1491 8813
1492 8815
1493 8816
1494 8818
1495 8818
1496 8819
1497 8825
1498 8828
1499 8831
1500 8829
1501 8834
1502 8842
1503 8843
1504 8846
1505 8849
1506 8854
1507 8854
1508 8861
1509 8865
1510 8869
1511 8870
1512 8873
1513 8874
1514 8877
1515 8884
1516 8889
1517 8889
1518 8891
1519 8897
1520 8900
1521 8906
1522 8903
1523 8905
1524 8902
1525 8904
1526 8905
1527 8909
1528 8910
1529 8917
1530 8923
1531 8922
1532 8923
1533 8923
1534 8926
1535 8930
1536 8932
1537 8933
1538 8934
1539 8936
1540 8936
1541 8938
1542 8936
1543 8935
1544 8940
1545 8941
1546 8946
1547 8944
1548 8948
1549 8949
1550 8949
1551 8945
1552 8949
1553 8954
1554 8952
1555 8957
1556 8962
1557 8964
1558 8968
1559 8966
1560 8973
1561 8976
1562 8982
1563 8985
1564 8989
1565 8993
1566 9000
1567 8999
1568 8997
1569 8999
1570 9003
1571 9006
1572 9007
1573 9008
1574 9010
1575 9009
1576 9015
1577 9018
1578 9019
1579 9026
1580 9031
1581 9032
1582 9038
1583 9036
1584 9035
1585 9039
1586 9042
1587 9044
1588 9046
1589 9045
1590 9049
1591 9051
1592 9053
1593 9056
1594 9059
1595 9061
1596 9063
1597 9064
1598 9062
1599 9067
1600 9072
1601 9074
1602 9074
1603 9076
1604 9083
1605 9086
1606 9088
1607 9089
1608 9089
1609 9086
1610 9084
1611 9086
1612 9089
1613 9090
1614 9088
1615 9093
1616 9096
1617 9102
1618 9102
1619 9103
1620 9101
1621 9104
1622 9106
1623 9111
1624 9114
1625 9116
1626 9116
1627 9119
1628 9121
1629 9126
1630 9126
1631 9125
1632 9124
1633 9122
1634 9126
1635 9125
1636 9126
1637 9132
1638 9136
1639 9140
1640 9145
1641 9146
1642 9143
1643 9148
1644 9145
1645 9150
1646 9153
1647 9156
1648 9154
1649 9157
1650 9158
1651 9161
1652 9167
1653 9171
1654 9172
1655 9179
1656 9180
1657 9185
1658 9190
1659 9194
1660 9198
1661 9201
1662 9207
1663 9206
1664 9209
1665 9216
1666 9220
1667 9222
1668 9227
1669 9232
1670 9233
1671 9237
1672 9235
1673 9235
1674 9234
1675 9240
1676 9240
1677 9243
1678 9244
1679 9245
1680 9246
1681 9250
1682 9250
1683 9257
1684 9255
1685 9258
1686 9258
1687 9264
1688 9268
1689 9272
1690 9266
1691 9269
1692 9274
1693 9280
1694 9280
1695 9284
1696 9288
1697 9290
1698 9294
1699 9289
1700 9291
1701 9295
1702 9295
1703 9295
1704 9295
1705 9299
1706 9301
1707 9308
1708 9314
1709 9315
1710 9323
1711 9326
1712 9328
1713 9325
1714 9327
1715 9323
1716 9323
1717 9326
1718 9325
1719 9326
1720 9330
1721 9327
1722 9330
1723 9331
1724 9334
1725 9333
1726 9333
1727 9339
1728 9341
1729 9343
1730 9341
1731 9343
1732 9344
1733 9348
1734 9348
1735 9352
1736 9354
1737 9357
1738 9360
1739 9362
1740 9365
1741 9364
1742 9366
1743 9368
1744 9369
1745 9368
1746 9372
1747 9376
1748 9382
1749 9383
1750 9382
1751 9384
1752 9387
1753 9391
1754 9394
1755 9393
1756 9396
1757 9402
1758 9402
1759 9403
1760 9408
1761 9415
1762 9421
1763 9420
1764 9421
1765 9426
1766 9425
1767 9424
1768 9422
1769 9422
1770 9422
1771 9422
1772 9428
1773 9430
1774 9433
1775 9428
1776 9431
1777 9434
1778 9438
1779 9439
1780 9443
1781 9447
1782 9451
1783 9453
1784 9455
1785 9456
1786 9453
1787 9451
1788 9454
1789 9453
1790 9453
1791 9458
1792 9460
1793 9463
1794 9465
1795 9468
1796 9471
1797 9473
1798 9477
1799 9477
1800 9479
1801 9481
1802 9486
1803 9488
1804 9479
1805 9481
1806 9483
1807 9485
1808 9484
1809 9483
1810 9485
1811 9491
1812 9494
1813 9498
1814 9499
1815 9506
1816 9511
1817 9517
1818 9517
1819 9519
1820 9521
1821 9522
1822 9523
1823 9519
1824 9523
1825 9527
1826 9531
1827 9535
1828 9535
1829 9535
1830 9540
1831 9540
1832 9545
1833 9548
1834 9551
1835 9553
1836 9551
1837 9548
1838 9552
1839 9557
1840 9556
1841 9554
1842 9555
1843 9554
1844 9559
1845 9564
1846 9568
1847 9569
1848 9572
1849 9574
1850 9578
1851 9581
1852 9581
1853 9583
1854 9587
1855 9593
1856 9598
1857 9600
1858 9598
1859 9602
1860 9604
1861 9605
1862 9610
1863 9611
1864 9615
1865 9612
1866 9613
1867 9617
1868 9615
1869 9617
1870 9618
1871 9621
1872 9623
1873 9623
1874 9626
1875 9624
1876 9625
1877 9628
1878 9631
1879 9636
1880 9639
1881 9641
1882 9641
1883 9639
1884 9640
1885 9647
1886 9653
1887 9657
1888 9652
1889 9650
1890 9656
1891 9662
1892 9663
1893 9662
1894 9668
1895 9670
1896 9675
1897 9676
1898 9680
1899 9679
1900 9684
1901 9683
1902 9686
1903 9684
1904 9686
1905 9686
1906 9688
1907 9691
1908 9692
1909 9693
1910 9699
1911 9703
1912 9703
1913 9706
1914 9711
1915 9714
1916 9716
1917 9718
1918 9719
1919 9721
1920 9721
1921 9715
1922 9712
1923 9717
1924 9721
1925 9715
1926 9712
1927 9716
1928 9716
1929 9716
1930 9718
1931 9719
1932 9722
1933 9727
1934 9732
1935 9735
1936 9736
1937 9730
1938 9732
1939 9734
1940 9732
1941 9734
1942 9730
1943 9731
1944 9731
1945 9735
1946 9736
1947 9734
1948 9739
1949 9745
1950 9745
1951 9747
1952 9749
1953 9747
1954 9750
1955 9751
1956 9755
1957 9758
1958 9765
1959 9763
1960 9765
1961 9769
1962 9773
1963 9775
1964 9775
1965 9772
1966 9771
1967 9772
1968 9775
1969 9777
1970 9778
1971 9780
1972 9780
1973 9778
1974 9780
1975 9783
1976 9783
1977 9787
1978 9789
1979 9790
1980 9790
1981 9786
1982 9789
1983 9789
1984 9791
1985 9796
1986 9793
1987 9795
1988 9795
1989 9796
1990 9798
1991 9801
1992 9800
1993 9799
1994 9802
1995 9804
1996 9807
1997 9806
1998 9812
1999 9817
2000 9822
2001 9823
2002 9823
2003 9827
2004 9823
2005 9825
2006 9825
2007 9825
2008 9824
2009 9826
2010 9824
2011 9829
2012 9832
2013 9832
2014 9827
2015 9827
2016 9830
2017 9835
2018 9837
2019 9842
2020 9841
2021 9846
2022 9849
2023 9853
2024 9854
2025 9855
2026 9858
2027 9862
2028 9855
2029 9862
2030 9868
2031 9870
2032 9867
2033 9862
2034 9862
2035 9861
2036 9861
2037 9863
2038 9861
2039 9859
2040 9859
2041 9864
2042 9869
2043 9873
2044 9876
2045 9880
2046 9884
2047 9885
2048 9888
2049 9889
2050 9891
2051 9893
2052 9890
2053 9891
2054 9896
2055 9899
2056 9901
2057 9905
2058 9902
2059 9906
2060 9910
2061 9912
2062 9915
2063 9914
2064 9917
2065 9918
2066 9918
2067 9922
2068 9918
2069 9919
2070 9922
2071 9923
2072 9930
2073 9932
2074 9937
2075 9941
2076 9943
2077 9946
2078 9950
2079 9954
2080 9955
2081 9960
2082 9965
2083 9970
2084 9970
2085 9971
2086 9972
2087 9977
2088 9980
2089 9982
2090 9986
2091 9989
2092 9993
2093 9994
2094 9991
2095 9992
2096 9996
2097 9991
2098 9988
2099 9988
2100 9990
2101 9991
2102 9995
2103 9991
2104 9993
2105 9988
2106 9991
2107 9989
2108 9988
2109 9991
2110 9999
2111 9998
2112 9990
2113 9990
2114 9992
2115 9990
2116 9993
2117 9991
2118 9990
2119 9994
2120 9993
2121 9988
2122 9986
2123 9988
2124 9990
2125 9990
2126 9995
2127 9990
2128 9996
2129 9994
2130 9994
2131 9988
2132 9988
2133 9985
2134 9984
2135 9987
2136 9988
2137 9985
2138 9986
2139 9990
2140 9990
2141 9996
2142 9993
2143 9996
2144 9994
2145 9993
2146 9988
2147 9988
2148 9986
2149 9982
2150 9984
2151 9985
2152 9988
2153 9994
2154 9992
2155 9999
2156 9993
2157 9994
2158 9993
2159 9994
2160 9996
2161 9988
2162 9990
2163 9988
2164 9990
2165 9997
2166 9990
2167 9995
2168 9986
2169 9989
2170 9993
2171 9990
2172 9990
2173 9994
2174 9994
2175 9995
2176 9993
2177 9993
2178 9990
2179 9990
2180 9988
2181 9995
2182 9985
2183 9978
2184 9984
2185 9987
2186 9990
2187 9991
2188 9989
2189 9990
2190 9993
2191 9996
2192 9988
2193 9988
2194 9984
2195 9989
2196 9989
2197 9985
2198 9989
2199 9991
2200 9991
2201 9992
2202 9996
2203 9987
2204 9993
2205 9996
2206 9993
2207 9991
2208 9995
2209 9989
2210 9988
2211 9994
2212 9988
2213 9993
2214 9992
2215 9990
2216 9991
2217 9991
2218 9990
2219 9986
2220 9990
2221 9992
2222 9987
2223 9989
2224 9995
2225 9985
2226 9988
2227 9994
2228 9989
2229 9993
2230 9988
2231 9989
2232 9990
2233 9995
2234 9995
2235 9993
2236 9992
2237 9984
2238 9985
2239 9983
2240 9985
2241 9988
2242 9991
2243 9994
2244 9982
2245 9983
2246 9980
2247 9980
2248 9980
2249 9982
2250 9977
2251 9981
2252 9984
2253 9991
2254 9992
2255 9991
2256 9992
2257 9995
2258 9994
2259 9989
2260 9985
2261 9988
2262 9989
2263 9984
2264 9984
2265 9988
2266 9987
2267 9988
2268 9984
2269 9987
2270 9992
2271 9996
2272 9995
2273 9992
2274 9990
2275 9992
2276 9988
2277 9991
2278 9992
2279 9990
2280 9990
2281 9985
2282 9986
2283 9988
2284 9988
2285 9991
2286 9991
2287 9991
2288 9990
2289 9992
2290 9988
2291 9990
2292 9992
2293 9990
2294 9989
2295 9985
2296 9987
2297 9992
2298 9991
2299 9990
2300 9994
2301 9990
2302 9990
2303 9996
2304 9993
2305 9993
2306 9991
2307 9992
2308 9990
2309 9995
2310 9993
2311 9990
2312 9996
2313 9988
2314 9992
2315 9988
2316 9989
2317 9990
2318 9987
2319 9988
2320 9990
2321 9986
2322 9989
2323 9991
2324 9991
2325 9995
2326 9993
2327 9991
2328 9991
2329 9991
2330 9996
2331 9994
2332 9993
2333 9987
2334 9989
2335 9993
2336 9994
2337 9991
2338 9992
2339 9989
2340 9990
2341 9991
2342 9989
2343 9997
2344 9991
2345 9988
2346 9986
2347 9983
2348 9984
2349 9983
2350 9982
2351 9984
2352 9984
2353 9986
2354 9989
2355 9993
2356 9992
2357 9992
2358 9996
2359 9992
2360 9996
2361 9992
2362 9988
2363 9991
2364 9986
2365 9984
2366 9984
2367 9984
2368 9987
2369 9984
2370 9988
2371 9992
2372 9997
2373 9992
2374 9992
2375 9992
2376 9992
2377 9991
2378 9988
2379 9989
2380 9990
2381 9994
2382 9993
2383 9997
2384 9993
2385 9990
2386 9993
2387 9992
2388 9993
2389 9993
2390 9989
2391 9992
2392 9997
2393 9995
2394 9996
2395 9994
2396 9991
2397 9987
2398 9986
2399 9983
2400 9990
2401 9991
2402 9988
2403 9990
2404 9992
2405 9992
2406 9993
2407 9987
2408 9984
2409 9986
2410 9987
2411 9986
2412 9984
2413 9988
2414 9989
2415 9988
2416 9987
2417 9991
2418 9992
2419 9992
2420 9988
2421 9990
2422 9987
2423 9988
2424 9993
2425 9992
2426 9987
2427 9990
2428 9989
2429 9995
2430 9989
2431 9994
2432 9991
2433 9991
2434 9987
2435 9991
2436 9993
2437 9993
2438 9987
2439 9989
2440 9986
2441 9987
2442 9992
2443 9995
2444 9990
2445 9991
2446 9991
2447 9994
2448 9990
2449 9993
2450 9992
2451 9990
2452 9990
2453 9993
2454 9990
2455 9993
2456 9996
2457 9987
2458 9988
2459 9990
2460 9993
2461 9991
2462 9989
2463 9986
2464 9988
2465 9990
2466 9992
2467 9991
2468 9993
2469 9989
2470 9991
2471 9992
2472 9994
2473 9991
2474 9994
2475 9993
2476 9995
2477 9988
2478 9988
2479 9986
2480 9987
2481 9988
2482 9991
2483 9994
2484 9987
2485 9988
2486 9991
2487 9992
2488 9991
2489 9991
2490 9991
2491 9996
2492 9992
2493 9997
2494 9994
2495 9991
2496 9993
2497 9990
2498 9989
2499 9989
2500 9992
2501 9991
2502 9994
2503 9991
2504 9992
2505 9991
2506 9988
2507 9990
2508 9991
2509 9992
2510 9988
2511 9990
2512 9989
2513 9990
2514 9994
2515 9991
2516 9994
2517 9989
2518 9990
2519 9990
2520 9992
2521 9994
2522 9991
2523 9988
2524 9990
2525 9989
2526 9993
2527 9988
2528 9990
2529 9989
2530 9986
2531 9986
2532 9988
2533 9990
2534 9994
2535 9990
2536 9995
2537 9994
2538 9993
2539 9993
2540 9992
2541 9992
2542 9987
2543 9989
2544 9992
2545 9988
2546 9990
2547 9990
2548 9990
2549 9998
2550 9992
2551 9992
2552 9993
2553 9991
2554 9992
2555 9996
2556 9995
2557 9992
2558 9994
2559 9988
2560 9987
2561 9989
2562 9992
2563 9997
2564 9992
2565 9987
2566 9984
2567 9985
2568 9989
2569 9991
2570 9987
2571 9987
2572 9993
2573 9995
2574 9994
2575 9992
2576 9991
2577 9993
2578 9994
2579 9997
2580 9990
2581 9994
2582 9986
2583 9987
2584 9992
2585 9996
2586 9988
2587 9990
2588 9991
2589 9989
2590 9988
2591 9993
2592 9988
2593 9989
2594 9995
2595 9983
2596 9982
2597 9983
2598 9983
2599 9987
2600 9987
2601 9989
2602 9991
2603 9993
2604 9991
2605 9989
2606 9996
2607 9990
2608 9995
2609 9993
2610 9992
2611 9991
2612 9996
2613 9992
2614 9987
2615 9989
2616 9989
2617 9992
2618 9991
2619 9991
2620 9994
2621 9994
2622 9990
2623 9990
2624 9997
2625 9997
2626 9992
2627 9994
2628 9985
2629 9992
2630 9992
2631 9991
2632 9991
2633 9998
2634 9994
2635 9989
2636 9986
2637 9990
2638 9993
2639 9994
2640 9992
2641 9992
2642 9995
2643 9988
2644 9986
2645 9987
2646 9992
2647 9991
2648 9994
2649 9992
2650 9992
2651 9990
2652 9988
2653 9990
2654 9990
2655 9995
2656 9995
2657 9994
2658 9991
2659 9994
2660 9994
2661 9990
2662 9985
2663 9991
2664 9988
2665 9993
2666 9990
2667 9995
2668 9991
2669 9993
2670 9993
2671 9991
2672 9987
2673 9988
2674 9993
2675 9992
2676 9991
2677 9993
2678 9996
2679 9987
2680 9989
2681 9990
2682 9994
2683 9986
2684 9985
2685 9984
2686 9985
2687 9986
2688 9989
2689 9988
2690 9991
2691 9994
2692 9988
2693 9991
2694 9992
2695 9997
2696 9996
2697 9994
2698 9993
2699 9990
2700 9989
2701 9992
2702 9990
2703 9985
2704 9989
2705 9989
2706 9993
2707 9992
2708 9992
2709 9990
2710 9993
2711 9989
2712 9986
2713 9990
2714 9997
2715 9990
2716 9993
2717 9984
2718 9986
2719 9989
2720 9991
2721 9995
2722 9995
2723 9986
2724 9988
2725 9991
2726 9997
2727 9992
2728 9986
2729 9988
2730 9988
2731 9990
2732 9993
2733 9989
2734 9987
2735 9986
2736 9983
2737 9984
2738 9988
2739 9996
2740 9991
2741 9993
2742 9986
2743 9992
2744 9991
2745 9992
2746 9991
2747 9989
2748 9991
2749 9992
2750 9989
2751 9990
2752 9994
2753 9987
2754 9989
2755 9989
2756 9993
2757 9993
2758 9989
2759 9988
2760 9987
2761 9987
2762 9991
2763 9997
2764 9985
2765 9985
2766 9989
2767 9992
2768 9994
2769 9994
2770 9983
2771 9981
2772 9978
2773 9976
2774 9980
2775 9984
2776 9986
2777 9985
2778 9987
2779 9992
2780 9992
2781 9983
2782 9987
2783 9992
2784 9991
2785 9990
2786 9996
2787 9988
2788 9983
2789 9989
2790 9992
2791 9994
2792 9990
2793 9988
2794 9986
2795 9986
2796 9990
2797 9989
2798 9994
2799 9987
2800 9989
2801 9990
2802 9985
2803 9986
2804 9989
2805 9991
2806 9989
2807 9989
2808 9993
2809 9993
2810 9991
2811 9994
2812 9994
2813 9992
2814 9992
2815 9982
2816 9981
2817 9983
2818 9982
2819 9983
2820 9985
2821 9986
2822 9986
2823 9988
2824 9991
2825 9990
2826 9995
2827 9987
2828 9985
2829 9985
2830 9987
2831 9991
2832 9992
2833 9994
2834 9991
2835 9988
2836 9995
2837 9990
2838 9993
2839 9994
2840 9992
2841 9990
2842 9992
2843 9996
2844 9989
2845 9991
2846 9993
2847 9990
2848 9991
2849 9990
2850 9996
2851 9988
2852 9989
2853 9990
2854 9993
2855 9993
2856 9992
2857 9991
2858 9993
2859 9987
2860 9986
2861 9989
2862 9990
2863 9995
2864 9991
2865 9989
2866 9985
2867 9988
2868 9986
2869 9992
2870 9986
2871 9984
2872 9983
2873 9985
2874 9986
2875 9986
2876 9987
2877 9988
2878 9994
2879 9993
2880 9992
2881 9988
2882 9989
2883 9992
2884 9985
2885 9985
2886 9978
2887 9978
2888 9979
2889 9979
2890 9983
2891 9985
2892 9988
2893 9990
2894 9990
2895 9991
2896 9987
2897 9986
2898 9988
2899 9990
2900 9987
2901 9989
2902 9988
2903 9995
2904 9992
2905 9989
2906 9992
2907 9990
2908 9992
2909 9995
2910 9993
2911 9992
2912 9997
2913 9989
2914 9988
2915 9986
2916 9986
2917 9984
2918 9986
2919 9988
2920 9991
2921 9992
2922 9992
2923 9991
2924 9996
2925 9995
2926 9991
2927 9991
2928 9995
2929 9993
2930 9991
2931 9991
2932 9987
2933 9986
2934 9988
2935 9990
2936 9986
2937 9991
2938 9991
2939 9993
2940 9994
2941 9995
2942 9993
2943 9990
2944 9992
2945 9991
2946 9992
2947 9992
2948 9992
2949 9995
2950 9993
2951 9989
2952 9994
2953 9992
2954 9994
2955 9995
2956 9991
2957 9992
2958 9990
2959 9988
2960 9991
2961 9993
2962 9993
2963 9990
2964 9993
2965 9996
2966 9991
2967 9995
2968 9993
2969 9991
2970 9992
2971 9995
2972 9990
2973 9988
2974 9987
2975 9989
2976 9994
2977 9993
2978 9988
2979 9991
2980 9991
2981 9991
2982 9996
2983 9986
2984 9985
2985 9991
2986 9987
2987 9985
2988 9986
2989 9988
2990 9991
2991 9991
2992 9995
2993 9989
2994 9989
2995 9994
2996 9993
2997 9988
2998 9993
2999 9992
3000 9994
3001 9990
3002 9992
3003 9991
3004 9993
3005 9988
3006 9991
3007 9990
3008 9994
3009 9993
3010 9994
3011 9991
3012 9989
3013 9988
3014 9988
3015 9990
3016 9993
3017 9991
3018 9989
3019 9990
3020 9993
3021 9992
3022 9995
3023 9991
3024 9996
3025 9994
3026 9988
3027 9992
3028 9998
3029 9991
3030 9989
3031 9991
3032 9987
3033 9986
3034 9985
3035 9989
3036 9992
3037 9993
3038 9994
3039 9985
3040 9989
3041 9992
3042 9995
3043 9991
3044 9990
3045 9986
3046 9985
3047 9986
3048 9987
3049 9990
3050 9998
3051 9994
3052 9992
3053 9989
3054 9991
3055 9993
3056 9994
3057 9997
3058 9994
3059 9991
3060 9989
3061 9992
3062 9997
3063 9991
3064 9994
3065 9995
3066 9992
3067 9986
3068 9988
3069 9989
3070 9992
3071 9989
3072 9992
3073 9991
3074 9994
3075 9996
3076 9985
3077 9987
3078 9992
3079 9993
3080 9990
3081 9996
3082 9985
3083 9991
3084 9988
3085 9991
3086 9989
3087 9986
3088 9986
3089 9990
3090 9990
3091 9993
3092 9988
3093 9991
3094 9991
3095 9989
3096 9990
3097 9990
3098 9987
3099 9994
3100 9992
3101 9984
3102 9981
3103 9980
3104 9982
3105 9986
3106 9985
3107 9986
3108 9989
3109 9985
3110 9988
3111 9993
3112 9989
3113 9994
3114 9993
3115 9996
3116 9989
3117 9985
3118 9984
3119 9983
3120 9982
3121 9987
3122 9990
3123 9995
3124 9990
3125 9992
3126 9987
3127 9991
3128 9985
3129 9989
3130 9985
3131 9986
3132 9989
3133 9990
3134 9991
3135 9991
3136 9992
3137 9992
3138 9990
3139 9988
3140 9989
3141 9994
3142 9992
3143 9988
3144 9991
3145 9989
3146 9990
3147 9993
3148 9993
3149 9994
3150 9992
3151 9995
3152 9992
3153 9990
3154 9992
3155 9992
3156 9990
3157 9991
3158 9990
3159 9994
3160 9991
3161 9994
3162 9993
3163 9993
3164 9996
3165 9994
3166 9992
3167 9992
3168 9988
3169 9994
3170 9990
3171 9990
3172 9991
3173 9989
3174 9992
3175 9990
3176 9985
3177 9986
3178 9989
3179 9991
3180 9984
3181 9987
3182 9989
3183 9986
3184 9984
3185 9990
3186 9983
3187 9985
3188 9993
3189 9994
3190 9990
3191 9991
3192 9990
3193 9989
3194 9992
3195 9989
3196 9987
3197 9991
3198 9993
3199 9997
3200 9996
3201 9989
3202 9989
3203 9992
3204 9992
3205 9992
3206 9995
3207 9995
3208 9990
3209 9989
3210 9993
3211 9990
3212 9995
3213 9991
3214 9994
3215 9995
3216 9987
3217 9992
3218 9993
3219 9992
3220 9993
3221 9994
3222 9986
3223 9988
3224 9990
3225 9994
3226 9993
3227 9991
3228 9993
3229 9989
3230 9991
3231 9993
3232 9983
3233 9989
3234 9992
3235 9990
3236 9995
3237 9989
3238 9985
3239 9986
3240 9991
3241 9992
3242 9998
3243 9994
3244 9990
3245 9989
3246 9990
3247 9995
3248 9990
3249 9998
3250 9992
3251 9991
3252 9986
3253 9987
3254 9987
3255 9990
3256 9990
3257 9993
3258 9993
3259 9997
3260 9987
3261 9986
3262 9988
3263 9995
3264 9993
3265 9994
3266 9995
3267 9991
3268 9990
3269 9991
3270 9993
3271 9990
3272 9992
3273 9992
3274 9993
3275 9990
3276 9994
3277 9994
3278 9989
3279 9992
3280 9993
3281 9994
3282 9990
3283 9991
3284 9994
3285 9993
3286 9992
3287 9987
3288 9993
3289 9987
3290 9987
3291 9993
3292 9988
3293 9981
3294 9981
3295 9983
3296 9984
3297 9987
3298 9989
3299 9988
3300 9985
3301 9980
3302 9982
3303 9984
3304 9983
3305 9976
3306 9978
3307 9980
3308 9983
3309 9988
3310 9991
3311 9993
3312 9993
3313 9989
3314 9992
3315 9994
3316 9991
3317 9988
3318 9994
3319 9989
3320 9990
3321 9995
3322 9990
3323 9991
3324 9991
3325 9992
3326 9992
3327 9993
3328 9990
3329 9991
3330 9991
3331 9986
3332 9992
3333 9990
3334 9989
3335 9993
3336 9990
3337 9987
3338 9987
3339 9993
3340 9988
3341 9988
3342 9990
3343 9991
3344 9997
3345 9995
3346 9995
3347 9992
3348 9990
3349 9986
3350 9988
3351 9986
3352 9983
3353 9986
3354 9993
3355 9993
3356 9987
3357 9983
3358 9986
3359 9988
3360 9992
3361 9992
3362 9990
3363 9993
3364 9993
3365 9993
3366 9993
3367 9991
3368 9995
3369 9991
3370 9991
3371 9988
3372 9994
3373 9992
3374 9991
3375 9992
3376 9992
3377 9990
3378 9991
3379 9987
3380 9984
3381 9990
3382 9995
3383 9995
3384 9988
3385 9995
3386 9988
3387 9986
3388 9983
3389 9985
3390 9984
3391 9985
3392 9989
3393 9994
3394 9992
3395 9989
3396 9995
3397 9986
3398 9991
3399 9993
3400 9986
3401 9982
3402 9983
3403 9987
3404 9987
3405 9989
3406 9994
3407 9988
3408 9991
3409 9990
3410 9990
3411 9994
3412 9995
3413 9991
3414 9990
3415 9992
3416 9993
3417 9996
3418 9990
3419 9992
3420 9994
3421 9989
3422 9995
3423 9994
3424 9994
3425 9992
3426 9985
3427 9989
3428 9985
3429 9983
3430 9985
3431 9986
3432 9990
3433 9993
3434 9987
3435 9992
3436 9990
3437 9988
3438 9992
3439 9993
3440 9993
3441 9988
3442 9989
3443 9991
3444 9990
3445 9987
3446 9987
3447 9990
3448 9990
3449 9990
3450 9992
3451 9992
3452 9993
3453 9990
3454 9992
3455 9988
3456 9987
3457 9985
3458 9985
3459 9981
3460 9977
3461 9979
3462 9982
3463 9985
3464 9987
3465 9991
3466 9992
3467 9992
3468 9986
3469 9983
3470 9983
3471 9985
3472 9981
3473 9984
3474 9988
3475 9989
3476 9989
3477 9992
3478 9994
3479 9992
3480 9992
3481 9993
3482 9996
3483 9993
3484 9993
3485 9988
3486 9989
3487 9992
3488 9986
3489 9988
3490 9988
3491 9986
3492 9988
3493 9986
3494 9982
3495 9984
3496 9987
3497 9992
3498 9990
3499 9988
3500 9989
3501 9988
3502 9988
3503 9988
3504 9993
3505 9985
3506 9989
3507 9994
3508 9996
3509 9990
3510 9987
3511 9989
3512 9992
3513 9992
3514 9995
3515 9985
3516 9987
3517 9990
3518 9993
3519 9997
3520 9991
3521 9994
3522 9995
3523 9993
3524 9992
3525 9994
3526 9992
3527 9987
3528 9986
3529 9992
3530 9990
3531 9994
3532 9989
3533 9990
3534 9988
3535 9986
3536 9984
3537 9987
3538 9985
3539 9988
3540 9992
3541 9991
3542 9989
3543 9987
3544 9986
3545 9990
3546 9992
3547 9994
3548 9995
3549 9989
3550 9992
3551 9994
3552 9991
3553 9992
3554 9993
3555 9993
3556 9986
3557 9988
3558 9983
3559 9980
3560 9979
3561 9986
3562 9987
3563 9987
3564 9987
3565 9986
3566 9988
3567 9990
3568 9991
3569 9995
3570 9994
3571 9989
3572 9989
3573 9989
3574 9988
3575 9988
3576 9991
3577 9993
3578 9988
3579 9996
3580 9992
3581 9994
3582 9992
3583 9992
3584 9996
3585 9992
3586 9989
3587 9997
3588 9996
3589 9988
3590 9985
3591 9981
3592 9977
3593 9979
3594 9982
3595 9981
3596 9982
3597 9984
3598 9982
3599 9981
3600 9984
3601 9989
3602 9987
3603 9987
3604 9988
3605 9991
3606 9987
3607 9990
3608 9991
3609 9990
3610 9987
3611 9990
3612 9988
3613 9982
3614 9977
3615 9974
3616 9978
3617 9977
3618 9981
3619 9978
3620 9982
3621 9987
3622 9987
3623 9986
3624 9988
3625 9990
3626 9989
3627 9991
3628 9993
3629 9996
3630 9995
3631 9990
3632 9992
3633 9992
3634 9989
3635 9988
3636 9988
3637 9991
3638 9991
3639 9988
3640 9986
3641 9986
3642 9987
3643 9988
3644 9994
3645 9990
3646 9992
3647 9991
3648 9992
3649 9991
3650 9992
3651 9990
3652 9992
3653 9994
3654 9995
3655 9995
3656 9995
3657 9991
3658 9996
3659 9987
3660 9985
3661 9987
3662 9993
3663 9994
3664 9994
3665 9990
3666 9992
3667 9983
3668 9985
3669 9984
3670 9988
3671 9988
3672 9990
3673 9995
3674 9988
3675 9986
3676 9987
3677 9988
3678 9987
3679 9986
3680 9986
3681 9982
3682 9979
3683 9974
3684 9970
3685 9970
3686 9968
3687 9967
3688 9970
3689 9974
3690 9980
3691 9984
3692 9986
3693 9985
3694 9986
3695 9991
3696 9992
3697 9993
3698 9989
3699 9990
3700 9990
3701 9993
3702 9990
3703 9995
3704 9989
3705 9989
3706 9985
3707 9981
3708 9983
3709 9980
3710 9981
3711 9989
3712 9993
3713 9990
3714 9990
3715 9992
3716 9989
3717 9993
3718 9994
3719 9992
3720 9992
3721 9993
3722 9996
3723 9995
3724 9992
3725 9992
3726 9991
3727 9992
3728 9991
3729 9996
3730 9987
3731 9989
3732 9989
3733 9992
3734 9988
3735 9990
3736 9988
3737 9992
3738 9991
3739 9993
3740 9990
3741 9988
3742 9986
3743 9983
3744 9983
3745 9982
3746 9980
3747 9982
3748 9985
3749 9988
3750 9989
3751 9985
3752 9987
3753 9992
3754 9987
3755 9990
3756 9989
3757 9984
3758 9986
3759 9988
3760 9991
3761 9994
3762 9990
3763 9993
3764 9990
3765 9990
3766 9993
3767 9991
3768 9986
3769 9984
3770 9987
3771 9985
3772 9986
3773 9985
3774 9987
3775 9989
3776 9991
3777 9988
3778 9990
3779 9991
3780 9996
3781 9990
3782 9989
3783 9992
3784 9991
3785 9990
3786 9989
3787 9993
3788 9993
3789 9992
3790 9993
3791 9993
3792 9991
3793 9994
3794 9994
3795 9990
3796 9989
3797 9988
3798 9987
3799 9991
3800 9990
3801 9993
3802 9991
3803 9989
3804 9985
3805 9989
3806 9990
3807 9997
3808 9989
3809 9992
3810 9990
3811 9991
3812 9987
3813 9986
3814 9989
3815 9993
3816 9991
3817 9992
3818 9991
3819 9988
3820 9996
3821 9991
3822 9993
3823 9992
3824 9992
3825 9990
3826 9992
3827 9995
3828 9994
3829 9989
3830 9990
3831 9992
3832 9990
3833 9989
3834 9988
3835 9990
3836 9991
3837 9992
3838 9987
3839 9991
3840 9993
3841 9998
3842 9987
3843 9992
3844 9992
3845 9994
3846 9991
3847 9996
3848 9994
3849 9994
3850 9989
3851 9991
3852 9992
3853 9992
3854 9994
3855 9989
3856 9990
3857 9996
3858 9995
3859 9992
3860 9998
3861 9989
3862 9993
3863 9993
3864 9991
3865 9990
3866 9995
3867 9990
3868 9997
3869 9991
3870 9990
3871 9995
3872 9988
3873 9989
3874 9991
3875 9992
3876 9994
3877 9992
3878 9989
3879 9990
3880 9993
3881 9993
3882 9990
3883 9996
3884 9992
3885 9989
3886 9986
3887 9988
3888 9988
3889 9989
3890 9993
3891 9992
3892 9994
3893 9993
3894 9993
3895 9993
3896 9994
3897 9994
3898 9994
3899 9990
3900 9989
3901 9993
3902 9988
3903 9995
3904 9994
3905 9992
3906 9987
3907 9984
3908 9985
3909 9981
3910 9975
3911 9972
3912 9970
3913 9970
3914 9975
3915 9976
3916 9975
3917 9979
3918 9978
3919 9973
3920 9974
3921 9972
3922 9975
3923 9980
3924 9979
3925 9980
3926 9977
3927 9979
3928 9980
3929 9976
3930 9977
3931 9976
3932 9982
3933 9984
3934 9984
3935 9984
3936 9987
3937 9991
3938 9993
3939 9991
3940 9995
3941 9988
3942 9985
3943 9985
3944 9989
3945 9990
3946 9996
3947 9994
3948 9990
3949 9994
3950 9986
3951 9988
3952 9991
3953 9996
3954 9989
3955 9991
3956 9990
3957 9992
3958 9988
3959 9994
3960 9993
3961 9987
3962 9985
3963 9991
3964 9991
3965 9995
3966 9994
3967 9994
3968 9990
3969 9997
3970 9994
3971 9992
3972 9993
3973 9994
3974 9993
3975 9989
3976 9990
3977 9990
3978 9995
3979 9991
3980 9988
3981 9988
3982 9991
3983 9993
3984 9986
3985 9989
3986 9991
3987 9991
3988 9989
3989 9992
3990 9994
3991 9997
3992 9991
3993 9991
3994 9992
3995 9992
3996 9990
3997 9992
3998 9994
3999 9984
4000 9985
4001 9987
4002 9986
4003 9992
4004 9992
4005 9992
4006 9995
4007 9990
4008 9995
4009 9989
4010 9987
4011 9987
4012 9990
4013 9995
4014 9990
4015 9989
4016 9992
4017 9994
4018 9989
4019 9995
4020 9994
4021 9990
4022 9990
4023 9995
4024 9988
4025 9988
4026 9994
4027 9991
4028 9990
4029 9988
4030 9989
4031 9990
4032 9994
4033 9986
4034 9985
4035 9987
4036 9985
4037 9989
4038 9992
4039 9996
4040 9988
4041 9993
4042 9990
4043 9988
4044 9990
4045 9992
4046 9991
4047 9990
4048 9993
4049 9994
4050 9997
4051 9993
4052 9991
4053 9989
4054 9993
4055 9988
4056 9989
4057 9984
4058 9987
4059 9991
4060 9997
4061 9996
4062 9995
4063 9991
4064 9996
4065 9991
4066 9990
4067 9991
4068 9978
4069 9979
4070 9984
4071 9983
4072 9978
4073 9980
4074 9985
4075 9985
4076 9988
4077 9985
4078 9984
4079 9986
4080 9983
4081 9988
4082 9990
4083 9990
4084 9990
4085 9992
4086 9992
4087 9995
4088 9993
4089 9988
4090 9985
4091 9990
4092 9993
4093 9987
4094 9987
4095 9994
4096 9992
4097 9990
4098 9993
4099 9994
4100 9993
4101 9996
4102 9995
4103 9991
4104 9993
4105 9997
4106 9994
4107 9987
4108 9986
4109 9991
4110 9993
4111 9993
4112 9989
4113 9989
4114 9991
4115 9995
4116 9990
4117 9993
4118 9993
4119 9992
4120 9992
4121 9993
4122 9990
4123 9994
4124 9986
4125 9986
4126 9982
4127 9981
4128 9980
4129 9982
4130 9983
4131 9984
4132 9987
4133 9984
4134 9988
4135 9990
4136 9988
4137 9989
4138 9985
4139 9990
4140 9990
4141 9988
4142 9989
4143 9992
4144 9990
4145 9990
4146 9988
4147 9988
4148 9991
4149 9992
4150 9997
4151 9991
4152 9987
4153 9988
4154 9984
4155 9987
4156 9988
4157 9988
4158 9992
4159 9994
4160 9989
4161 9989
4162 9990
4163 9992
4164 9994
4165 9993
4166 9995
4167 9995
4168 9992
4169 9990
4170 9990
4171 9986
4172 9989
4173 9995
4174 9988
4175 9992
4176 9994
4177 9992
4178 9991
4179 9990
4180 9996
4181 9994
4182 9993
4183 9992
4184 9992
4185 9989
4186 9988
4187 9992
4188 9991
4189 9984
4190 9986
4191 9991
4192 9993
4193 9988
4194 9991
4195 9994
4196 9992
4197 9986
4198 9984
4199 9986
4200 9985
4201 9988
4202 9987
4203 9985
4204 9989
4205 9995
4206 9990
4207 9986
4208 9986
4209 9989
4210 9991
4211 9992
4212 9993
4213 9992
4214 9987
4215 9983
4216 9980
4217 9981
4218 9984
4219 9985
4220 9987
4221 9993
4222 9991
4223 9986
4224 9989
4225 9993
4226 9991
4227 9985
4228 9988
4229 9993
4230 9991
4231 9990
4232 9992
4233 9993
4234 9991
4235 9991
4236 9993
4237 9995
4238 9991
4239 9993
4240 9993
4241 9995
4242 9986
4243 9990
4244 9981
4245 9983
4246 9982
4247 9986
4248 9990
4249 9991
4250 9989
4251 9993
4252 9988
4253 9988
4254 9991
4255 9996
4256 9989
4257 9991
4258 9993
4259 9993
4260 9992
4261 9989
4262 9994
4263 9985
4264 9991
4265 9990
4266 9989
4267 9992
4268 9986
4269 9986
4270 9986
4271 9986
4272 9984
4273 9986
4274 9989
4275 9990
4276 9994
4277 9995
4278 9993
4279 9993
4280 9990
4281 9992
4282 9990
4283 9991
4284 9997
4285 9997
4286 9991
4287 9988
4288 9991
4289 9992
4290 9996
4291 9986
4292 9986
4293 9980
4294 9977
4295 9979
4296 9983
4297 9986
4298 9989
4299 9993
4300 9985
4301 9984
4302 9985
4303 9986
4304 9988
4305 9979
4306 9977
4307 9977
4308 9977
4309 9979
4310 9982
4311 9987
4312 9986
4313 9991
4314 9993
4315 9991
4316 9994
4317 9989
4318 9990
4319 9991
4320 9993
4321 9990
4322 9986
4323 9982
4324 9983
4325 9985
4326 9990
4327 9991
4328 9997
4329 9992
4330 9992
4331 9994
4332 9995
4333 9989
4334 9985
4335 9985
4336 9989
4337 9992
4338 9994
4339 9991
4340 9986
4341 9989
4342 9992
4343 9988
4344 9986
4345 9990
4346 9989
4347 9992
4348 9995
4349 9990
4350 9983
4351 9980
4352 9983
4353 9986
4354 9987
4355 9989
4356 9989
4357 9992
4358 9996
4359 9991
4360 9994
4361 9986
4362 9984
4363 9989
4364 9986
4365 9986
4366 9988
4367 9990
4368 9990
4369 9985
4370 9990
4371 9995
4372 9982
4373 9984
4374 9987
4375 9982
4376 9978
4377 9984
4378 9982
4379 9986
4380 9990
4381 9992
4382 9992
4383 9994
4384 9987
4385 9986
4386 9987
4387 9987
4388 9986
4389 9990
4390 9991
4391 9994
4392 9984
4393 9983
4394 9987
4395 9988
4396 9993
4397 9993
4398 9991
4399 9995
4400 9998
4401 9990
4402 9996
4403 9994
4404 9989
4405 9990
4406 9993
4407 9990
4408 9995
4409 9993
4410 9993
4411 9992
4412 9997
4413 9994
4414 9991
4415 9992
4416 9989
4417 9989
4418 9992
4419 9988
4420 9988
4421 9982
4422 9982
4423 9981
4424 9986
4425 9988
4426 9982
4427 9982
4428 9983
4429 9991
4430 9994
4431 9989
4432 9997
4433 9991
4434 9988
4435 9987
4436 9991
4437 9992
4438 9995
4439 9992
4440 9989
4441 9988
4442 9990
4443 9994
4444 9994
4445 9992
4446 9988
4447 9995
4448 9996
4449 9991
4450 9984
4451 9985
4452 9989
4453 9994
4454 9986
4455 9982
4456 9980
4457 9980
4458 9981
4459 9984
4460 9988
4461 9986
4462 9990
4463 9993
4464 9996
4465 9991
4466 9990
4467 9989
4468 9985
4469 9987
4470 9988
4471 9987
4472 9990
4473 9990
4474 9994
4475 9992
4476 9988
4477 9989
4478 9990
4479 9992
4480 9995
4481 9995
4482 9989
4483 9993
4484 9989
4485 9988
4486 9991
4487 9993
4488 9990
4489 9987
4490 9990
4491 9992
4492 9988
4493 9992
4494 9987
4495 9994
4496 9993
4497 9991
4498 9990
4499 9990
4500 9993
4501 9992
4502 9994
4503 9989
4504 9992
4505 9994
4506 9990
4507 9988
4508 9989
4509 9987
4510 9985
4511 9991
4512 9991
4513 9983
4514 9987
4515 9991
4516 9992
4517 9987
4518 9984
4519 9989
4520 9985
4521 9984
4522 9985
4523 9984
4524 9988
4525 9986
4526 9990
4527 9996
4528 9991
4529 9996
4530 9989
4531 9990
4532 9993
4533 9987
4534 9990
4535 9989
4536 9990
4537 9991
4538 9992
4539 9993
4540 9989
4541 9997
4542 9987
4543 9994
4544 9991
4545 9991
4546 9990
4547 9991
4548 9992
4549 9989
4550 9983
4551 9982
4552 9988
4553 9985
4554 9986
4555 9984
4556 9991
4557 9996
4558 9991
4559 9994
4560 9995
4561 9994
4562 9994
4563 9991
4564 9992
4565 9993
4566 9986
4567 9987
4568 9987
4569 9986
4570 9991
4571 9993
4572 9993
4573 9991
4574 9991
4575 9986
4576 9988
4577 9990
4578 9985
4579 9995
4580 9990
4581 9996
4582 9995
4583 9991
4584 9989
4585 9987
4586 9992
4587 9995
4588 9995
4589 9990
4590 9993
4591 9994
4592 9990
4593 9991
4594 9987
4595 9991
4596 9989
4597 9990
4598 9996
4599 9993
4600 9989
4601 9988
4602 9991
4603 9994
4604 9992
4605 9994
4606 9989
4607 9989
4608 9992
4609 9990
4610 9990
4611 9994
4612 9989
4613 9995
4614 9992
4615 9988
4616 9991
4617 9994
4618 9991
4619 9993
4620 9995
4621 9992
4622 9986
4623 9989
4624 9988
4625 9987
4626 9994
4627 9992
4628 9989
4629 9990
4630 9993
4631 9995
4632 9996
4633 9994
4634 9989
4635 9990
4636 9996
4637 9993
4638 9998
4639 9995
4640 9992
4641 9988
4642 9992
4643 9991
4644 9994
4645 9994
4646 9990
4647 9992
4648 9990
4649 9989
4650 9989
4651 9991
4652 9989
4653 9994
4654 9992
4655 9989
4656 9985
4657 9992
4658 9986
4659 9988
4660 9987
4661 9991
4662 9989
4663 9991
4664 9995
4665 9989
4666 9990
4667 9993
4668 9989
4669 9990
4670 9996
4671 9988
4672 9994
4673 9988
4674 9988
4675 9992
4676 9988
4677 9988
4678 9989
4679 9993
4680 9990
4681 9989
4682 9995
4683 9993
4684 9989
4685 9990
4686 9988
4687 9990
4688 9985
4689 9988
4690 9985
4691 9988
4692 9992
4693 9985
4694 9981
4695 9986
4696 9986
4697 9986
4698 9988
4699 9987
4700 9987
4701 9987
4702 9988
4703 9982
4704 9987
4705 9992
4706 9992
4707 9992
4708 9991
4709 9996
4710 9994
4711 9991
4712 9994
4713 9990
4714 9994
4715 9995
4716 9991
4717 9993
4718 9991
4719 9989
4720 9985
4721 9984
4722 9983
4723 9982
4724 9980
4725 9984
4726 9985
4727 9983
4728 9986
4729 9983
4730 9988
4731 9987
4732 9986
4733 9988
4734 9993
4735 9992
4736 9986
4737 9989
4738 9988
4739 9990
4740 9989
4741 9994
4742 9988
4743 9987
4744 9989
4745 9994
4746 9992
4747 9993
4748 9990
4749 9995
4750 9992
4751 9991
4752 9995
4753 9991
4754 9991
4755 9992
4756 9992
4757 9994
4758 9992
4759 9989
4760 9993
4761 9993
4762 9988
4763 9988
4764 9987
4765 9989
4766 9992
4767 9997
4768 9993
4769 9992
4770 9993
4771 9997
4772 9996
4773 9992
4774 9993
4775 9989
4776 9993
4777 9992
4778 9985
4779 9984
4780 9990
4781 9992
4782 9987
4783 9990
4784 9987
4785 9987
4786 9991
4787 9994
4788 9996
4789 9991
4790 9988
4791 9990
4792 9989
4793 9989
4794 9994
4795 9992
4796 9990
4797 9989
4798 9994
4799 9986
4800 9988
4801 9991
4802 9995
4803 9993
4804 9991
4805 9992
4806 9992
4807 9992
4808 9997
4809 9991
4810 9989
4811 9989
4812 9994
4813 9994
4814 9996
4815 9992
4816 9985
4817 9985
4818 9985
4819 9988
4820 9993
4821 9988
4822 9989
4823 9987
4824 9992
4825 9990
4826 9993
4827 9993
4828 9991
4829 9993
4830 9989
4831 9991
4832 9994
4833 9989
4834 9990
4835 9992
4836 9992
4837 9991
4838 9993
4839 9995
4840 9991
4841 9993
4842 9992
4843 9992
4844 9990
4845 9993
4846 9991
4847 9989
4848 9990
4849 9991
4850 9987
4851 9986
4852 9988
4853 9989
4854 9991
4855 9994
4856 9992
4857 9994
4858 9991
4859 9993
4860 9989
4861 9989
4862 9995
4863 9987
4864 9988
4865 9989
4866 9991
4867 9985
4868 9990
4869 9991
4870 9987
4871 9987
4872 9987
4873 9989
4874 9991
4875 9994
4876 9986
4877 9984
4878 9985
4879 9988
4880 9988
4881 9994
4882 9987
4883 9989
4884 9987
4885 9991
4886 9994
4887 9990
4888 9994
4889 9991
4890 9990
4891 9990
4892 9991
4893 9992
4894 9995
4895 9993
4896 9985
4897 9987
4898 9988
4899 9990
4900 9991
4901 9987
4902 9991
4903 9993
4904 9993
4905 9994
4906 9994
4907 9995
4908 9995
4909 9987
4910 9991
4911 9998
4912 9994
4913 9992
4914 9995
4915 9992
4916 9992
4917 9984
4918 9983
4919 9983
4920 9985
4921 9983
4922 9983
4923 9983
4924 9985
4925 9984
4926 9989
4927 9991
4928 9988
4929 9991
4930 9992
4931 9990
4932 9994
4933 9991
4934 9992
4935 9989
4936 9987
4937 9992
4938 9994
4939 9989
4940 9989
4941 9989
4942 9990
4943 9992
4944 9994
4945 9993
4946 9987
4947 9991
4948 9991
4949 9983
4950 9980
4951 9984
4952 9981
4953 9982
4954 9986
4955 9989
4956 9992
4957 9996
4958 9991
4959 9992
4960 9995
4961 9992
4962 9989
4963 9994
4964 9990
4965 9991
4966 9995
4967 9991
4968 9991
4969 9996
4970 9995
4971 9987
4972 9989
4973 9996
4974 9990
4975 9994
4976 9989
4977 9991
4978 9990
4979 9989
4980 9986
4981 9985
4982 9989
4983 9993
4984 9993
4985 9994
4986 9988
4987 9990
4988 9984
4989 9986
4990 9985
4991 9986
4992 9986
4993 9984
4994 9987
4995 9989
4996 9988
4997 9990
4998 9990
4999 9990
5000 9989
5001 9993
5002 9993
5003 9994
5004 9993
5005 9996
5006 9990
5007 9991
5008 9985
5009 9989
5010 9991
5011 9995
5012 9994
5013 9994
5014 9994
5015 9988
5016 9993
5017 9990
5018 9997
5019 9989
5020 9992
5021 9996
5022 9991
5023 9988
5024 9992
5025 9989
5026 9991
5027 9993
5028 9987
5029 9991
5030 9993
5031 9998
5032 9992
5033 9991
5034 9988
5035 9990
5036 9991
5037 9996
5038 9993
5039 9994
5040 9993
5041 9992
5042 9990
5043 9992
5044 9994
5045 9991
5046 9993
5047 9992
5048 9990
5049 9989
5050 9993
5051 9992
5052 9994
5053 9995
5054 9989
5055 9988
5056 9988
5057 9990
5058 9989
5059 9994
5060 9993
5061 9990
5062 9991
5063 9996
5064 9997
5065 9991
5066 9988
5067 9990
5068 9997
5069 9990
5070 9994
5071 9991
5072 9991
5073 9992
5074 9997
5075 9991
5076 9994
5077 9990
5078 9990
5079 9995
5080 9988
5081 9988
5082 9988
5083 9990
5084 9990
5085 9988
5086 9986
5087 9984
5088 9978
5089 9982
5090 9985
5091 9984
5092 9986
5093 9986
5094 9986
5095 9990
5096 9991
5097 9990
5098 9988
5099 9987
5100 9984
5101 9989
5102 9988
5103 9984
5104 9983
5105 9985
5106 9990
5107 9992
5108 9990
5109 9993
5110 9990
5111 9991
5112 9993
5113 9985
5114 9979
5115 9981
5116 9981
5117 9986
5118 9991
5119 9993
5120 9991
5121 9994
5122 9991
5123 9994
5124 9982
5125 9988
5126 9994
5127 9996
5128 9993
5129 9989
5130 9996
5131 9992
5132 9995
5133 9993
5134 9989
5135 9989
5136 9986
5137 9988
5138 9993
5139 9995
5140 9989
5141 9991
5142 9994
5143 9988
5144 9989
5145 9995
5146 9988
5147 9993
5148 9992
5149 9992
5150 9990
5151 9983
5152 9987
5153 9989
5154 9992
5155 9989
5156 9988
5157 9993
5158 9990
5159 9987
5160 9988
5161 9994
5162 9992
5163 9994
5164 9988
5165 9992
5166 9992
5167 9994
5168 9988
5169 9986
5170 9988
5171 9993
5172 9985
5173 9986
5174 9992
5175 9989
5176 9993
5177 9991
5178 9989
5179 9991
5180 9995
5181 9991
5182 9993
5183 9995
5184 9989
5185 9989
5186 9991
5187 9996
5188 9989
5189 9988
5190 9992
5191 9995
5192 9990
5193 9994
5194 9994
5195 9990
5196 9992
5197 9993
5198 9996
5199 9991
5200 9993
5201 9992
5202 9994
5203 9992
5204 9989
5205 9993
5206 9993
5207 9996
5208 9991
5209 10000
5210 9989
5211 9990
5212 9989
5213 9985
5214 9990
5215 9991
5216 9992
5217 9990
5218 9991
5219 9992
5220 9996
5221 9993
5222 9990
5223 9995
5224 9992
5225 9994
5226 9988
5227 9994
5228 9997
5229 9994
5230 9995
5231 9993
5232 9993
5233 9993
5234 9991
5235 9988
5236 9989
5237 9988
5238 9989
5239 9993
5240 9987
5241 9990
5242 9991
5243 9994
5244 9989
5245 9992
5246 9991
5247 9991
5248 9993
5249 9989
5250 9993
5251 9991
5252 9992
5253 9994
5254 9992
5255 9994
5256 9990
5257 9989
5258 9998
5259 9994
5260 9991
5261 9993
5262 9992
5263 9989
5264 9992
5265 9987
5266 9988
5267 9988
5268 9986
5269 9983
5270 9985
5271 9987
5272 9982
5273 9987
5274 9988
5275 9993
5276 9996
5277 9991
5278 9991
5279 9992
5280 9990
5281 9986
5282 9986
5283 9987
5284 9986
5285 9987
5286 9990
5287 9987
5288 9987
5289 9988
5290 9994
5291 9988
5292 9991
5293 9994
5294 9994
5295 9994
5296 9994
5297 9989
5298 9990
5299 9994
5300 9992
5301 9994
5302 9990
5303 9992
5304 9989
5305 9987
5306 9989
5307 9987
5308 9990
5309 9988
5310 9983
5311 9985
5312 9984
5313 9979
5314 9976
5315 9981
5316 9984
5317 9984
5318 9985
5319 9984
5320 9986
5321 9987
5322 9991
5323 9991
5324 9987
5325 9989
5326 9990
5327 9987
5328 9991
5329 9994
5330 9993
5331 9995
5332 9995
5333 9990
5334 9991
5335 9991
5336 9992
5337 9990
5338 9989
5339 9989
5340 9992
5341 9990
5342 9997
5343 9988
5344 9991
5345 9994
5346 9993
5347 9994
5348 9994
5349 9985
5350 9985
5351 9983
5352 9982
5353 9984
5354 9988
5355 9983
5356 9987
5357 9981
5358 9979
5359 9977
5360 9974
5361 9975
5362 9978
5363 9980
5364 9981
5365 9980
5366 9978
5367 9977
5368 9973
5369 9977
5370 9971
5371 9974
5372 9975
5373 9973
5374 9975
5375 9974
5376 9978
5377 9974
5378 9979
5379 9986
5380 9987
5381 9989
5382 9988
5383 9991
5384 9992
5385 9992
5386 9986
5387 9987
5388 9990
5389 9992
5390 9991
5391 9991
5392 9996
5393 9988
5394 9985
5395 9994
5396 9997
5397 9990
5398 9993
5399 9996
5400 9994
5401 9993
5402 9992
5403 9989
5404 9994
5405 9987
5406 9990
5407 9992
5408 9989
5409 9991
5410 9991
5411 9995
5412 9987
5413 9990
5414 9989
5415 9987
5416 9989
5417 9988
5418 9991
5419 9997
5420 9996
5421 9986
5422 9982
5423 9986
5424 9989
5425 9985
5426 9983
5427 9984
5428 9984
5429 9986
5430 9985
5431 9985
5432 9976
5433 9975
5434 9975
5435 9979
5436 9981
5437 9979
5438 9979
5439 9979
5440 9983
5441 9982
5442 9978
5443 9980
5444 9980
5445 9982
5446 9983
5447 9982
5448 9982
5449 9984
5450 9984
5451 9989
5452 9990
5453 9994
5454 9985
5455 9985
5456 9988
5457 9990
5458 9994
5459 9988
5460 9992
5461 9992
5462 9990
5463 9991
5464 9994
5465 9996
5466 9991
5467 9988
5468 9993
5469 9993
5470 9987
5471 9991
5472 9992
5473 9989
5474 9992
5475 9992
5476 9989
5477 9987
5478 9992
5479 9994
5480 9993
5481 9990
5482 9991
5483 9988
5484 9993
5485 9992
5486 9992
5487 9986
5488 9991
5489 9997
5490 9996
5491 9990
5492 9989
5493 9989
5494 9990
5495 9991
5496 9992
5497 9992
5498 9988
5499 9988
5500 9988
5501 9985
5502 9987
5503 9989
5504 9985
5505 9988
5506 9989
5507 9992
5508 9985
5509 9986
5510 9984
5511 9992
5512 9995
5513 9988
5514 9985
5515 9986
5516 9987
5517 9986
5518 9987
5519 9988
5520 9993
5521 9992
5522 9989
5523 9992
5524 9992
5525 9988
5526 9992
5527 9993
5528 9989
5529 9991
5530 9989
5531 9993
5532 9995
5533 9992
5534 9994
5535 9994
5536 9994
5537 9993
5538 9986
5539 9987
5540 9986
5541 9990
5542 9995
5543 9996
5544 9991
5545 9989
5546 9992
5547 9986
5548 9985
5549 9993
5550 9991
5551 9993
5552 9989
5553 9989
5554 9992
5555 9992
5556 9988
5557 9986
5558 9992
5559 9987
5560 9988
5561 9990
5562 9994
5563 9996
5564 9990
5565 9988
5566 9989
5567 9991
5568 9990
5569 9986
5570 9989
5571 9992
5572 9988
5573 9991
5574 9990
5575 9996
5576 9990
5577 9996
5578 9989
5579 9988
5580 9984
5581 9984
5582 9982
5583 9983
5584 9984
5585 9984
5586 9989
5587 9989
5588 9991
5589 9995
5590 9988
5591 9989
5592 9989
5593 9991
5594 9993
5595 9989
5596 9995
5597 9994
5598 9988
5599 9992
5600 9990
5601 9992
5602 9988
5603 9989
5604 9988
5605 9994
5606 9992
5607 9990
5608 9992
5609 9993
5610 9996
5611 9995
5612 9993
5613 9992
5614 9993
5615 9984
5616 9986
5617 9982
5618 9984
5619 9979
5620 9982
5621 9984
5622 9987
5623 9983
5624 9986
5625 9987
5626 9987
5627 9989
5628 9988
5629 9993
5630 9992
5631 9992
5632 9991
5633 9994
5634 9989
5635 9990
5636 9991
5637 9996
5638 9994
5639 9994
5640 9991
5641 9985
5642 9983
5643 9982
5644 9984
5645 9982
5646 9986
5647 9988
5648 9991
5649 9989
5650 9994
5651 9992
5652 9988
5653 9989
5654 9993
5655 9991
5656 9996
5657 9991
5658 9991
5659 9994
5660 9994
5661 9987
5662 9992
5663 9992
5664 9996
5665 9991
5666 9997
5667 9987
5668 9983
5669 9988
5670 9994
5671 9988
5672 9989
5673 9990
5674 9992
5675 9987
5676 9992
5677 9991
5678 9988
5679 9989
5680 9990
5681 9992
5682 9991
5683 9994
5684 9992
5685 9989
5686 9992
5687 9986
5688 9985
5689 9988
5690 9989
5691 9991
5692 9985
5693 9980
5694 9982
5695 9988
5696 9987
5697 9984
5698 9979
5699 9984
5700 9988
5701 9986
5702 9984
5703 9987
5704 9987
5705 9988
5706 9987
5707 9987
5708 9992
5709 9993
5710 9985
5711 9988
5712 9986
5713 9989
5714 9993
5715 9993
5716 9993
5717 9991
5718 9994
5719 9988
5720 9989
5721 9991
5722 9994
5723 9993
5724 9993
5725 9990
5726 9992
5727 9992
5728 9989
5729 9992
5730 9993
5731 9993
5732 9992
5733 9992
5734 9988
5735 9990
5736 9992
5737 9993
5738 9989
5739 9986
5740 9991
5741 9991
5742 9996
5743 9992
5744 9997
5745 9995
5746 9992
5747 9992
5748 9993
5749 9990
5750 9992
5751 9991
5752 9994
5753 9990
5754 9995
5755 9992
5756 9994
5757 9995
5758 9994
5759 9989
5760 9989
5761 9998
5762 9990
5763 9989
5764 9992
5765 9990
5766 9991
5767 9993
5768 9992
5769 9991
5770 9992
5771 9990
5772 9998
5773 9990
5774 9991
5775 9986
5776 9984
5777 9986
5778 9988
5779 9988
5780 9980
5781 9982
5782 9988
5783 9983
5784 9985
5785 9990
5786 9993
5787 9991
5788 9991
5789 9993
5790 9990
5791 9997
5792 9995
5793 9992
5794 9994
5795 9987
5796 9983
5797 9980
5798 9981
5799 9981
5800 9976
5801 9979
5802 9985
5803 9985
5804 9983
5805 9989
5806 9992
5807 9988
5808 9985
5809 9984
5810 9983
5811 9985
5812 9990
5813 9989
5814 9993
5815 9989
5816 9990
5817 9996
5818 9990
5819 9997
5820 9989
5821 9991
5822 9988
5823 9991
5824 9992
5825 9986
5826 9989
5827 9990
5828 9997
5829 9987
5830 9989
5831 9986
5832 9991
5833 9993
5834 9989
5835 9993
5836 9988
5837 9992
5838 9991
5839 9993
5840 9989
5841 9985
5842 9988
5843 9992
5844 9990
5845 9994
5846 9989
5847 9995
5848 9986
5849 9994
5850 9992
5851 9995
5852 9991
5853 9984
5854 9986
5855 9987
5856 9992
5857 9989
5858 9993
5859 9988
5860 9986
5861 9992
5862 9991
5863 9995
5864 9988
5865 9989
5866 9985
5867 9991
5868 9989
5869 9989
5870 9987
5871 9991
5872 9989
5873 9990
5874 9987
5875 9993
5876 9993
5877 9996
5878 9988
5879 9988
5880 9992
5881 9988
5882 9989
5883 9993
5884 9991
5885 9994
5886 9988
5887 9991
5888 9995
5889 9995
5890 9990
5891 9992
5892 9992
5893 9995
5894 9983
5895 9985
5896 9990
5897 9991
5898 9991
5899 9998
5900 9996
5901 9989
5902 9992
5903 9992
5904 9995
5905 9992
5906 9992
5907 9991
5908 9992
5909 9995
5910 9988
5911 9986
5912 9986
5913 9990
5914 9992
5915 9988
5916 9991
5917 9992
5918 9992
5919 9990
5920 9994
5921 9995
5922 9997
5923 9994
5924 9993
5925 9998
5926 9993
5927 9990
5928 9991
5929 9991
5930 9993
5931 9993
5932 9996
5933 9989
5934 9984
5935 9986
5936 9990
5937 9993
5938 9994
5939 9994
5940 9992
5941 9988
5942 9991
5943 9990
5944 9993
5945 9993
5946 9997
5947 9997
5948 9993
5949 9992
5950 9991
5951 9987
5952 9987
5953 9990
5954 9992
5955 9993
5956 9992
5957 9988
5958 9997
5959 9991
5960 9990
5961 9992
5962 9993
5963 9994
5964 9993
5965 9993
5966 9990
5967 9995
5968 9988
5969 9990
5970 9989
5971 9988
5972 9986
5973 9986
5974 9983
5975 9985
5976 9985
5977 9985
5978 9985
5979 9980
5980 9981
5981 9982
5982 9983
5983 9989
5984 9984
5985 9984
5986 9988
5987 9990
5988 9993
5989 9993
5990 9991
5991 9990
5992 9985
5993 9984
5994 9988
5995 9993
5996 9993
5997 9995
5998 9991
5999 9993
6000 9992
6001 9990
6002 9992
6003 9996
6004 9987
6005 9989
6006 9990
6007 9994
6008 9987
6009 9989
6010 9994
6011 9991
6012 9991
6013 9988
6014 9987
6015 9990
6016 9991
6017 9992
6018 9992
6019 9987
6020 9987
6021 9990
6022 9992
6023 9993
6024 9992
6025 9988
6026 9990
6027 9987
6028 9988
6029 9992
6030 9993
6031 9994
6032 9994
6033 9991
6034 9988
6035 9985
6036 9982
6037 9988
6038 9987
6039 9987
6040 9984
6041 9982
6042 9980
6043 9984
6044 9988
6045 9989
6046 9987
6047 9991
6048 9984
6049 9987
6050 9990
6051 9990
6052 9988
6053 9990
6054 9988
6055 9990
6056 9994
6057 9990
6058 9992
6059 9993
6060 9988
6061 9995
6062 9990
6063 9998
6064 9989
6065 9984
6066 9983
6067 9984
6068 9980
6069 9979
6070 9984
6071 9987
6072 9986
6073 9994
6074 9992
6075 9992
6076 9995
6077 9989
6078 9992
6079 9992
6080 9987
6081 9989
6082 9992
6083 9994
6084 9988
6085 9986
6086 9981
6087 9980
6088 9982
6089 9986
6090 9986
6091 9989
6092 9994
6093 9994
6094 9990
6095 9992
6096 9992
6097 9990
6098 9990
6099 9990
6100 9992
6101 9990
6102 9991
6103 9993
6104 9995
6105 9994
6106 9989
6107 9992
6108 9992
6109 9988
6110 9988
6111 9986
6112 9989
6113 9992
6114 9994
6115 9993
6116 9989
6117 9985
6118 9986
6119 9990
6120 9990
6121 9992
6122 9981
6123 9984
6124 9983
6125 9980
6126 9979
6127 9977
6128 9978
6129 9980
6130 9979
6131 9984
6132 9987
6133 9992
6134 9990
6135 9984
6136 9984
6137 9987
6138 9990
6139 9990
6140 9995
6141 9993
6142 9994
6143 9991
6144 9993
6145 9990
6146 9989
6147 9988
6148 9991
6149 9991
6150 9992
6151 9993
6152 9989
6153 9987
6154 9990
6155 9994
6156 9989
6157 9993
6158 9994
6159 9991
6160 9994
6161 9994
6162 9994
6163 9995
6164 9989
6165 9983
6166 9989
6167 9987
6168 9994
6169 9993
6170 9991
6171 9988
6172 9995
6173 9992
6174 9992
6175 9988
6176 9990
6177 9990
6178 9994
6179 9990
6180 9991
6181 9990
6182 9990
6183 9988
6184 9994
6185 9993
6186 9990
6187 9992
6188 9993
6189 9991
6190 9992
6191 9992
6192 9991
6193 9989
6194 9987
6195 9984
6196 9989
6197 9994
6198 9986
6199 9989
6200 9993
6201 9987
6202 9986
6203 9988
6204 9989
6205 9994
6206 9984
6207 9984
6208 9987
6209 9991
6210 9988
6211 9991
6212 9994
6213 9992
6214 9990
6215 9988
6216 9988
6217 9991
6218 9985
6219 9986
6220 9987
6221 9984
6222 9989
6223 9993
6224 9992
6225 9991
6226 9992
6227 9993
6228 9993
6229 9989
6230 9994
6231 9990
6232 9992
6233 9988
6234 9986
6235 9988
6236 9994
6237 9988
6238 9991
6239 9994
6240 9990
6241 9993
6242 9995
6243 9995
6244 9990
6245 9995
6246 9994
6247 9993
6248 9988
6249 9995
6250 9990
6251 9988
6252 9993
6253 9991
6254 9993
6255 9990
6256 9983
6257 9985
6258 9985
6259 9991
6260 9996
6261 9993
6262 9996
6263 9993
6264 9994
6265 9994
6266 9994
6267 9989
6268 9991
6269 9993
6270 9994
6271 9991
6272 9995
6273 9993
6274 9989
6275 9992
6276 9992
6277 9993
6278 9994
6279 9991
6280 9992
6281 9997
6282 9988
6283 9986
6284 9989
6285 9989
6286 9989
6287 9992
6288 9990
6289 9989
6290 9992
6291 9994
6292 9993
6293 9989
6294 9994
6295 9993
6296 9991
6297 9992
6298 9995
6299 9994
6300 9994
6301 9994
6302 9994
6303 9994
6304 9996
6305 9989
6306 9991
6307 9991
6308 9993
6309 9993
6310 9994
6311 9992
6312 9993
6313 9994
6314 9991
6315 9991
6316 9999
6317 9994
6318 9991
6319 9993
6320 9990
6321 9996
6322 9986
6323 9991
6324 9996
6325 9991
6326 9987
6327 9991
6328 9991
6329 9992
6330 9991
6331 9990
6332 9993
6333 9987
6334 9984
6335 9983
6336 9983
6337 9982
6338 9984
6339 9987
6340 9986
6341 9992
6342 9990
6343 9990
6344 9995
6345 9996
6346 9990
6347 9991
6348 9993
6349 9985
6350 9985
6351 9987
6352 9990
6353 9995
6354 9994
6355 9989
6356 9991
6357 9988
6358 9982
6359 9986
6360 9986
6361 9984
6362 9990
6363 9990
6364 9993
6365 9987
6366 9989
6367 9985
6368 9986
6369 9989
6370 9992
6371 9993
6372 9993
6373 9995
6374 9990
6375 9995
6376 9992
6377 9992
6378 9992
6379 9990
6380 9988
6381 9991
6382 9991
6383 9990
6384 9992
6385 9990
6386 9992
6387 9995
6388 9995
6389 9993
6390 9987
6391 9989
6392 9992
6393 9987
6394 9984
6395 9985
6396 9986
6397 9991
6398 9994
6399 9989
6400 9990
6401 9994
6402 9992
6403 9992
6404 9990
6405 9993
6406 9988
6407 9986
6408 9987
6409 9989
6410 9993
6411 9988
6412 9991
6413 9992
6414 9994
6415 9998
6416 9994
6417 9995
6418 9995
6419 9992
6420 9993
6421 9993
6422 9989
6423 9994
6424 9990
6425 9995
6426 9988
6427 9990
6428 9990
6429 9991
6430 9986
6431 9985
6432 9991
6433 9992
6434 9994
6435 9990
6436 9987
6437 9993
6438 9989
6439 9989
6440 9993
6441 9990
6442 9990
6443 9993
6444 9988
6445 9987
6446 9989
6447 9989
6448 9992
6449 9995
6450 9993
6451 9989
6452 9990
6453 9993
6454 9986
6455 9987
6456 9992
6457 9990
6458 9990
6459 9992
6460 9986
6461 9991
6462 9993
6463 9991
6464 9995
6465 9993
6466 9988
6467 9991
6468 9989
6469 9992
6470 9988
6471 9990
6472 9992
6473 9986
6474 9987
6475 9987
6476 9988
6477 9988
6478 9990
6479 9991
6480 9996
6481 9996
6482 9990
6483 9994
6484 9995
6485 9990
6486 9991
6487 9992
6488 9993
6489 9992
6490 9990
6491 9994
6492 9991
6493 9992
6494 9991
6495 9994
6496 9995
6497 9988
6498 9984
6499 9990
6500 9993
6501 9993
6502 9989
6503 9990
6504 9998
6505 9992
6506 9991
6507 9993
6508 9990
6509 9992
6510 9992
6511 9981
6512 9982
6513 9985
6514 9983
6515 9986
6516 9987
6517 9994
6518 9990
6519 9996
6520 9989
6521 9986
6522 9988
6523 9987
6524 9984
6525 9985
6526 9983
6527 9973
6528 9979
6529 9981
6530 9980
6531 9980
6532 9980
6533 9986
6534 9990
6535 9993
6536 9991
6537 9994
6538 9987
6539 9986
6540 9987
6541 9988
6542 9989
6543 9986
6544 9983
6545 9988
6546 9991
6547 9988
6548 9991
6549 9991
6550 9986
6551 9988
6552 9988
6553 9989
6554 9993
6555 9995
6556 9993
6557 9995
6558 9997
6559 9992
6560 9987
6561 9990
6562 9990
6563 9988
6564 9989
6565 9984
6566 9985
6567 9986
6568 9988
6569 9992
6570 9992
6571 9992
6572 9993
6573 9993
6574 9991
6575 9991
6576 9994
6577 9996
6578 9991
6579 9994
6580 9991
6581 9997
6582 9990
6583 9993
6584 9994
6585 9993
6586 9989
6587 9992
6588 9985
6589 9985
6590 9986
6591 9987
6592 9986
6593 9989
6594 9987
6595 9993
6596 9995
6597 9990
6598 9993
6599 9990
6600 9990
6601 9994
6602 9996
6603 9991
6604 9988
6605 9989
6606 9987
6607 9992
6608 9985
6609 9988
6610 9992
6611 9990
6612 9985
6613 9985
6614 9986
6615 9988
6616 9987
6617 9984
6618 9989
6619 9988
6620 9992
6621 9982
6622 9984
6623 9983
6624 9985
6625 9989
6626 9988
6627 9989
6628 9983
6629 9982
6630 9985
6631 9989
6632 9991
6633 9995
6634 9990
6635 9991
6636 9996
6637 9987
6638 9985
6639 9988
6640 9990
6641 9988
6642 9986
6643 9990
6644 9993
6645 9990
6646 9990
6647 9987
6648 9986
6649 9989
6650 9985
6651 9986
6652 9991
6653 9995
6654 9990
6655 9990
6656 9996
6657 9992
6658 9991
6659 9990
6660 9988
6661 9987
6662 9988
6663 9988
6664 9989
6665 9986
6666 9991
6667 9990
6668 9993
6669 9994
6670 9990
6671 9988
6672 9985
6673 9990
6674 9985
6675 9986
6676 9988
6677 9985
6678 9985
6679 9990
6680 9989
6681 9987
6682 9990
6683 9993
6684 9990
6685 9990
6686 9986
6687 9988
6688 9987
6689 9992
6690 9991
6691 9993
6692 9992
6693 9992
6694 9988
6695 9990
6696 9993
6697 9994
6698 9987
6699 9990
6700 9988
6701 9976
6702 9970
6703 9968
6704 9969
6705 9971
6706 9972
6707 9974
6708 9977
6709 9982
6710 9985
6711 9986
6712 9986
6713 9991
6714 9989
6715 9990
6716 9992
6717 9991
6718 9989
6719 9990
6720 9992
6721 9989
6722 9991
6723 9992
6724 9990
6725 9992
6726 9982
6727 9987
6728 9986
6729 9983
6730 9986
6731 9989
6732 9992
6733 9993
6734 9992
6735 9989
6736 9989
6737 9989
6738 9989
6739 9988
6740 9994
6741 9990
6742 9989
6743 9996
6744 9994
6745 9997
6746 9988
6747 9983
6748 9978
6749 9981
6750 9981
6751 9985
6752 9986
6753 9992
6754 9991
6755 9993
6756 9993
6757 9987
6758 9990
6759 9993
6760 9993
6761 9988
6762 9993
6763 9990
6764 9990
6765 9992
6766 9994
6767 9994
6768 9993
6769 9992
6770 9993
6771 9989
6772 9992
6773 9998
6774 9990
6775 9987
6776 9984
6777 9988
6778 9984
6779 9982
6780 9981
6781 9983
6782 9989
6783 9991
6784 9986
6785 9986
6786 9984
6787 9986
6788 9983
6789 9982
6790 9987
6791 9989
6792 9987
6793 9992
6794 9991
6795 9991
6796 9993
6797 9994
6798 9995
6799 9995
6800 9984
6801 9984
6802 9978
6803 9984
6804 9992
6805 9985
6806 9990
6807 9987
6808 9990
6809 9990
6810 9991
6811 9992
6812 9994
6813 9994
6814 9991
6815 9994
6816 9986
6817 9988
6818 9994
6819 9987
6820 9987
6821 9989
6822 9996
6823 9986
6824 9983
6825 9983
6826 9986
6827 9988
6828 9989
6829 9992
6830 9995
6831 9991
6832 9989
6833 9993
6834 9991
6835 9990
6836 9994
6837 9988
6838 9992
6839 9995
6840 9994
6841 9988
6842 9991
6843 9994
6844 9990
6845 9993
6846 9991
6847 9995
6848 9991
6849 9990
6850 9991
6851 9988
6852 9987
6853 9992
6854 9990
6855 9992
6856 9991
6857 9984
6858 9988
6859 9987
6860 9990
6861 9986
6862 9988
6863 9992
6864 9992
6865 9992
6866 9996
6867 9995
6868 9992
6869 9996
6870 9991
6871 9990
6872 9994
6873 9991
6874 9993
6875 9991
6876 9990
6877 9989
6878 9992
6879 9995
6880 9992
6881 9989
6882 9991
6883 9990
6884 9997
6885 9991
6886 9996
6887 9993
6888 9992
6889 9994
6890 9995
6891 9996
6892 9990
6893 9992
6894 9991
6895 9992
6896 9990
6897 9992
6898 9990
6899 9993
6900 9988
6901 9985
6902 9989
6903 9990
6904 9991
6905 9992
6906 9992
6907 9989
6908 9996
6909 9988
6910 9990
6911 9993
6912 9986
6913 9983
6914 9987
6915 9990
6916 9995
6917 9992
6918 9991
6919 9991
6920 9989
6921 9986
6922 9988
6923 9991
6924 9987
6925 9991
6926 9996
6927 9991
6928 9991
6929 9987
6930 9988
6931 9992
6932 9993
6933 9990
6934 9982
6935 9985
6936 9983
6937 9987
6938 9989
6939 9987
6940 9989
6941 9988
6942 9990
6943 9991
6944 9984
6945 9987
6946 9989
6947 9991
6948 9993
6949 9990
6950 9993
6951 9990
6952 9993
6953 9992
6954 9988
6955 9989
6956 9990
6957 9988
6958 9985
6959 9984
6960 9983
6961 9984
6962 9990
6963 9997
6964 9991
6965 9993
6966 9990
6967 9994
6968 9996
6969 9987
6970 9989
6971 9992
6972 9989
6973 9995
6974 9989
6975 9989
6976 9994
6977 9991
6978 9993
6979 9992
6980 9992
6981 9993
6982 9986
6983 9986
6984 9991
6985 9994
6986 9993
6987 9986
6988 9985
6989 9987
6990 9988
6991 9991
6992 9989
6993 9993
6994 9992
6995 9996
6996 9992
6997 9992
6998 9989
6999 9986
7000 9976
7001 9975
7002 9977
7003 9976
7004 9978
7005 9975
7006 9974
7007 9975
7008 9978
7009 9979
7010 9977
7011 9981
7012 9976
7013 9973
7014 9979
7015 9983
7016 9987
7017 9985
7018 9986
7019 9986
7020 9991
7021 9992
7022 9995
7023 9987
7024 9990
7025 9989
7026 9991
7027 9990
7028 9996
7029 9991
7030 9983
7031 9973
7032 9973
7033 9975
7034 9972
7035 9973
7036 9978
7037 9982
7038 9981
7039 9984
7040 9985
7041 9990
7042 9988
7043 9991
7044 9995
7045 9992
7046 9990
7047 9992
7048 9983
7049 9982
7050 9980
7051 9979
7052 9977
7053 9975
7054 9978
7055 9983
7056 9981
7057 9982
7058 9985
7059 9983
7060 9987
7061 9992
7062 9987
7063 9994
7064 9991
7065 9991
7066 9995
7067 9988
7068 9991
7069 9989
7070 9991
7071 9993
7072 9994
7073 9993
7074 9989
7075 9987
7076 9990
7077 9994
7078 9992
7079 9993
7080 9991
7081 9990
7082 9992
7083 9992
7084 9993
7085 9995
7086 9986
7087 9988
7088 9990
7089 9995
7090 9992
7091 9994
7092 9995
7093 9991
7094 9991
7095 9990
7096 9992
7097 9991
7098 9996
7099 9987
7100 9985
7101 9986
7102 9989
7103 9994
7104 9988
7105 9990
7106 9990
7107 9991
7108 9993
7109 9987
7110 9986
7111 9987
7112 9990
7113 9993
7114 9992
7115 9992
7116 9996
7117 9995
7118 9986
7119 9988
7120 9991
7121 9989
7122 9991
7123 9994
7124 9992
7125 9989
7126 9992
7127 9994
7128 9990
7129 9992
7130 9997
7131 9994
7132 9986
7133 9985
7134 9988
7135 9988
7136 9993
7137 9988
7138 9985
7139 9990
7140 9993
7141 9988
7142 9991
7143 9991
7144 9993
7145 9991
7146 9989
7147 9992
7148 9987
7149 9991
7150 9987
7151 9988
7152 9995
7153 9991
7154 9986
7155 9986
7156 9991
7157 9990
7158 9988
7159 9990
7160 9991
7161 9995
7162 9990
7163 9995
7164 9989
7165 9988
7166 9989
7167 9988
7168 9990
7169 9990
7170 9992
7171 9987
7172 9987
7173 9991
7174 9994
7175 9988
7176 9989
7177 9988
7178 9984
7179 9987
7180 9987
7181 9993
7182 9992
7183 9986
7184 9988
7185 9992
7186 9992
7187 9994
7188 9991
7189 9988
7190 9992
7191 9992
7192 9990
7193 9990
7194 9987
7195 9988
7196 9995
7197 9991
7198 9988
7199 9990
7200 9991
7201 9991
7202 9994
7203 9990
7204 9989
7205 9990
7206 9989
7207 9989
7208 9994
7209 9992
7210 9998
7211 9992
7212 9992
7213 9992
7214 9990
7215 9992
7216 9995
7217 9986
7218 9986
7219 9991
7220 9993
7221 9990
7222 9990
7223 9989
7224 9991
7225 9991
7226 9989
7227 9992
7228 9992
7229 9991
7230 9992
7231 9988
7232 9992
7233 9994
7234 9996
7235 9993
7236 9991
7237 9988
7238 9990
7239 9993
7240 9988
7241 9985
7242 9979
7243 9982
7244 9978
7245 9979
7246 9983
7247 9988
7248 9989
7249 9991
7250 9993
7251 9995
7252 9992
7253 9990
7254 9995
7255 10000
7256 9987
7257 9989
7258 9997
7259 9992
7260 9996
7261 9986
7262 9990
7263 9991
7264 9992
7265 9992
7266 9994
7267 9989
7268 9991
7269 9993
7270 9989
7271 9988
7272 9993
7273 9994
7274 9996
7275 9985
7276 9986
7277 9989
7278 9991
7279 9993
7280 9995
7281 9984
7282 9985
7283 9991
7284 9991
7285 9988
7286 9989
7287 9989
7288 9992
7289 9995
7290 9988
7291 9987
7292 9987
7293 9984
7294 9983
7295 9986
7296 9988
7297 9990
7298 9989
7299 9993
7300 9988
7301 9982
7302 9983
7303 9983
7304 9987
7305 9994
7306 9993
7307 9991
7308 9993
7309 9990
7310 9993
7311 9988
7312 9993
7313 9990
7314 9990
7315 9994
7316 9990
7317 9987
7318 9991
7319 9990
7320 9983
7321 9983
7322 9987
7323 9989
7324 9993
7325 9993
7326 9990
7327 9991
7328 9989
7329 9988
7330 9991
7331 9988
7332 9987
7333 9995
7334 9993
7335 9994
7336 9993
7337 9987
7338 9990
7339 9993
7340 9990
7341 9986
7342 9989
7343 9992
7344 9994
7345 9991
7346 9991
7347 9993
7348 9989
7349 9987
7350 9989
7351 9993
7352 9987
7353 9988
7354 9991
7355 9991
7356 9996
7357 9990
7358 9994
7359 9988
7360 9989
7361 9991
7362 9995
7363 9992
7364 9992
7365 9991
7366 9989
7367 9992
7368 9990
7369 9987
7370 9991
7371 9989
7372 9992
7373 9995
7374 9988
7375 9988
7376 9996
7377 9995
7378 9996
7379 9993
7380 9992
7381 9995
7382 9994
7383 9994
7384 9991
7385 9992
7386 9990
7387 9985
7388 9989
7389 9993
7390 9991
7391 9988
7392 9988
7393 9988
7394 9986
7395 9988
7396 9992
7397 9996
7398 9988
7399 9993
7400 9992
7401 9989
7402 9990
7403 9989
7404 9989
7405 9986
7406 9990
7407 9990
7408 9992
7409 9991
7410 9993
7411 9991
7412 9992
7413 9991
7414 9995
7415 9992
7416 9994
7417 9993
7418 9989
7419 9989
7420 9995
7421 9985
7422 9984
7423 9987
7424 9988
7425 9992
7426 9989
7427 9988
7428 9986
7429 9984
7430 9986
7431 9987
7432 9986
7433 9988
7434 9992
7435 9993
7436 9996
7437 9987
7438 9988
7439 9990
7440 9994
7441 9991
7442 9997
7443 9992
7444 9995
7445 9990
7446 9992
7447 9991
7448 9994
7449 9991
7450 9988
7451 9990
7452 9993
7453 9996
7454 9989
7455 9993
7456 9992
7457 9994
7458 9991
7459 9997
7460 9995
7461 9995
7462 9993
7463 9992
7464 9988
7465 9992
7466 9990
7467 9993
7468 9991
7469 9988
7470 9992
7471 9991
7472 9991
7473 9992
7474 9990
7475 9992
7476 9991
7477 9994
7478 9991
7479 9993
7480 9993
7481 9990
7482 9991
7483 9992
7484 9988
7485 9986
7486 9992
7487 9991
7488 9991
7489 9996
7490 9992
7491 9996
7492 9994
7493 9987
7494 9989
7495 9989
7496 9992
7497 9996
7498 9992
7499 9993
7500 9995
7501 9993
7502 9990
7503 9988
7504 9993
7505 9990
7506 9990
7507 9991
7508 9994
7509 9994
7510 9994
7511 9992
7512 9996
7513 9990
7514 9991
7515 9989
7516 9989
7517 9994
7518 9989
7519 9987
7520 9989
7521 9993
7522 9994
7523 9995
7524 9999
7525 9997
7526 9988
7527 9987
7528 9986
7529 9991
7530 9984
7531 9991
7532 9989
7533 9987
7534 9990
7535 9994
7536 9996
7537 9988
7538 9990
7539 9992
7540 9987
7541 9993
7542 9988
7543 9990
7544 9992
7545 9992
7546 9990
7547 9989
7548 9983
7549 9982
7550 9978
7551 9980
7552 9978
7553 9982
7554 9982
7555 9989
7556 9988
7557 9988
7558 9987
7559 9986
7560 9987
7561 9987
7562 9989
7563 9983
7564 9985
7565 9984
7566 9984
7567 9985
7568 9980
7569 9982
7570 9990
7571 9996
7572 9987
7573 9986
7574 9988
7575 9988
7576 9990
7577 9992
7578 9998
7579 9990
7580 9995
7581 9984
7582 9988
7583 9992
7584 9995
7585 9990
7586 9993
7587 9993
7588 9995
7589 9990
7590 9993
7591 9983
7592 9985
7593 9984
7594 9987
7595 9982
7596 9988
7597 9987
7598 9981
7599 9983
7600 9982
7601 9984
7602 9981
7603 9980
7604 9980
7605 9985
7606 9990
7607 9994
7608 9990
7609 9993
7610 9986
7611 9984
7612 9981
7613 9981
7614 9982
7615 9977
7616 9980
7617 9983
7618 9983
7619 9981
7620 9984
7621 9990
7622 9995
7623 9992
7624 9993
7625 9995
7626 9988
7627 9991
7628 9993
7629 9997
7630 9992
7631 9989
7632 9990
7633 9983
7634 9985
7635 9986
7636 9985
7637 9989
7638 9991
7639 9993
7640 9991
7641 9993
7642 9994
7643 9995
7644 9990
7645 9992
7646 9990
7647 9998
7648 9996
7649 9994
7650 9996
7651 9993
7652 9994
7653 9991
7654 9988
7655 9992
7656 9992
7657 9987
7658 9987
7659 9987
7660 9984
7661 9983
7662 9983
7663 9982
7664 9980
7665 9983
7666 9982
7667 9984
7668 9988
7669 9989
7670 9983
7671 9989
7672 9986
7673 9985
7674 9980
7675 9985
7676 9988
7677 9991
7678 9991
7679 9985
7680 9987
7681 9991
7682 9992
7683 9992
7684 9991
7685 9991
7686 9988
7687 9991
7688 9990
7689 9987
7690 9990
7691 9993
7692 9994
7693 9993
7694 9990
7695 9993
7696 9991
7697 9991
7698 9993
7699 9994
7700 9989
7701 9991
7702 9992
7703 9989
7704 9990
7705 9990
7706 9993
7707 9992
7708 9993
7709 9993
7710 9990
7711 9991
7712 9988
7713 9990
7714 9993
7715 9991
7716 9990
7717 9997
7718 9991
7719 9996
7720 9994
7721 9989
7722 9989
7723 9988
7724 9982
7725 9984
7726 9989
7727 9989
7728 9992
7729 9991
7730 9996
7731 9992
7732 9991
7733 9995
7734 9989
7735 9994
7736 9994
7737 9995
7738 9987
7739 9988
7740 9993
7741 9984
7742 9987
7743 9978
7744 9978
7745 9980
7746 9986
7747 9989
7748 9990
7749 9994
7750 9997
7751 9995
7752 9991
7753 9994
7754 9996
7755 9993
7756 9993
7757 9993
7758 9987
7759 9991
7760 9991
7761 9997
7762 9988
7763 9993
7764 9988
7765 9987
7766 9986
7767 9989
7768 9993
7769 9992
7770 9991
7771 9994
7772 9989
7773 9990
7774 9995
7775 9994
7776 9993
7777 9996
7778 9987
7779 9983
7780 9983
7781 9981
7782 9980
7783 9983
7784 9983
7785 9987
7786 9990
7787 9991
7788 9992
7789 9996
7790 9988
7791 9994
7792 9996
7793 9994
7794 9989
7795 9993
7796 9993
7797 9992
7798 9991
7799 9996
7800 9994
7801 9992
7802 9984
7803 9983
7804 9984
7805 9988
7806 9993
7807 9993
7808 9995
7809 9992
7810 9985
7811 9985
7812 9993
7813 9990
7814 9990
7815 9987
7816 9986
7817 9988
7818 9985
7819 9984
7820 9983
7821 9988
7822 9985
7823 9988
7824 9989
7825 9990
7826 9985
7827 9983
7828 9989
7829 9987
7830 9990
7831 9991
7832 9991
7833 9993
7834 9989
7835 9991
7836 9994
7837 9994
7838 9987
7839 9980
7840 9980
7841 9986
7842 9986
7843 9981
7844 9980
7845 9974
7846 9976
7847 9975
7848 9978
7849 9972
7850 9973
7851 9969
7852 9965
7853 9967
7854 9967
7855 9970
7856 9970
7857 9972
7858 9970
7859 9975
7860 9973
7861 9973
7862 9977
7863 9975
7864 9975
7865 9974
7866 9978
7867 9980
7868 9984
7869 9988
7870 9992
7871 9982
7872 9979
7873 9972
7874 9969
7875 9967
7876 9973
7877 9978
7878 9980
7879 9978
7880 9983
7881 9986
7882 9989
7883 9993
7884 9985
7885 9986
7886 9987
7887 9988
7888 9987
7889 9988
7890 9992
7891 9992
7892 9990
7893 9986
7894 9986
7895 9990
7896 9990
7897 9991
7898 9992
7899 9990
7900 9989
7901 9991
7902 9993
7903 9990
7904 9993
7905 9993
7906 9989
7907 9990
7908 9990
7909 9991
7910 9988
7911 9990
7912 9990
7913 9995
7914 9993
7915 9992
7916 9992
7917 9990
7918 9987
7919 9986
7920 9993
7921 9989
7922 9991
7923 9992
7924 9989
7925 9993
7926 9982
7927 9986
7928 9990
7929 9991
7930 9992
7931 9994
7932 9994
7933 9991
7934 9989
7935 9992
7936 9995
7937 9984
7938 9982
7939 9985
7940 9984
7941 9985
7942 9989
7943 9987
7944 9987
7945 9991
7946 9990
7947 9994
7948 9987
7949 9992
7950 9992
7951 9990
7952 9995
7953 9995
7954 9987
7955 9986
7956 9980
7957 9984
7958 9984
7959 9983
7960 9986
7961 9991
7962 9995
7963 9989
7964 9990
7965 9995
7966 9990
7967 9987
7968 9990
7969 9988
7970 9993
7971 9993
7972 9993
7973 9988
7974 9987
7975 9990
7976 9990
7977 9989
7978 9986
7979 9989
7980 9992
7981 9997
7982 9997
7983 9985
7984 9982
7985 9982
7986 9988
7987 9991
7988 9990
7989 9985
7990 9992
7991 9994
7992 9991
7993 9992
7994 9989
7995 9992
7996 9990
7997 9993
7998 9987
7999 9991
8000 9987
8001 9987
8002 9989
8003 9991
8004 9992
8005 9994
8006 9985
8007 9983
8008 9981
8009 9981
8010 9980
8011 9980
8012 9986
8013 9992
8014 9994
8015 9986
8016 9990
8017 9996
8018 9987
8019 9983
8020 9984
8021 9986
8022 9987
8023 9990
8024 9987
8025 9986
8026 9986
8027 9991
8028 9995
8029 9992
8030 9989
8031 9992
8032 9988
8033 9989
8034 9991
8035 9993
8036 9995
8037 9994
8038 9990
8039 9996
8040 9992
8041 9991
8042 9992
8043 9987
8044 9989
8045 9988
8046 9992
8047 9992
8048 9990
8049 9993
8050 9994
8051 9991
8052 9990
8053 9991
8054 9988
8055 9995
8056 9991
8057 9994
8058 9992
8059 9995
8060 9994
8061 9991
8062 9987
8063 9992
8064 9990
8065 9994
8066 9991
8067 9993
8068 9989
8069 9994
8070 9993
8071 9985
8072 9980
8073 9984
8074 9986
8075 9988
8076 9987
8077 9990
8078 9989
8079 9985
8080 9983
8081 9984
8082 9986
8083 9990
8084 9991
8085 9992
8086 9995
8087 9991
8088 9988
8089 9990
8090 9996
8091 9991
8092 9991
8093 9990
8094 9988
8095 9986
8096 9992
8097 9995
8098 9992
8099 9990
8100 9988
8101 9991
8102 9993
8103 9991
8104 9992
8105 9994
8106 9994
8107 9989
8108 9990
8109 9988
8110 9987
8111 9989
8112 9992
8113 9990
8114 9991
8115 9991
8116 9993
8117 9989
8118 9986
8119 9988
8120 9990
8121 9988
8122 9991
8123 9992
8124 9991
8125 9989
8126 9991
8127 9988
8128 9992
8129 9991
8130 9992
8131 9989
8132 9989
8133 9989
8134 9989
8135 9987
8136 9988
8137 9989
8138 9987
8139 9987
8140 9989
8141 9991
8142 9992
8143 9993
8144 9991
8145 9984
8146 9985
8147 9986
8148 9992
8149 9988
8150 9993
8151 9995
8152 9991
8153 9994
8154 9982
8155 9983
8156 9987
8157 9987
8158 9990
8159 9984
8160 9986
8161 9986
8162 9988
8163 9993
8164 9987
8165 9988
8166 9986
8167 9984
8168 9989
8169 9994
8170 9988
8171 9989
8172 9991
8173 9987
8174 9984
8175 9985
8176 9987
8177 9988
8178 9990
8179 9994
8180 9991
8181 9994
8182 9991
8183 9985
8184 9984
8185 9985
8186 9979
8187 9977
8188 9977
8189 9980
8190 9980
8191 9980
8192 9983
8193 9987
8194 9990
8195 9995
8196 9996
8197 9995
8198 9991
8199 9993
8200 9992
8201 9995
8202 9989
8203 9996
8204 9991
8205 9997
8206 9991
8207 9989
8208 9985
8209 9990
8210 9989
8211 9992
8212 9996
8213 9991
8214 9989
8215 9991
8216 9992
8217 9995
8218 9988
8219 9989
8220 9987
8221 9989
8222 9992
8223 9989
8224 9989
8225 9988
8226 9987
8227 9985
8228 9989
8229 9985
8230 9993
8231 9990
8232 9988
8233 9994
8234 9993
8235 9993
8236 9994
8237 9993
8238 9994
8239 9994
8240 9995
8241 9990
8242 9991
8243 9987
8244 9988
8245 9992
8246 9994
8247 9994
8248 9990
8249 9993
8250 9990
8251 9994
8252 9987
8253 9986
8254 9988
8255 9993
8256 9992
8257 9990
8258 9989
8259 9983
8260 9986
8261 9986
8262 9989
8263 9994
8264 9993
8265 9991
8266 9995
8267 9990
8268 9990
8269 9999
8270 9990
8271 9992
8272 9991
8273 9991
8274 9993
8275 9988
8276 9992
8277 9994
8278 9990
8279 9995
8280 9992
8281 9993
8282 9988
8283 9988
8284 9991
8285 9991
8286 9992
8287 9989
8288 9984
8289 9987
8290 9989
8291 9993
8292 9992
8293 9996
8294 9993
8295 9986
8296 9986
8297 9985
8298 9989
8299 9990
8300 9991
8301 9993
8302 9989
8303 9989
8304 9989
8305 9988
8306 9988
8307 9995
8308 9992
8309 9988
8310 9992
8311 9987
8312 9983
8313 9988
8314 9987
8315 9991
8316 9992
8317 9988
8318 9992
8319 9988
8320 9989
8321 9988
8322 9996
8323 9992
8324 9992
8325 9992
8326 9992
8327 9988
8328 9981
8329 9980
8330 9984
8331 9989
8332 9986
8333 9989
8334 9986
8335 9986
8336 9989
8337 9989
8338 9991
8339 9992
8340 9988
8341 9985
8342 9988
8343 9988
8344 9991
8345 9991
8346 9995
8347 9993
8348 9998
8349 9992
8350 9990
8351 9994
8352 9985
8353 9991
8354 9985
8355 9987
8356 9985
8357 9988
8358 9991
8359 9992
8360 9987
8361 9984
8362 9990
8363 9991
8364 9992
8365 9989
8366 9992
8367 9989
8368 9993
8369 9991
8370 9994
8371 9995
8372 9996
8373 9992
8374 9992
8375 9994
8376 9992
8377 9992
8378 9992
8379 9991
8380 9992
8381 9996
8382 9992
8383 9996
8384 9991
8385 9990
8386 9994
8387 9986
8388 9988
8389 9994
8390 9989
8391 9986
8392 9983
8393 9984
8394 9983
8395 9982
8396 9986
8397 9990
8398 9996
8399 9989
8400 9989
8401 9990
8402 9992
8403 9992
8404 9989
8405 9988
8406 9991
8407 9992
8408 9995
8409 9992
8410 9998
8411 9989
8412 9993
8413 9990
8414 9995
8415 9990
8416 9988
8417 9994
8418 9987
8419 9981
8420 9978
8421 9981
8422 9985
8423 9986
8424 9986
8425 9988
8426 9993
8427 9991
8428 9993
8429 9994
8430 9987
8431 9983
8432 9986
8433 9984
8434 9982
8435 9987
8436 9986
8437 9983
8438 9984
8439 9985
8440 9987
8441 9988
8442 9985
8443 9990
8444 9995
8445 9983
8446 9987
8447 9990
8448 9991
8449 9990
8450 9983
8451 9983
8452 9986
8453 9986
8454 9990
8455 9986
8456 9989
8457 9989
8458 9988
8459 9992
8460 9991
8461 9990
8462 9990
8463 9994
8464 9990
8465 9987
8466 9989
8467 9993
8468 9987
8469 9984
8470 9988
8471 9992
8472 9986
8473 9990
8474 9996
8475 9992
8476 9995
8477 9987
8478 9989
8479 9994
8480 9999
8481 9991
8482 9993
8483 9994
8484 9993
8485 9991
8486 9991
8487 9994
8488 9995
8489 9990
8490 9990
8491 9987
8492 9983
8493 9982
8494 9984
8495 9988
8496 9982
8497 9977
8498 9977
8499 9976
8500 9977
8501 9975
8502 9978
8503 9978
8504 9982
8505 9981
8506 9981
8507 9988
8508 9990
8509 9989
8510 9985
8511 9989
8512 9993
8513 9991
8514 9991
8515 9990
8516 9993
8517 9994
8518 9996
8519 9989
8520 9988
8521 9984
8522 9984
8523 9991
8524 9991
8525 9991
8526 9990
8527 9985
8528 9989
8529 9991
8530 9992
8531 9992
8532 9990
8533 9996
8534 9990
8535 9991
8536 9990
8537 9996
8538 9991
8539 9996
8540 9989
8541 9991
8542 9991
8543 9985
8544 9985
8545 9987
8546 9986
8547 9990
8548 9990
8549 9991
8550 9993
8551 9994
8552 9994
8553 9991
8554 9991
8555 9991
8556 9992
8557 9989
8558 9986
8559 9987
8560 9987
8561 9987
8562 9989
8563 9982
8564 9981
8565 9985
8566 9988
8567 9989
8568 9985
8569 9986
8570 9988
8571 9991
8572 9991
8573 9992
8574 9995
8575 9991
8576 9991
8577 9995
8578 9988
8579 9988
8580 9993
8581 9993
8582 9994
8583 9990
8584 9988
8585 9992
8586 9995
8587 9990
8588 9989
8589 9991
8590 9995
8591 9993
8592 9986
8593 9988
8594 9992
8595 9985
8596 9987
8597 9990
8598 9993
8599 9988
8600 9986
8601 9991
8602 9993
8603 9992
8604 9992
8605 9988
8606 9993
8607 9993
8608 9989
8609 9992
8610 9992
8611 9993
8612 9992
8613 9993
8614 9988
8615 9987
8616 9989
8617 9988
8618 9987
8619 9983
8620 9982
8621 9984
8622 9986
8623 9986
8624 9987
8625 9993
8626 9985
8627 9983
8628 9980
8629 9985
8630 9984
8631 9987
8632 9991
8633 9994
8634 9991
8635 9991
8636 9990
8637 9991
8638 9992
8639 9996
8640 9985
8641 9985
8642 9986
8643 9988
8644 9985
8645 9990
8646 9996
8647 9994
8648 9989
8649 9988
8650 9990
8651 9990
8652 9991
8653 9988
8654 9993
8655 9992
8656 9990
8657 9987
8658 9991
8659 9991
8660 9989
8661 9988
8662 9986
8663 9987
8664 9987
8665 9992
8666 9993
8667 9991
8668 9993
8669 9994
8670 9992
8671 9994
8672 9989
8673 9985
8674 9989
8675 9992
8676 9991
8677 9994
8678 9990
8679 9984
8680 9987
8681 9991
8682 9990
8683 9989
8684 9991
8685 9991
8686 9992
8687 9992
8688 9997
8689 9993
8690 9995
8691 9994
8692 9991
8693 9993
8694 9993
8695 9983
8696 9985
8697 9982
8698 9988
8699 9987
8700 9986
8701 9989
8702 9986
8703 9985
8704 9986
8705 9987
8706 9989
8707 9994
8708 9995
8709 9993
8710 9990
8711 9994
8712 9990
8713 9992
8714 9998
8715 9991
8716 9990
8717 9992
8718 9993
8719 9992
8720 9989
8721 9992
8722 9996
8723 9997
8724 9990
8725 9989
8726 9988
8727 9993
8728 9993
8729 9993
8730 9992
8731 9993
8732 9993
8733 9989
8734 9986
8735 9993
8736 9994
8737 9995
8738 9983
8739 9983
8740 9986
8741 9985
8742 9982
8743 9983
8744 9981
8745 9984
8746 9986
8747 9990
8748 9994
8749 9990
8750 9993
8751 9985
8752 9986
8753 9986
8754 9985
8755 9989
8756 9984
8757 9982
8758 9989
8759 9992
8760 9990
8761 9990
8762 9990
8763 9994
8764 9993
8765 9990
8766 9996
8767 9992
8768 9996
8769 9994
8770 9990
8771 9992
8772 9989
8773 9987
8774 9987
8775 9989
8776 9988
8777 9993
8778 9997
8779 9995
8780 9991
8781 9990
8782 9992
8783 9997
8784 9996
8785 9997
8786 9994
8787 9989
8788 9990
8789 9990
8790 9989
8791 9990
8792 9987
8793 9990
8794 9991
8795 9992
8796 9990
8797 9988
8798 9982
8799 9981
8800 9973
8801 9974
8802 9977
8803 9976
8804 9974
8805 9979
8806 9984
8807 9984
8808 9986
8809 9987
8810 9989
8811 9989
8812 9985
8813 9987
8814 9988
8815 9991
8816 9988
8817 9990
8818 9991
8819 9997
8820 9992
8821 9995
8822 9994
8823 9994
8824 9994
8825 9998
8826 9988
8827 9993
8828 9992
8829 9992
8830 9983
8831 9988
8832 9989
8833 9989
8834 9994
8835 9991
8836 9992
8837 9994
8838 9995
8839 9989
8840 9997
8841 9995
8842 9993
8843 9994
8844 9994
8845 9986
8846 9988
8847 9987
8848 9990
8849 9985
8850 9989
8851 9994
8852 9993
8853 9993
8854 9992
8855 9986
8856 9982
8857 9983
8858 9987
8859 9989
8860 9992
8861 9986
8862 9986
8863 9991
8864 9993
8865 9990
8866 9990
8867 9995
8868 9990
8869 9993
8870 9990
8871 9992
8872 9989
8873 9990
8874 9991
8875 9985
8876 9986
8877 9989
8878 9992
8879 9989
8880 9987
8881 9992
8882 9991
8883 9994
8884 9988
8885 9990
8886 9996
8887 9995
8888 9990
8889 9992
8890 9992
8891 9984
8892 9988
8893 9991
8894 9992
8895 9993
8896 9995
8897 9992
8898 9986
8899 9985
8900 9988
8901 9988
8902 9989
8903 9992
8904 9994
8905 9988
8906 9987
8907 9987
8908 9989
8909 9991
8910 9992
8911 9992
8912 9990
8913 9994
8914 9993
8915 9989
8916 9991
8917 9987
8918 9988
8919 9989
8920 9988
8921 9987
8922 9987
8923 9987
8924 9993
8925 9987
8926 9993
8927 9996
8928 9993
8929 9992
8930 9995
8931 9995
8932 9992
8933 9991
8934 9996
8935 9992
8936 9992
8937 9996
8938 9998
8939 9994
8940 9992
8941 9989
8942 9994
8943 9994
8944 9990
8945 9992
8946 9991
8947 9988
8948 9989
8949 9991
8950 9990
8951 9993
8952 9991
8953 9991
8954 9994
8955 9986
8956 9988
8957 9990
8958 9997
8959 9984
8960 9983
8961 9981
8962 9983
8963 9985
8964 9988
8965 9990
8966 9987
8967 9985
8968 9984
8969 9986
8970 9989
8971 9992
8972 9993
8973 9995
8974 9993
8975 9990
8976 9995
8977 9995
8978 9993
8979 9987
8980 9987
8981 9982
8982 9988
8983 9992
8984 9991
8985 9988
8986 9992
8987 9992
8988 9994
8989 9992
8990 9988
8991 9988
8992 9991
8993 9994
8994 9993
8995 9992
8996 9998
8997 9995
8998 9994
8999 9987
9000 9983
9001 9985
9002 9986
9003 9983
9004 9980
9005 9983
9006 9988
9007 9992
9008 9988
9009 9989
9010 9988
9011 9993
9012 9995
9013 9991
9014 9991
9015 9990
9016 9991
9017 9991
9018 9987
9019 9985
9020 9990
9021 9993
9022 9992
9023 9984
9024 9984
9025 9992
9026 9991
9027 9991
9028 9994
9029 9995
9030 9989
9031 9993
9032 9992
9033 9995
9034 9992
9035 9989
9036 9992
9037 9990
9038 9990
9039 9992
9040 9994
9041 9994
9042 9990
9043 9996
9044 9992
9045 9987
9046 9994
9047 9991
9048 9992
9049 9991
9050 9995
9051 9990
9052 9989
9053 9987
9054 9993
9055 9993
9056 9995
9057 9996
9058 9989
9059 9988
9060 9993
9061 9988
9062 9993
9063 9988
9064 9992
9065 9993
9066 9994
9067 9992
9068 9994
9069 9992
9070 9985
9071 9987
9072 9993
9073 9994
9074 9992
9075 9992
9076 9992
9077 9991
9078 9993
9079 9991
9080 9992
9081 9987
9082 9987
9083 9989
9084 9985
9085 9982
9086 9981
9087 9982
9088 9983
9089 9986
9090 9987
9091 9989
9092 9990
9093 9988
9094 9991
9095 9993
9096 9993
9097 9989
9098 9990
9099 9995
9100 9988
9101 9989
9102 9986
9103 9990
9104 9992
9105 9994
9106 9991
9107 9997
9108 9993
9109 9985
9110 9987
9111 9991
9112 9991
9113 9992
9114 9990
9115 9993
9116 9988
9117 9985
9118 9983
9119 9982
9120 9985
9121 9987
9122 9990
9123 9993
9124 9996
9125 9993
9126 9988
9127 9989
9128 9991
9129 9992
9130 9996
9131 9996
9132 9989
9133 9992
9134 9989
9135 9986
9136 9986
9137 9988
9138 9991
9139 9987
9140 9986
9141 9986
9142 9985
9143 9992
9144 9992
9145 9992
9146 9992
9147 9994
9148 9991
9149 9998
9150 9987
9151 9988
9152 9988
9153 9990
9154 9996
9155 9993
9156 9995
9157 9992
9158 9992
9159 9991
9160 9989
9161 9992
9162 9990
9163 9995
9164 9992
9165 9992
9166 9990
9167 9989
9168 9989
9169 9988
9170 9987
9171 9987
9172 9989
9173 9986
9174 9985
9175 9986
9176 9985
9177 9987
9178 9991
9179 9994
9180 9993
9181 9993
9182 9986
9183 9990
9184 9993
9185 9991
9186 9993
9187 9991
9188 9986
9189 9988
9190 9989
9191 9993
9192 9995
9193 9987
9194 9990
9195 9986
9196 9988
9197 9984
9198 9986
9199 9991
9200 9990
9201 9993
9202 9989
9203 9993
9204 9988
9205 9994
9206 9993
9207 9992
9208 9985
9209 9989
9210 9992
9211 9992
9212 9993
9213 9989
9214 9992
9215 9994
9216 9995
9217 9991
9218 9989
9219 9992
9220 9992
9221 9994
9222 9991
9223 9994
9224 9989
9225 9991
9226 9995
9227 9992
9228 9993
9229 9988
9230 9986
9231 9988
9232 9990
9233 9991
9234 9992
9235 9992
9236 9989
9237 9991
9238 9986
9239 9991
9240 9995
9241 9991
9242 9988
9243 9991
9244 9990
9245 9989
9246 9989
9247 9991
9248 9992
9249 9995
9250 9992
9251 9989
9252 9986
9253 9990
9254 9991
9255 9994
9256 9990
9257 9995
9258 9991
9259 9988
9260 9992
9261 9990
9262 9987
9263 9988
9264 9993
9265 9995
9266 9992
9267 9993
9268 9993
9269 9990
9270 9991
9271 9991
9272 9994
9273 9995
9274 9989
9275 9990
9276 9992
9277 9996
9278 9992
9279 9989
9280 9988
9281 9992
9282 9992
9283 9985
9284 9989
9285 9987
9286 9985
9287 9988
9288 9989
9289 9992
9290 9990
9291 9992
9292 9988
9293 9996
9294 9990
9295 9995
9296 9986
9297 9986
9298 9986
9299 9990
9300 9995
9301 9988
9302 9990
9303 9992
9304 9994
9305 9992
9306 9992
9307 9990
9308 9992
9309 9988
9310 9989
9311 9996
9312 9996
9313 9993
9314 9995
9315 9995
9316 9991
9317 9995
9318 9992
9319 9990
9320 9996
9321 9991
9322 9989
9323 9993
9324 9992
9325 9992
9326 9990
9327 9989
9328 9988
9329 9988
9330 9991
9331 9993
9332 9988
9333 9989
9334 9991
9335 9995
9336 9989
9337 9992
9338 9988
9339 9990
9340 9992
9341 9988
9342 9984
9343 9990
9344 9988
9345 9992
9346 9991
9347 9991
9348 9993
9349 9992
9350 9993
9351 9987
9352 9989
9353 9990
9354 9989
9355 9987
9356 9983
9357 9988
9358 9988
9359 9989
9360 9989
9361 9988
9362 9988
9363 9985
9364 9982
9365 9987
9366 9989
9367 9993
9368 9994
9369 9991
9370 9988
9371 9988
9372 9993
9373 9990
9374 9993
9375 9988
9376 9989
9377 9987
9378 9990
9379 9991
9380 9997
9381 9994
9382 9989
9383 9990
9384 9990
9385 9992
9386 9995
9387 9991
9388 9992
9389 9989
9390 9992
9391 9989
9392 9992
9393 9993
9394 9997
9395 9992
9396 9991
9397 9990
9398 9995
9399 9991
9400 9991
9401 9995
9402 9994
9403 9996
9404 9990
9405 9987
9406 9994
9407 9988
9408 9991
9409 9993
9410 9993
9411 9997
9412 9992
9413 9993
9414 9993
9415 9991
9416 9994
9417 9994
9418 9988
9419 9988
9420 9990
9421 9995
9422 9992
9423 9988
9424 9989
9425 9991
9426 9998
9427 9994
9428 9991
9429 9991
9430 9998
9431 9992
9432 9992
9433 9992
9434 9992
9435 9992
9436 9990
9437 9995
9438 9986
9439 9986
9440 9984
9441 9989
9442 9990
9443 9990
9444 9988
9445 9993
9446 9988
9447 9984
9448 9985
9449 9981
9450 9981
9451 9987
9452 9989
9453 9991
9454 9990
9455 9995
9456 9992
9457 9988
9458 9987
9459 9992
9460 9991
9461 9995
9462 9991
9463 9991
9464 9983
9465 9981
9466 9979
9467 9981
9468 9985
9469 9982
9470 9987
9471 9989
9472 9995
9473 9991
9474 9992
9475 9995
9476 9990
9477 9989
9478 9992
9479 9988
9480 9990
9481 9995
9482 9987
9483 9986
9484 9986
9485 9987
9486 9992
9487 9993
9488 9988
9489 9988
9490 9984
9491 9984
9492 9984
9493 9984
9494 9986
9495 9991
9496 9994
9497 9987
9498 9988
9499 9990
9500 9996
9501 9986
9502 9991
9503 9990
9504 9986
9505 9991
9506 9991
9507 9989
9508 9996
9509 9995
9510 9991
9511 9985
9512 9993
9513 9991
9514 9993
9515 9996
9516 9992
9517 9991
9518 9994
9519 9993
9520 9994
9521 9989
9522 9993
9523 9994
9524 9993
9525 9991
9526 9987
9527 9991
9528 9989
9529 9991
9530 9987
9531 9986
9532 9986
9533 9991
9534 9994
9535 9994
9536 9986
9537 9986
9538 9991
9539 9989
9540 9995
9541 9995
9542 9985
9543 9987
9544 9988
9545 9991
9546 9991
9547 9993
9548 9988
9549 9992
9550 9997
9551 9984
9552 9980
9553 9980
9554 9980
9555 9984
9556 9986
9557 9989
9558 9982
9559 9988
9560 9987
9561 9985
9562 9983
9563 9987
9564 9995
9565 9990
9566 9991
9567 9995
9568 9995
9569 9993
9570 9991
9571 9991
9572 9995
9573 9990
9574 9997
9575 9985
9576 9987
9577 9987
9578 9991
9579 9995
9580 9990
9581 9996
9582 9995
9583 9992
9584 9993
9585 9994
9586 9996
9587 9987
9588 9990
9589 9994
9590 9987
9591 9987
9592 9987
9593 9989
9594 9991
9595 9996
9596 9989
9597 9987
9598 9990
9599 9993
9600 9990
9601 9994
9602 9991
9603 9991
9604 9987
9605 9987
9606 9986
9607 9987
9608 9990
9609 9989
9610 9988
9611 9989
9612 9989
9613 9990
9614 9989
9615 9994
9616 9992
9617 9995
9618 9992
9619 9988
9620 9992
9621 9990
9622 9990
9623 9995
9624 9996
9625 9989
9626 9987
9627 9984
9628 9983
9629 9984
9630 9987
9631 9986
9632 9987
9633 9983
9634 9985
9635 9987
9636 9988
9637 9991
9638 9992
9639 9985
9640 9980
9641 9978
9642 9973
9643 9969
9644 9970
9645 9969
9646 9972
9647 9974
9648 9978
9649 9981
9650 9985
9651 9983
9652 9983
9653 9991
9654 9995
9655 9986
9656 9992
9657 9990
9658 9992
9659 9987
9660 9982
9661 9987
9662 9991
9663 9989
9664 9990
9665 9990
9666 9994
9667 9994
9668 9990
9669 9992
9670 9990
9671 9986
9672 9989
9673 9988
9674 9985
9675 9990
9676 9988
9677 9986
9678 9986
9679 9988
9680 9990
9681 9993
9682 9990
9683 9988
9684 9992
9685 9990
9686 9991
9687 9991
9688 9993
9689 9991
9690 9990
9691 9991
9692 9992
9693 9998
9694 9996
9695 9986
9696 9990
9697 9994
9698 9989
9699 9992
9700 9991
9701 9995
9702 9994
9703 9998
9704 9992
9705 9987
9706 9987
9707 9990
9708 9995
9709 9993
9710 9990
9711 9993
9712 9991
9713 9993
9714 9991
9715 9989
9716 9988
9717 9991
9718 9995
9719 9986
9720 9989
9721 9993
9722 9994
9723 9989
9724 9991
9725 9994
9726 9994
9727 9991
9728 9993
9729 9990
9730 9989
9731 9989
9732 9988
9733 9989
9734 9978
9735 9980
9736 9980
9737 9982
9738 9977
9739 9983
9740 9989
9741 9990
9742 9990
9743 9988
9744 9992
9745 9996
9746 9995
9747 9987
9748 9992
9749 9997
9750 9995
9751 9993
9752 9996
9753 9993
9754 9994
9755 9993
9756 9988
9757 9988
9758 9991
9759 9993
9760 9993
9761 9996
9762 9992
9763 9992
9764 9988
9765 9991
9766 9990
9767 9993
9768 9993
9769 9990
9770 9994
9771 9993
9772 9990
9773 9997
9774 9997
9775 9990
9776 9988
9777 9991
9778 9990
9779 9989
9780 9990
9781 9989
9782 9993
9783 9991
9784 9992
9785 9991
9786 9993
9787 9991
9788 9990
9789 9992
9790 9993
9791 9994
9792 9988
9793 9989
9794 9990
9795 9993
9796 9994
9797 9987
9798 9989
9799 9991
9800 9994
9801 9991
9802 9992
9803 9992
9804 9993
9805 9993
9806 9989
9807 9993
9808 9994
9809 9994
9810 9990
9811 9993
9812 9993
9813 9994
9814 9996
9815 9997
9816 9992
9817 9993
9818 9991
9819 9995
9820 9994
9821 9994
9822 9991
9823 9987
9824 9994
9825 9996
9826 9989
9827 9989
9828 9994
9829 9991
9830 9991
9831 9989
9832 9994
9833 9987
9834 9989
9835 9987
9836 9991
9837 9993
9838 9990
9839 9989
9840 9994
9841 9990
9842 9995
9843 9994
9844 9993
9845 9990
9846 9990
9847 9993
9848 9989
9849 9995
9850 9992
9851 9992
9852 9994
9853 9989
9854 9989
9855 9994
9856 9987
9857 9987
9858 9989
9859 9987
9860 9987
9861 9987
9862 9990
9863 9988
9864 9987
9865 9988
9866 9990
9867 9988
9868 9989
9869 9992
9870 9994
9871 9990
9872 9992
9873 9993
9874 9991
9875 9995
9876 9990
9877 9996
9878 9992
9879 9992
9880 9993
9881 9994
9882 9992
9883 9992
9884 9994
9885 9993
9886 9987
9887 9985
9888 9983
9889 9984
9890 9983
9891 9990
9892 9994
9893 9991
9894 9988
9895 9991
9896 9995
9897 9989
9898 9983
9899 9988
9900 9985
9901 9986
9902 9990
9903 9995
9904 9993
9905 9990
9906 9991
9907 9993
9908 9988
9909 9986
9910 9989
9911 9990
9912 9995
9913 9991
9914 9986
9915 9988
9916 9991
9917 9993
9918 9994
9919 9988
9920 9989
9921 9987
9922 9987
9923 9988
9924 9990
9925 9989
9926 9991
9927 9991
9928 9997
9929 9990
9930 9985
9931 9986
9932 9989
9933 9988
9934 9993
9935 9996
9936 9992
9937 9992
9938 9989
9939 9989
9940 9986
9941 9987
9942 9988
9943 9996
9944 9992
9945 9992
9946 9994
9947 9990
9948 9994
9949 9985
9950 9986
9951 9984
9952 9988
9953 9992
9954 9989
9955 9991
9956 9993
9957 9989
9958 9990
9959 9987
9960 9987
9961 9991
9962 9990
9963 9992
9964 9990
9965 9991
9966 9988
9967 9993
9968 9986
9969 9982
9970 9985
9971 9988
9972 9992
9973 9983
9974 9985
9975 9983
9976 9987
9977 9990
9978 9988
9979 9986
9980 9984
9981 9988
9982 9991
9983 9994
9984 9987
9985 9986
9986 9990
9987 9993
9988 9995
9989 9987
9990 9988
9991 9992
9992 9996
9993 9991
9994 9992
9995 9995
9996 9989
9997 9987
9998 9991
9999 9992
