0 1
1 2
2 3
3 4
4 5
5 6
6 7
7 8
8 9
9 10
10 11
11 12
12 13
13 14
14 15
15 16
16 17
17 18
18 19
19 20
20 21
21 22
22 23
23 24
24 25
25 26
26 27
27 28
28 29
29 30
30 31
31 32
32 33
33 34
34 35
35 36
36 37
37 38
38 39
39 40
40 41
41 42
42 43
43 44
44 45
45 46
46 47
47 48
48 49
49 50
50 51
51 52
52 53
53 54
54 55
55 56
56 57
57 58
58 59
59 60
60 61
61 62
62 63
63 64
64 65
65 66
66 67
67 68
68 69
69 70
70 71
71 72
72 73
73 74
74 75
75 76
76 77
77 78
78 79
79 80
80 81
81 82
82 83
83 84
84 85
85 86
86 87
87 88
88 89
89 90
90 91
91 92
92 92
93 93
94 94
95 95
96 96
97 97
98 98
99 99
100 100
101 101
102 102
103 103
104 104
105 105
106 106
107 107
108 108
109 109
110 110
111 111
112 112
113 113
114 114
115 115
116 116
117 117
118 118
119 119
120 120
121 120
122 121
123 122
124 123
125 124
126 125
127 126
128 127
129 128
130 129
131 130
132 131
133 132
134 133
135 134
136 135
137 136
138 137
139 138
140 139
141 140
142 141
143 142
144 143
145 144
146 145
147 146
148 147
149 148
150 149
151 150
152 151
153 152
154 153
155 154
156 155
157 156
158 157
159 158
160 159
161 160
162 161
163 162
164 163
165 164
166 165
167 166
168 167
169 168
170 169
171 170
172 171
173 172
174 173
175 174
176 175
177 175
178 176
179 177
180 178
181 178
182 179
183 180
184 181
185 182
186 183
187 184
188 185
189 186
190 187
191 188
192 189
193 190
194 191
195 192
196 193
197 194
198 195
199 196
200 197
201 198
202 199
203 200
204 201
205 202
206 203
207 204
208 205
209 206
210 207
211 208
212 209
213 210
214 211
215 212
216 213
217 214
218 215
219 216
220 217
221 218
222 219
223 219
224 219
225 220
226 221
227 222
228 223
229 224
230 225
231 226
232 227
233 228
234 229
235 230
236 231
237 231
238 232
239 232
240 233
241 234
242 235
243 236
244 237
245 238
246 239
247 240
248 241
249 242
250 241
251 242
252 242
253 243
254 244
255 245
256 246
257 247
258 248
259 249
260 250
261 251
262 252
263 253
264 254
265 255
266 256
267 257
268 258
269 259
270 260
271 261
272 262
273 263
274 264
275 265
276 266
277 266
278 267
279 268
280 269
281 270
282 271
283 272
284 273
285 273
286 274
287 275
288 276
289 277
290 278
291 279
292 279
293 280
294 281
295 282
296 283
297 284
298 284
299 284
300 285
301 286
302 287
303 288
304 289
305 290
306 289
307 289
308 290
309 290
310 291
311 291
312 290
313 291
314 292
315 293
316 294
317 295
318 295
319 296
320 297
321 298
322 299
323 300
324 301
325 302
326 303
327 304
328 305
329 305
330 306
331 307
332 307
333 308
334 309
335 310
336 311
337 312
338 313
339 314
340 315
341 316
342 317
343 318
344 319
345 320
346 321
347 322
348 323
349 324
350 325
351 326
352 327
353 328
354 328
355 329
356 330
357 331
358 332
359 333
360 334
361 335
362 336
363 337
364 338
365 339
366 340
367 341
368 342
369 343
370 344
371 345
372 346
373 346
374 346
375 347
376 348
377 349
378 350
379 351
380 352
381 353
382 354
383 354
384 355
385 356
386 357
387 358
388 358
389 359
390 360
391 360
392 361
393 362
394 363
395 364
396 365
397 366
398 367
399 368
400 369
401 370
402 371
403 371
404 372
405 373
406 374
407 375
408 376
409 376
410 376
411 377
412 378
413 377
414 378
415 378
416 379
417 380
418 379
419 379
420 380
421 381
422 382
423 383
424 383
425 384
426 385
427 385
428 385
429 386
430 387
431 388
432 388
433 389
434 389
435 390
436 391
437 392
438 393
439 394
440 395
441 396
442 395
443 394
444 395
445 395
446 396
447 397
448 398
449 399
450 400
451 401
452 402
453 402
454 402
455 402
456 403
457 403
458 404
459 405
460 406
461 407
462 408
463 409
464 409
465 409
466 410
467 411
468 412
469 413
470 412
471 413
472 414
473 415
474 416
475 417
476 417
477 417
478 417
479 417
480 418
481 419
482 418
483 419
484 420
485 421
486 421
487 422
488 423
489 424
490 425
491 426
492 427
493 428
494 429
495 430
496 430
497 431
498 432
499 433
500 433
501 434
502 435
503 436
504 437
505 438
506 438
507 439
508 439
509 440
510 441
511 442
512 443
513 444
514 445
515 446
516 447
517 447
518 448
519 449
520 449
521 450
522 451
523 451
524 452
525 450
526 451
527 451
528 450
529 450
530 451
531 452
532 452
533 452
534 453
535 454
536 454
537 455
538 456
539 456
540 457
541 458
542 459
543 460
544 460
545 461
546 462
547 463
548 463
549 462
550 462
551 462
552 463
553 463
554 464
555 464
556 465
557 465
558 466
559 467
560 467
561 467
562 468
563 469
564 470
565 471
566 472
567 473
568 474
569 474
570 475
571 476
572 476
573 477
574 478
575 478
576 479
577 480
578 480
579 480
580 481
581 482
582 483
583 483
584 484
585 485
586 486
587 487
588 487
589 487
590 488
591 489
592 490
593 491
594 492
595 493
596 494
597 494
598 495
599 495
600 496
601 497
602 498
603 499
604 500
605 500
606 500
607 501
608 502
609 501
610 502
611 503
612 504
613 505
614 506
615 507
616 508
617 509
618 510
619 511
620 512
621 513
622 514
623 515
624 516
625 516
626 517
627 518
628 519
629 520
630 521
631 522
632 523
633 523
634 524
635 525
636 526
637 527
638 528
639 529
640 530
641 529
642 530
643 531
644 531
645 530
646 531
647 532
648 532
649 533
650 533
651 533
652 533
653 534
654 534
655 534
656 535
657 535
658 536
659 537
660 538
661 538
662 539
663 540
664 541
665 542
666 543
667 544
668 545
669 546
670 546
671 546
672 547
673 548
674 549
675 549
676 550
677 550
678 551
679 550
680 551
681 551
682 551
683 552
684 552
685 553
686 553
687 554
688 554
689 555
690 555
691 556
692 557
693 558
694 559
695 559
696 560
697 561
698 562
699 562
700 562
701 563
702 563
703 564
704 565
705 565
706 566
707 567
708 568
709 568
710 568
711 568
712 569
713 570
714 568
715 567
716 568
717 569
718 569
719 569
720 569
721 570
722 569
723 570
724 571
725 570
726 569
727 569
728 570
729 571
730 572
731 573
732 573
733 574
734 575
735 574
736 574
737 575
738 576
739 577
740 578
741 577
742 578
743 579
744 580
745 581
746 580
747 581
748 582
749 582
750 583
751 584
752 584
753 585
754 585
755 586
756 587
757 588
758 586
759 586
760 587
761 588
762 589
763 589
764 590
765 591
766 591
767 592
768 593
769 592
770 593
771 594
772 592
773 592
774 593
775 594
776 594
777 594
778 595
779 596
780 596
781 596
782 595
783 596
784 597
785 596
786 596
787 596
788 596
789 596
790 597
791 595
792 596
793 596
794 596
795 597
796 597
797 598
798 599
799 599
800 600
801 601
802 601
803 602
804 603
805 603
806 604
807 605
808 605
809 605
810 606
811 605
812 603
813 604
814 605
815 606
816 607
817 607
818 608
819 609
820 608
821 608
822 609
823 610
824 611
825 612
826 613
827 610
828 611
829 611
830 612
831 613
832 614
833 615
834 614
835 614
836 614
837 615
838 616
839 617
840 618
841 619
842 620
843 620
844 621
845 622
846 623
847 621
848 622
849 623
850 624
851 625
852 625
853 623
854 623
855 623
856 623
857 624
858 625
859 626
860 626
861 627
862 627
863 628
864 628
865 629
866 630
867 630
868 631
869 631
870 632
871 633
872 634
873 634
874 635
875 635
876 636
877 637
878 638
879 638
880 639
881 639
882 640
883 641
884 641
885 642
886 643
887 643
888 643
889 642
890 641
891 641
892 642
893 643
894 644
895 645
896 645
897 646
898 647
899 647
900 648
901 649
902 650
903 651
904 650
905 649
906 650
907 651
908 651
909 652
910 653
911 654
912 655
913 656
914 657
915 657
916 656
917 657
918 658
919 657
920 657
921 658
922 659
923 660
924 661
925 662
926 663
927 663
928 664
929 664
930 664
931 664
932 665
933 664
934 665
935 666
936 667
937 668
938 668
939 669
940 669
941 669
942 669
943 668
944 668
945 669
946 670
947 671
948 672
949 673
950 673
951 673
952 674
953 673
954 674
955 675
956 676
957 676
958 675
959 676
960 677
961 678
962 678
963 679
964 680
965 681
966 682
967 682
968 683
969 684
970 685
971 686
972 686
973 687
974 687
975 688
976 688
977 689
978 690
979 691
980 692
981 693
982 694
983 693
984 693
985 694
986 695
987 695
988 696
989 696
990 693
991 693
992 693
993 693
994 694
995 695
996 696
997 696
998 697
999 698
1000 698
1001 697
1002 698
1003 699
1004 699
1005 698
1006 699
1007 699
1008 699
1009 700
1010 701
1011 701
1012 700
1013 700
1014 698
1015 699
1016 700
1017 701
1018 701
1019 701
1020 700
1021 701
1022 702
1023 703
1024 704
1025 705
1026 706
1027 707
1028 708
1029 709
1030 708
1031 709
1032 710
1033 711
1034 712
1035 713
1036 713
1037 714
1038 715
1039 715
1040 716
1041 717
1042 718
1043 719
1044 720
1045 721
1046 721
1047 722
1048 722
1049 723
1050 724
1051 725
1052 725
1053 725
1054 725
1055 725
1056 725
1057 725
1058 725
1059 726
1060 725
1061 726
1062 727
1063 728
1064 729
1065 730
1066 731
1067 731
1068 732
1069 732
1070 732
1071 732
1072 731
1073 731
1074 732
1075 731
1076 732
1077 731
1078 731
1079 729
1080 729
1081 729
1082 730
1083 729
1084 730
1085 730
1086 730
1087 731
1088 732
1089 733
1090 731
1091 730
1092 731
1093 731
1094 732
1095 733
1096 734
1097 734
1098 735
1099 735
1100 736
1101 737
1102 738
1103 739
1104 740
1105 741
1106 741
1107 742
1108 742
1109 743
1110 744
1111 744
1112 745
1113 746
1114 745
1115 745
1116 746
1117 746
1118 747
1119 748
1120 748
1121 748
1122 748
1123 748
1124 749
1125 749
1126 750
1127 751
1128 752
1129 752
1130 752
1131 751
1132 750
1133 750
1134 751
1135 749
1136 748
1137 749
1138 749
1139 748
1140 749
1141 750
1142 750
1143 750
1144 750
1145 751
1146 752
1147 753
1148 752
1149 753
1150 754
1151 754
1152 754
1153 755
1154 756
1155 757
1156 756
1157 757
1158 758
1159 759
1160 759
1161 760
1162 761
1163 761
1164 762
1165 763
1166 764
1167 765
1168 766
1169 765
1170 765
1171 766
1172 767
1173 768
1174 769
1175 769
1176 767
1177 767
1178 768
1179 769
1180 770
1181 771
1182 772
1183 773
1184 773
1185 774
1186 775
1187 774
1188 775
1189 776
1190 776
1191 777
1192 777
1193 778
1194 779
1195 780
1196 780
1197 781
1198 782
1199 783
1200 784
1201 784
1202 785
1203 786
1204 787
1205 787
1206 788
1207 788
1208 789
1209 788
1210 789
1211 789
1212 788
1213 787
1214 787
1215 788
1216 789
1217 790
1218 791
1219 792
1220 792
1221 793
1222 794
1223 794
1224 795
1225 795
1226 796
1227 796
1228 797
1229 797
1230 798
1231 798
1232 799
1233 799
1234 799
1235 800
1236 800
1237 801
1238 802
1239 803
1240 803
1241 802
1242 802
1243 803
1244 803
1245 804
1246 803
1247 804
1248 804
1249 805
1250 806
1251 807
1252 808
1253 809
1254 810
1255 808
1256 808
1257 809
1258 809
1259 810
1260 811
1261 812
1262 813
1263 811
1264 812
1265 813
1266 813
1267 814
1268 814
1269 815
1270 815
1271 816
1272 817
1273 818
1274 818
1275 818
1276 819
1277 820
1278 820
1279 821
1280 820
1281 821
1282 820
1283 821
1284 822
1285 823
1286 823
1287 824
1288 824
1289 825
1290 826
1291 825
1292 824
1293 824
1294 825
1295 825
1296 825
1297 826
1298 825
1299 825
1300 825
1301 824
1302 825
1303 825
1304 825
1305 825
1306 825
1307 825
1308 825
1309 825
1310 826
1311 827
1312 828
1313 829
1314 829
1315 830
1316 831
1317 832
1318 831
1319 832
1320 833
1321 834
1322 833
1323 834
1324 835
1325 836
1326 836
1327 837
1328 837
1329 838
1330 839
1331 840
1332 839
1333 839
1334 840
1335 841
1336 841
1337 842
1338 843
1339 843
1340 844
1341 843
1342 843
1343 842
1344 841
1345 841
1346 841
1347 841
1348 842
1349 841
1350 841
1351 842
1352 842
1353 842
1354 843
1355 844
1356 845
1357 845
1358 844
1359 844
1360 844
1361 845
1362 846
1363 845
1364 845
1365 846
1366 847
1367 847
1368 848
1369 849
1370 850
1371 851
1372 851
1373 852
1374 851
1375 850
1376 851
1377 851
1378 852
1379 852
1380 852
1381 851
1382 852
1383 852
1384 849
1385 849
1386 847
1387 848
1388 847
1389 847
1390 847
1391 848
1392 848
1393 848
1394 849
1395 849
1396 849
1397 850
1398 849
1399 847
1400 848
1401 849
1402 849
1403 849
1404 850
1405 849
1406 848
1407 849
1408 850
1409 850
1410 850
1411 850
1412 851
1413 851
1414 852
1415 852
1416 853
1417 854
1418 855
1419 855
1420 855
1421 855
1422 856
1423 856
1424 856
1425 855
1426 856
1427 856
1428 857
1429 858
1430 858
1431 859
1432 859
1433 859
1434 860
1435 859
1436 860
1437 860
1438 861
1439 862
1440 862
1441 863
1442 863
1443 864
1444 864
1445 864
1446 865
1447 863
1448 863
1449 863
1450 863
1451 862
1452 863
1453 864
1454 864
1455 865
1456 864
1457 864
1458 864
1459 865
1460 866
1461 867
1462 867
1463 867
1464 868
1465 869
1466 870
1467 871
1468 872
1469 873
1470 874
1471 875
1472 876
1473 877
1474 878
1475 879
1476 879
1477 878
1478 878
1479 879
1480 878
1481 879
1482 880
1483 881
1484 878
1485 878
1486 878
1487 879
1488 879
1489 880
1490 881
1491 882
1492 883
1493 882
1494 883
1495 884
1496 884
1497 885
1498 885
1499 886
1500 887
1501 888
1502 889
1503 890
1504 890
1505 891
1506 890
1507 888
1508 889
1509 890
1510 890
1511 889
1512 889
1513 889
1514 890
1515 890
1516 891
1517 891
1518 892
1519 892
1520 893
1521 894
1522 895
1523 895
1524 896
1525 897
1526 897
1527 897
1528 898
1529 899
1530 899
1531 900
1532 901
1533 902
1534 902
1535 903
1536 904
1537 905
1538 906
1539 904
1540 904
1541 904
1542 905
1543 906
1544 907
1545 908
1546 907
1547 907
1548 908
1549 908
1550 908
1551 907
1552 907
1553 908
1554 908
1555 908
1556 909
1557 908
1558 908
1559 908
1560 909
1561 909
1562 910
1563 909
1564 909
1565 910
1566 911
1567 912
1568 911
1569 911
1570 911
1571 912
1572 913
1573 914
1574 915
1575 914
1576 913
1577 911
1578 911
1579 912
1580 913
1581 912
1582 912
1583 912
1584 913
1585 913
1586 913
1587 912
1588 912
1589 912
1590 912
1591 910
1592 911
1593 910
1594 911
1595 912
1596 913
1597 913
1598 912
1599 910
1600 910
1601 911
1602 912
1603 911
1604 912
1605 912
1606 913
1607 914
1608 915
1609 916
1610 916
1611 916
1612 916
1613 917
1614 918
1615 919
1616 918
1617 918
1618 919
1619 919
1620 919
1621 920
1622 921
1623 921
1624 919
1625 919
1626 920
1627 921
1628 922
1629 922
1630 922
1631 923
1632 923
1633 924
1634 925
1635 926
1636 926
1637 926
1638 926
1639 926
1640 926
1641 924
1642 923
1643 923
1644 924
1645 923
1646 923
1647 924
1648 924
1649 925
1650 926
1651 926
1652 925
1653 922
1654 923
1655 923
1656 924
1657 923
1658 922
1659 923
1660 924
1661 925
1662 926
1663 927
1664 925
1665 925
1666 925
1667 925
1668 925
1669 923
1670 923
1671 923
1672 923
1673 922
1674 923
1675 923
1676 924
1677 924
1678 924
1679 925
1680 923
1681 924
1682 925
1683 925
1684 926
1685 926
1686 927
1687 927
1688 927
1689 927
1690 927
1691 923
1692 924
1693 925
1694 925
1695 926
1696 926
1697 926
1698 927
1699 928
1700 928
1701 929
1702 930
1703 930
1704 931
1705 932
1706 932
1707 929
1708 928
1709 927
1710 927
1711 927
1712 928
1713 928
1714 927
1715 925
1716 923
1717 923
1718 922
1719 923
1720 923
1721 923
1722 923
1723 922
1724 921
1725 920
1726 921
1727 920
1728 919
1729 919
1730 920
1731 920
1732 921
1733 921
1734 922
1735 919
1736 919
1737 920
1738 920
1739 919
1740 919
1741 920
1742 921
1743 920
1744 918
1745 919
1746 919
1747 920
1748 921
1749 921
1750 921
1751 922
1752 923
1753 922
1754 921
1755 922
1756 921
1757 922
1758 923
1759 923
1760 923
1761 924
1762 925
1763 926
1764 927
1765 928
1766 928
1767 928
1768 927
1769 928
1770 929
1771 928
1772 927
1773 927
1774 928
1775 928
1776 929
1777 929
1778 928
1779 926
1780 927
1781 927
1782 928
1783 928
1784 929
1785 930
1786 931
1787 931
1788 931
1789 932
1790 933
1791 932
1792 932
1793 931
1794 931
1795 930
1796 929
1797 929
1798 927
1799 928
1800 929
1801 929
1802 930
1803 928
1804 929
1805 930
1806 929
1807 930
1808 929
1809 928
1810 929
1811 928
1812 929
1813 930
1814 931
1815 932
1816 933
1817 932
1818 933
1819 934
1820 934
1821 935
1822 935
1823 936
1824 937
1825 936
1826 937
1827 937
1828 936
1829 937
1830 938
1831 939
1832 938
1833 938
1834 938
1835 938
1836 939
1837 939
1838 940
1839 940
1840 940
1841 940
1842 938
1843 939
1844 936
1845 937
1846 938
1847 938
1848 938
1849 938
1850 939
1851 940
1852 939
1853 940
1854 939
1855 938
1856 939
1857 938
1858 939
1859 940
1860 941
1861 942
1862 942
1863 941
1864 941
1865 940
1866 941
1867 941
1868 939
1869 940
1870 940
1871 941
1872 939
1873 939
1874 939
1875 937
1876 938
1877 939
1878 940
1879 940
1880 940
1881 940
1882 941
1883 942
1884 942
1885 942
1886 941
1887 941
1888 940
1889 939
1890 940
1891 940
1892 939
1893 939
1894 939
1895 940
1896 941
1897 942
1898 943
1899 943
1900 943
1901 943
1902 943
1903 942
1904 942
1905 943
1906 943
1907 944
1908 945
1909 945
1910 945
1911 943
1912 941
1913 942
1914 943
1915 944
1916 945
1917 946
1918 945
1919 945
1920 945
1921 946
1922 947
1923 946
1924 947
1925 946
1926 947
1927 947
1928 947
1929 948
1930 946
1931 946
1932 946
1933 944
1934 945
1935 945
1936 946
1937 947
1938 948
1939 948
1940 949
1941 950
1942 949
1943 950
1944 951
1945 951
1946 951
1947 950
1948 949
1949 950
1950 951
1951 952
1952 952
1953 953
1954 954
1955 954
1956 954
1957 954
1958 954
1959 955
1960 954
1961 954
1962 954
1963 955
1964 954
1965 955
1966 956
1967 956
1968 955
1969 956
1970 957
1971 958
1972 958
1973 958
1974 958
1975 959
1976 959
1977 959
1978 959
1979 960
1980 959
1981 957
1982 956
1983 957
1984 958
1985 959
1986 959
1987 959
1988 960
1989 961
1990 962
1991 961
1992 961
1993 962
1994 961
1995 961
1996 961
1997 961
1998 960
1999 960
2000 961
2001 959
2002 958
2003 959
2004 959
2005 959
2006 960
2007 961
2008 961
2009 962
2010 962
2011 962
2012 963
2013 962
2014 962
2015 961
2016 962
2017 961
2018 961
2019 962
2020 960
2021 961
2022 960
2023 961
2024 961
2025 961
2026 961
2027 961
2028 962
2029 963
2030 963
2031 964
2032 965
2033 964
2034 963
2035 963
2036 963
2037 964
2038 965
2039 966
2040 967
2041 966
2042 966
2043 966
2044 966
2045 967
2046 966
2047 966
2048 966
2049 967
2050 967
2051 965
2052 965
2053 965
2054 966
2055 967
2056 968
2057 969
2058 969
2059 969
2060 969
2061 970
2062 971
2063 971
2064 972
2065 971
2066 972
2067 972
2068 972
2069 971
2070 972
2071 972
2072 973
2073 974
2074 974
2075 971
2076 972
2077 973
2078 974
2079 974
2080 971
2081 971
2082 972
2083 972
2084 973
2085 973
2086 972
2087 973
2088 971
2089 971
2090 970
2091 971
2092 971
2093 972
2094 971
2095 971
2096 971
2097 972
2098 973
2099 974
2100 975
2101 976
2102 976
2103 976
2104 977
2105 976
2106 975
2107 975
2108 976
2109 977
2110 977
2111 978
2112 979
2113 979
2114 980
2115 979
2116 980
2117 980
2118 979
2119 978
2120 976
2121 975
2122 975
2123 973
2124 972
2125 972
2126 973
2127 973
2128 974
2129 975
2130 976
2131 976
2132 976
2133 976
2134 977
2135 978
2136 979
2137 980
2138 980
2139 980
2140 980
2141 981
2142 982
2143 983
2144 984
2145 985
2146 984
2147 985
2148 985
2149 986
2150 987
2151 987
2152 986
2153 987
2154 987
2155 987
2156 987
2157 988
2158 989
2159 990
2160 988
2161 989
2162 988
2163 989
2164 990
2165 991
2166 991
2167 992
2168 992
2169 993
2170 994
2171 995
2172 993
2173 993
2174 994
2175 994
2176 995
2177 996
2178 997
2179 997
2180 997
2181 997
2182 998
2183 999
2184 999
2185 996
2186 997
2187 997
2188 998
2189 998
2190 999
2191 999
2192 998
2193 998
2194 999
2195 1000
2196 1001
2197 998
2198 998
2199 999
2200 1000
2201 999
2202 998
2203 999
2204 998
2205 999
2206 999
2207 1000
2208 999
2209 999
2210 998
2211 999
2212 1000
2213 1001
2214 1002
2215 1002
2216 1002
2217 1003
2218 1003
2219 1004
2220 1005
2221 1006
2222 1005
2223 1004
2224 1004
2225 1003
2226 1003
2227 1003
2228 1004
2229 1005
2230 1005
2231 1005
2232 1005
2233 1006
2234 1006
2235 1007
2236 1005
2237 1005
2238 1006
2239 1007
2240 1008
2241 1009
2242 1009
2243 1010
2244 1011
2245 1012
2246 1013
2247 1014
2248 1013
2249 1013
2250 1013
2251 1013
2252 1013
2253 1013
2254 1012
2255 1012
2256 1013
2257 1014
2258 1015
2259 1015
2260 1015
2261 1015
2262 1014
2263 1014
2264 1014
2265 1015
2266 1015
2267 1015
2268 1015
2269 1015
2270 1016
2271 1016
2272 1016
2273 1017
2274 1017
2275 1018
2276 1019
2277 1018
2278 1019
2279 1018
2280 1018
2281 1016
2282 1017
2283 1015
2284 1016
2285 1017
2286 1017
2287 1018
2288 1017
2289 1018
2290 1018
2291 1014
2292 1014
2293 1015
2294 1016
2295 1017
2296 1017
2297 1017
2298 1018
2299 1019
2300 1020
2301 1020
2302 1020
2303 1019
2304 1020
2305 1020
2306 1021
2307 1021
2308 1021
2309 1021
2310 1022
2311 1023
2312 1023
2313 1023
2314 1024
2315 1025
2316 1025
2317 1025
2318 1025
2319 1025
2320 1025
2321 1026
2322 1026
2323 1026
2324 1025
2325 1026
2326 1025
2327 1026
2328 1024
2329 1025
2330 1023
2331 1024
2332 1025
2333 1026
2334 1026
2335 1027
2336 1028
2337 1028
2338 1028
2339 1028
2340 1029
2341 1029
2342 1029
2343 1029
2344 1030
2345 1031
2346 1031
2347 1031
2348 1030
2349 1029
2350 1029
2351 1030
2352 1031
2353 1031
2354 1030
2355 1031
2356 1032
2357 1033
2358 1031
2359 1031
2360 1032
2361 1032
2362 1033
2363 1034
2364 1034
2365 1034
2366 1034
2367 1034
2368 1035
2369 1035
2370 1033
2371 1033
2372 1031
2373 1031
2374 1029
2375 1029
2376 1029
2377 1030
2378 1030
2379 1031
2380 1031
2381 1031
2382 1031
2383 1031
2384 1031
2385 1030
2386 1031
2387 1031
2388 1030
2389 1030
2390 1031
2391 1032
2392 1033
2393 1034
2394 1032
2395 1030
2396 1031
2397 1032
2398 1031
2399 1031
2400 1031
2401 1029
2402 1029
2403 1030
2404 1030
2405 1028
2406 1025
2407 1026
2408 1025
2409 1026
2410 1027
2411 1027
2412 1026
2413 1026
2414 1026
2415 1026
2416 1026
2417 1027
2418 1027
2419 1028
2420 1028
2421 1027
2422 1026
2423 1027
2424 1027
2425 1028
2426 1027
2427 1027
2428 1026
2429 1027
2430 1027
2431 1028
2432 1028
2433 1028
2434 1029
2435 1029
2436 1029
2437 1030
2438 1031
2439 1031
2440 1032
2441 1032
2442 1032
2443 1033
2444 1033
2445 1031
2446 1031
2447 1032
2448 1033
2449 1034
2450 1033
2451 1033
2452 1032
2453 1033
2454 1033
2455 1031
2456 1032
2457 1032
2458 1032
2459 1033
2460 1034
2461 1034
2462 1035
2463 1036
2464 1037
2465 1038
2466 1039
2467 1038
2468 1039
2469 1038
2470 1037
2471 1035
2472 1035
2473 1034
2474 1034
2475 1033
2476 1031
2477 1032
2478 1033
2479 1034
2480 1032
2481 1033
2482 1033
2483 1034
2484 1033
2485 1033
2486 1034
2487 1035
2488 1035
2489 1036
2490 1036
2491 1035
2492 1036
2493 1036
2494 1034
2495 1035
2496 1035
2497 1035
2498 1036
2499 1036
2500 1035
2501 1036
2502 1036
2503 1037
2504 1036
2505 1035
2506 1035
2507 1034
2508 1035
2509 1036
2510 1037
2511 1037
2512 1038
2513 1038
2514 1038
2515 1038
2516 1038
2517 1038
2518 1039
2519 1039
2520 1040
2521 1041
2522 1042
2523 1043
2524 1044
2525 1042
2526 1043
2527 1044
2528 1044
2529 1045
2530 1045
2531 1046
2532 1047
2533 1048
2534 1049
2535 1048
2536 1049
2537 1049
2538 1049
2539 1050
2540 1050
2541 1051
2542 1050
2543 1050
2544 1051
2545 1050
2546 1051
2547 1052
2548 1053
2549 1051
2550 1050
2551 1051
2552 1052
2553 1052
2554 1052
2555 1053
2556 1052
2557 1050
2558 1049
2559 1049
2560 1050
2561 1051
2562 1050
2563 1049
2564 1050
2565 1050
2566 1049
2567 1050
2568 1051
2569 1052
2570 1053
2571 1054
2572 1053
2573 1053
2574 1054
2575 1055
2576 1054
2577 1054
2578 1054
2579 1055
2580 1055
2581 1055
2582 1056
2583 1057
2584 1058
2585 1057
2586 1056
2587 1055
2588 1056
2589 1056
2590 1056
2591 1056
2592 1056
2593 1054
2594 1053
2595 1054
2596 1054
2597 1054
2598 1055
2599 1055
2600 1056
2601 1057
2602 1058
2603 1058
2604 1057
2605 1058
2606 1056
2607 1057
2608 1057
2609 1058
2610 1058
2611 1059
2612 1059
2613 1058
2614 1059
2615 1060
2616 1061
2617 1061
2618 1062
2619 1062
2620 1062
2621 1061
2622 1061
2623 1060
2624 1061
2625 1061
2626 1061
2627 1062
2628 1063
2629 1063
2630 1063
2631 1062
2632 1063
2633 1064
2634 1065
2635 1062
2636 1062
2637 1063
2638 1063
2639 1063
2640 1064
2641 1065
2642 1066
2643 1066
2644 1067
2645 1067
2646 1068
2647 1068
2648 1069
2649 1070
2650 1069
2651 1070
2652 1069
2653 1067
2654 1068
2655 1068
2656 1068
2657 1068
2658 1067
2659 1067
2660 1067
2661 1066
2662 1066
2663 1066
2664 1065
2665 1064
2666 1065
2667 1065
2668 1066
2669 1067
2670 1066
2671 1067
2672 1068
2673 1068
2674 1069
2675 1069
2676 1069
2677 1070
2678 1070
2679 1069
2680 1068
2681 1068
2682 1069
2683 1070
2684 1071
2685 1071
2686 1071
2687 1066
2688 1067
2689 1068
2690 1069
2691 1067
2692 1067
2693 1068
2694 1069
2695 1069
2696 1068
2697 1069
2698 1067
2699 1065
2700 1065
2701 1065
2702 1064
2703 1063
2704 1062
2705 1062
2706 1063
2707 1064
2708 1065
2709 1066
2710 1067
2711 1067
2712 1068
2713 1068
2714 1069
2715 1069
2716 1069
2717 1070
2718 1071
2719 1070
2720 1071
2721 1072
2722 1072
2723 1073
2724 1073
2725 1072
2726 1073
2727 1074
2728 1075
2729 1075
2730 1075
2731 1075
2732 1076
2733 1074
2734 1075
2735 1075
2736 1076
2737 1076
2738 1077
2739 1075
2740 1074
2741 1075
2742 1074
2743 1075
2744 1075
2745 1073
2746 1074
2747 1074
2748 1074
2749 1073
2750 1072
2751 1071
2752 1072
2753 1072
2754 1072
2755 1071
2756 1072
2757 1072
2758 1072
2759 1072
2760 1071
2761 1072
2762 1070
2763 1071
2764 1071
2765 1071
2766 1070
2767 1070
2768 1070
2769 1070
2770 1070
2771 1069
2772 1070
2773 1071
2774 1070
2775 1069
2776 1070
2777 1071
2778 1072
2779 1073
2780 1074
2781 1075
2782 1076
2783 1077
2784 1076
2785 1076
2786 1073
2787 1073
2788 1073
2789 1072
2790 1071
2791 1070
2792 1071
2793 1070
2794 1069
2795 1068
2796 1068
2797 1067
2798 1065
2799 1063
2800 1064
2801 1063
2802 1064
2803 1062
2804 1061
2805 1062
2806 1062
2807 1062
2808 1063
2809 1062
2810 1062
2811 1062
2812 1062
2813 1063
2814 1064
2815 1063
2816 1064
2817 1065
2818 1065
2819 1065
2820 1065
2821 1066
2822 1063
2823 1062
2824 1062
2825 1063
2826 1063
2827 1064
2828 1065
2829 1063
2830 1062
2831 1062
2832 1062
2833 1063
2834 1063
2835 1064
2836 1064
2837 1061
2838 1059
2839 1060
2840 1061
2841 1061
2842 1062
2843 1063
2844 1063
2845 1064
2846 1065
2847 1065
2848 1064
2849 1065
2850 1065
2851 1065
2852 1065
2853 1065
2854 1063
2855 1062
2856 1061
2857 1061
2858 1061
2859 1062
2860 1062
2861 1063
2862 1063
2863 1064
2864 1065
2865 1065
2866 1065
2867 1065
2868 1066
2869 1067
2870 1064
2871 1064
2872 1065
2873 1064
2874 1062
2875 1063
2876 1063
2877 1063
2878 1064
2879 1065
2880 1066
2881 1067
2882 1066
2883 1065
2884 1065
2885 1066
2886 1066
2887 1065
2888 1065
2889 1065
2890 1064
2891 1064
2892 1064
2893 1064
2894 1064
2895 1065
2896 1065
2897 1066
2898 1067
2899 1066
2900 1067
2901 1068
2902 1068
2903 1069
2904 1070
2905 1070
2906 1070
2907 1071
2908 1072
2909 1073
2910 1074
2911 1073
2912 1074
2913 1074
2914 1073
2915 1074
2916 1074
2917 1074
2918 1074
2919 1075
2920 1076
2921 1077
2922 1078
2923 1078
2924 1079
2925 1080
2926 1080
2927 1080
2928 1079
2929 1080
2930 1081
2931 1082
2932 1081
2933 1082
2934 1083
2935 1084
2936 1085
2937 1086
2938 1087
2939 1088
2940 1088
2941 1087
2942 1086
2943 1086
2944 1086
2945 1087
2946 1086
2947 1086
2948 1086
2949 1086
2950 1086
2951 1087
2952 1086
2953 1086
2954 1087
2955 1087
2956 1087
2957 1087
2958 1086
2959 1085
2960 1085
2961 1086
2962 1087
2963 1088
2964 1088
2965 1084
2966 1083
2967 1084
2968 1083
2969 1084
2970 1083
2971 1084
2972 1084
2973 1083
2974 1083
2975 1083
2976 1082
2977 1080
2978 1080
2979 1080
2980 1080
2981 1081
2982 1080
2983 1081
2984 1082
2985 1082
2986 1082
2987 1083
2988 1084
2989 1084
2990 1085
2991 1084
2992 1084
2993 1085
2994 1086
2995 1087
2996 1088
2997 1089
2998 1090
2999 1090
3000 1090
3001 1091
3002 1092
3003 1093
3004 1094
3005 1094
3006 1095
3007 1095
3008 1095
3009 1096
3010 1096
3011 1097
3012 1098
3013 1096
3014 1097
3015 1097
3016 1097
3017 1097
3018 1095
3019 1096
3020 1096
3021 1096
3022 1094
3023 1095
3024 1096
3025 1095
3026 1094
3027 1093
3028 1092
3029 1093
3030 1094
3031 1093
3032 1093
3033 1090
3034 1089
3035 1087
3036 1087
3037 1087
3038 1088
3039 1087
3040 1087
3041 1087
3042 1088
3043 1088
3044 1089
3045 1089
3046 1087
3047 1085
3048 1086
3049 1087
3050 1088
3051 1089
3052 1089
3053 1087
3054 1088
3055 1089
3056 1089
3057 1089
3058 1089
3059 1090
3060 1090
3061 1089
3062 1090
3063 1090
3064 1091
3065 1090
3066 1089
3067 1089
3068 1088
3069 1089
3070 1090
3071 1090
3072 1091
3073 1092
3074 1092
3075 1092
3076 1092
3077 1092
3078 1093
3079 1094
3080 1095
3081 1093
3082 1093
3083 1091
3084 1091
3085 1092
3086 1091
3087 1091
3088 1092
3089 1091
3090 1090
3091 1089
3092 1089
3093 1089
3094 1090
3095 1090
3096 1091
3097 1092
3098 1091
3099 1090
3100 1089
3101 1088
3102 1088
3103 1089
3104 1090
3105 1091
3106 1090
3107 1091
3108 1091
3109 1091
3110 1090
3111 1090
3112 1091
3113 1090
3114 1091
3115 1091
3116 1089
3117 1089
3118 1090
3119 1091
3120 1091
3121 1092
3122 1093
3123 1093
3124 1094
3125 1094
3126 1095
3127 1095
3128 1095
3129 1096
3130 1097
3131 1097
3132 1098
3133 1099
3134 1099
3135 1098
3136 1099
3137 1100
3138 1099
3139 1099
3140 1099
3141 1098
3142 1095
3143 1095
3144 1096
3145 1097
3146 1098
3147 1099
3148 1100
3149 1100
3150 1100
3151 1101
3152 1100
3153 1097
3154 1097
3155 1098
3156 1099
3157 1100
3158 1099
3159 1098
3160 1097
3161 1097
3162 1097
3163 1095
3164 1095
3165 1096
3166 1095
3167 1095
3168 1094
3169 1094
3170 1095
3171 1094
3172 1094
3173 1094
3174 1093
3175 1094
3176 1092
3177 1092
3178 1093
3179 1094
3180 1094
3181 1095
3182 1095
3183 1094
3184 1095
3185 1095
3186 1096
3187 1096
3188 1097
3189 1096
3190 1096
3191 1096
3192 1093
3193 1093
3194 1093
3195 1093
3196 1093
3197 1094
3198 1095
3199 1095
3200 1096
3201 1096
3202 1096
3203 1096
3204 1097
3205 1097
3206 1097
3207 1098
3208 1098
3209 1097
3210 1097
3211 1098
3212 1099
3213 1100
3214 1100
3215 1100
3216 1100
3217 1101
3218 1101
3219 1102
3220 1103
3221 1101
3222 1101
3223 1100
3224 1100
3225 1101
3226 1102
3227 1103
3228 1103
3229 1102
3230 1103
3231 1104
3232 1104
3233 1103
3234 1104
3235 1104
3236 1102
3237 1102
3238 1102
3239 1102
3240 1103
3241 1103
3242 1103
3243 1103
3244 1104
3245 1101
3246 1102
3247 1102
3248 1100
3249 1100
3250 1098
3251 1099
3252 1100
3253 1101
3254 1100
3255 1100
3256 1098
3257 1098
3258 1098
3259 1099
3260 1097
3261 1098
3262 1095
3263 1096
3264 1097
3265 1097
3266 1098
3267 1098
3268 1098
3269 1097
3270 1097
3271 1098
3272 1098
3273 1099
3274 1098
3275 1099
3276 1100
3277 1100
3278 1101
3279 1100
3280 1100
3281 1099
3282 1098
3283 1099
3284 1099
3285 1098
3286 1097
3287 1098
3288 1096
3289 1096
3290 1096
3291 1097
3292 1097
3293 1095
3294 1096
3295 1096
3296 1096
3297 1097
3298 1096
3299 1097
3300 1098
3301 1099
3302 1098
3303 1099
3304 1098
3305 1099
3306 1099
3307 1100
3308 1101
3309 1100
3310 1100
3311 1101
3312 1102
3313 1101
3314 1102
3315 1102
3316 1102
3317 1102
3318 1103
3319 1104
3320 1103
3321 1103
3322 1104
3323 1104
3324 1104
3325 1103
3326 1102
3327 1102
3328 1103
3329 1102
3330 1103
3331 1103
3332 1103
3333 1102
3334 1102
3335 1103
3336 1102
3337 1101
3338 1102
3339 1102
3340 1102
3341 1102
3342 1100
3343 1100
3344 1101
3345 1099
3346 1099
3347 1100
3348 1100
3349 1100
3350 1098
3351 1099
3352 1100
3353 1101
3354 1102
3355 1103
3356 1104
3357 1105
3358 1105
3359 1106
3360 1106
3361 1106
3362 1105
3363 1104
3364 1103
3365 1103
3366 1100
3367 1101
3368 1100
3369 1101
3370 1102
3371 1103
3372 1104
3373 1104
3374 1105
3375 1106
3376 1107
3377 1107
3378 1108
3379 1109
3380 1110
3381 1111
3382 1112
3383 1110
3384 1111
3385 1110
3386 1110
3387 1110
3388 1111
3389 1112
3390 1109
3391 1110
3392 1111
3393 1109
3394 1109
3395 1109
3396 1109
3397 1109
3398 1108
3399 1109
3400 1109
3401 1109
3402 1110
3403 1110
3404 1111
3405 1110
3406 1110
3407 1110
3408 1110
3409 1110
3410 1111
3411 1112
3412 1113
3413 1111
3414 1111
3415 1110
3416 1110
3417 1110
3418 1110
3419 1110
3420 1111
3421 1111
3422 1111
3423 1111
3424 1112
3425 1112
3426 1110
3427 1110
3428 1110
3429 1111
3430 1112
3431 1112
3432 1112
3433 1113
3434 1113
3435 1112
3436 1113
3437 1114
3438 1115
3439 1116
3440 1116
3441 1114
3442 1114
3443 1113
3444 1113
3445 1113
3446 1114
3447 1115
3448 1115
3449 1114
3450 1115
3451 1115
3452 1114
3453 1115
3454 1116
3455 1115
3456 1114
3457 1111
3458 1112
3459 1112
3460 1112
3461 1112
3462 1112
3463 1111
3464 1112
3465 1112
3466 1111
3467 1109
3468 1110
3469 1109
3470 1109
3471 1109
3472 1109
3473 1109
3474 1110
3475 1110
3476 1110
3477 1109
3478 1108
3479 1109
3480 1107
3481 1107
3482 1106
3483 1105
3484 1106
3485 1106
3486 1105
3487 1104
3488 1105
3489 1106
3490 1105
3491 1106
3492 1106
3493 1106
3494 1106
3495 1107
3496 1105
3497 1106
3498 1106
3499 1107
3500 1106
3501 1106
3502 1106
3503 1106
3504 1106
3505 1106
3506 1106
3507 1106
3508 1107
3509 1108
3510 1107
3511 1107
3512 1107
3513 1106
3514 1107
3515 1105
3516 1106
3517 1107
3518 1108
3519 1108
3520 1108
3521 1109
3522 1110
3523 1109
3524 1110
3525 1111
3526 1110
3527 1111
3528 1111
3529 1109
3530 1110
3531 1110
3532 1109
3533 1108
3534 1107
3535 1108
3536 1109
3537 1110
3538 1111
3539 1111
3540 1112
3541 1112
3542 1113
3543 1113
3544 1112
3545 1111
3546 1110
3547 1109
3548 1109
3549 1110
3550 1109
3551 1108
3552 1108
3553 1109
3554 1110
3555 1111
3556 1110
3557 1110
3558 1111
3559 1111
3560 1111
3561 1111
3562 1112
3563 1111
3564 1110
3565 1110
3566 1109
3567 1110
3568 1110
3569 1110
3570 1110
3571 1109
3572 1109
3573 1109
3574 1107
3575 1108
3576 1108
3577 1106
3578 1106
3579 1106
3580 1106
3581 1107
3582 1107
3583 1108
3584 1109
3585 1109
3586 1110
3587 1111
3588 1112
3589 1113
3590 1113
3591 1114
3592 1115
3593 1115
3594 1116
3595 1116
3596 1116
3597 1115
3598 1114
3599 1115
3600 1115
3601 1115
3602 1115
3603 1116
3604 1117
3605 1117
3606 1116
3607 1116
3608 1115
3609 1116
3610 1116
3611 1116
3612 1116
3613 1116
3614 1117
3615 1118
3616 1117
3617 1117
3618 1118
3619 1119
3620 1119
3621 1119
3622 1120
3623 1119
3624 1120
3625 1120
3626 1120
3627 1120
3628 1119
3629 1117
3630 1115
3631 1113
3632 1112
3633 1112
3634 1112
3635 1113
3636 1112
3637 1111
3638 1111
3639 1111
3640 1109
3641 1109
3642 1109
3643 1109
3644 1109
3645 1110
3646 1108
3647 1109
3648 1110
3649 1111
3650 1111
3651 1110
3652 1111
3653 1112
3654 1109
3655 1110
3656 1110
3657 1111
3658 1112
3659 1112
3660 1112
3661 1112
3662 1112
3663 1112
3664 1112
3665 1113
3666 1114
3667 1115
3668 1116
3669 1116
3670 1113
3671 1113
3672 1113
3673 1112
3674 1112
3675 1112
3676 1111
3677 1110
3678 1111
3679 1112
3680 1113
3681 1113
3682 1113
3683 1113
3684 1113
3685 1114
3686 1114
3687 1114
3688 1113
3689 1114
3690 1115
3691 1116
3692 1117
3693 1116
3694 1117
3695 1115
3696 1114
3697 1114
3698 1114
3699 1114
3700 1115
3701 1116
3702 1117
3703 1117
3704 1117
3705 1118
3706 1119
3707 1119
3708 1119
3709 1120
3710 1119
3711 1119
3712 1119
3713 1120
3714 1120
3715 1120
3716 1121
3717 1121
3718 1120
3719 1119
3720 1120
3721 1119
3722 1120
3723 1119
3724 1117
3725 1117
3726 1117
3727 1115
3728 1116
3729 1117
3730 1118
3731 1117
3732 1118
3733 1117
3734 1117
3735 1117
3736 1118
3737 1118
3738 1118
3739 1119
3740 1116
3741 1117
3742 1117
3743 1118
3744 1118
3745 1119
3746 1119
3747 1118
3748 1119
3749 1117
3750 1116
3751 1116
3752 1116
3753 1117
3754 1117
3755 1118
3756 1118
3757 1118
3758 1117
3759 1118
3760 1119
3761 1120
3762 1120
3763 1121
3764 1122
3765 1123
3766 1124
3767 1125
3768 1125
3769 1125
3770 1124
3771 1125
3772 1125
3773 1123
3774 1123
3775 1123
3776 1124
3777 1124
3778 1124
3779 1123
3780 1123
3781 1124
3782 1124
3783 1124
3784 1125
3785 1125
3786 1126
3787 1127
3788 1126
3789 1125
3790 1126
3791 1127
3792 1128
3793 1129
3794 1129
3795 1128
3796 1126
3797 1124
3798 1125
3799 1125
3800 1126
3801 1127
3802 1126
3803 1126
3804 1124
3805 1124
3806 1125
3807 1126
3808 1127
3809 1127
3810 1127
3811 1128
3812 1127
3813 1127
3814 1127
3815 1127
3816 1123
3817 1124
3818 1125
3819 1125
3820 1124
3821 1124
3822 1124
3823 1125
3824 1125
3825 1126
3826 1127
3827 1125
3828 1125
3829 1125
3830 1124
3831 1123
3832 1121
3833 1120
3834 1120
3835 1121
3836 1122
3837 1122
3838 1123
3839 1124
3840 1124
3841 1125
3842 1125
3843 1124
3844 1124
3845 1123
3846 1124
3847 1124
3848 1125
3849 1126
3850 1124
3851 1124
3852 1123
3853 1124
3854 1125
3855 1126
3856 1127
3857 1128
3858 1129
3859 1128
3860 1128
3861 1129
3862 1130
3863 1130
3864 1129
3865 1130
3866 1130
3867 1127
3868 1127
3869 1127
3870 1128
3871 1129
3872 1129
3873 1130
3874 1129
3875 1129
3876 1129
3877 1127
3878 1127
3879 1126
3880 1127
3881 1127
3882 1128
3883 1127
3884 1126
3885 1127
3886 1128
3887 1128
3888 1128
3889 1128
3890 1128
3891 1127
3892 1127
3893 1128
3894 1127
3895 1127
3896 1125
3897 1125
3898 1124
3899 1125
3900 1125
3901 1126
3902 1127
3903 1127
3904 1127
3905 1127
3906 1126
3907 1127
3908 1128
3909 1128
3910 1128
3911 1129
3912 1129
3913 1130
3914 1130
3915 1130
3916 1129
3917 1130
3918 1131
3919 1129
3920 1130
3921 1131
3922 1132
3923 1133
3924 1132
3925 1132
3926 1132
3927 1130
3928 1131
3929 1131
3930 1131
3931 1130
3932 1131
3933 1131
3934 1129
3935 1126
3936 1126
3937 1126
3938 1126
3939 1126
3940 1127
3941 1127
3942 1123
3943 1122
3944 1122
3945 1122
3946 1121
3947 1121
3948 1122
3949 1123
3950 1123
3951 1123
3952 1123
3953 1123
3954 1124
3955 1124
3956 1123
3957 1124
3958 1125
3959 1125
3960 1125
3961 1126
3962 1125
3963 1123
3964 1124
3965 1124
3966 1124
3967 1125
3968 1126
3969 1126
3970 1126
3971 1126
3972 1126
3973 1127
3974 1124
3975 1124
3976 1125
3977 1125
3978 1126
3979 1125
3980 1125
3981 1125
3982 1126
3983 1126
3984 1127
3985 1127
3986 1126
3987 1126
3988 1125
3989 1126
3990 1126
3991 1126
3992 1127
3993 1128
3994 1127
3995 1127
3996 1127
3997 1126
3998 1126
3999 1126
4000 1126
4001 1126
4002 1125
4003 1125
4004 1126
4005 1127
4006 1128
4007 1128
4008 1129
4009 1130
4010 1130
4011 1131
4012 1131
4013 1132
4014 1133
4015 1134
4016 1135
4017 1135
4018 1136
4019 1136
4020 1137
4021 1136
4022 1136
4023 1136
4024 1136
4025 1136
4026 1137
4027 1138
4028 1138
4029 1138
4030 1137
4031 1138
4032 1138
4033 1137
4034 1138
4035 1138
4036 1139
4037 1139
4038 1140
4039 1136
4040 1137
4041 1138
4042 1138
4043 1139
4044 1139
4045 1139
4046 1138
4047 1139
4048 1139
4049 1140
4050 1141
4051 1142
4052 1142
4053 1143
4054 1142
4055 1143
4056 1143
4057 1144
4058 1144
4059 1144
4060 1144
4061 1143
4062 1144
4063 1145
4064 1144
4065 1143
4066 1144
4067 1144
4068 1143
4069 1144
4070 1144
4071 1145
4072 1145
4073 1145
4074 1146
4075 1146
4076 1147
4077 1147
4078 1147
4079 1147
4080 1148
4081 1148
4082 1149
4083 1149
4084 1150
4085 1150
4086 1148
4087 1149
4088 1148
4089 1148
4090 1149
4091 1150
4092 1149
4093 1150
4094 1151
4095 1149
4096 1149
4097 1149
4098 1150
4099 1150
4100 1149
4101 1150
4102 1151
4103 1152
4104 1153
4105 1152
4106 1151
4107 1152
4108 1153
4109 1154
4110 1153
4111 1152
4112 1153
4113 1154
4114 1155
4115 1155
4116 1156
4117 1156
4118 1155
4119 1155
4120 1155
4121 1155
4122 1156
4123 1156
4124 1156
4125 1157
4126 1156
4127 1157
4128 1158
4129 1157
4130 1158
4131 1157
4132 1157
4133 1158
4134 1157
4135 1157
4136 1158
4137 1159
4138 1160
4139 1161
4140 1161
4141 1162
4142 1160
4143 1161
4144 1161
4145 1161
4146 1161
4147 1160
4148 1160
4149 1160
4150 1160
4151 1160
4152 1161
4153 1161
4154 1161
4155 1161
4156 1162
4157 1160
4158 1161
4159 1162
4160 1163
4161 1164
4162 1164
4163 1163
4164 1164
4165 1163
4166 1162
4167 1163
4168 1164
4169 1162
4170 1163
4171 1162
4172 1161
4173 1162
4174 1163
4175 1163
4176 1164
4177 1165
4178 1165
4179 1165
4180 1164
4181 1162
4182 1162
4183 1162
4184 1161
4185 1160
4186 1161
4187 1160
4188 1159
4189 1158
4190 1159
4191 1159
4192 1158
4193 1159
4194 1160
4195 1160
4196 1161
4197 1161
4198 1161
4199 1161
4200 1160
4201 1160
4202 1161
4203 1162
4204 1163
4205 1164
4206 1165
4207 1165
4208 1164
4209 1165
4210 1165
4211 1164
4212 1164
4213 1165
4214 1165
4215 1165
4216 1166
4217 1167
4218 1168
4219 1168
4220 1169
4221 1170
4222 1169
4223 1168
4224 1167
4225 1168
4226 1169
4227 1169
4228 1169
4229 1170
4230 1171
4231 1171
4232 1169
4233 1170
4234 1171
4235 1170
4236 1170
4237 1169
4238 1170
4239 1171
4240 1170
4241 1170
4242 1167
4243 1165
4244 1163
4245 1163
4246 1163
4247 1163
4248 1163
4249 1164
4250 1165
4251 1166
4252 1167
4253 1165
4254 1165
4255 1164
4256 1165
4257 1166
4258 1167
4259 1167
4260 1168
4261 1169
4262 1169
4263 1169
4264 1170
4265 1171
4266 1170
4267 1169
4268 1169
4269 1170
4270 1171
4271 1172
4272 1172
4273 1172
4274 1172
4275 1171
4276 1171
4277 1171
4278 1172
4279 1173
4280 1173
4281 1174
4282 1175
4283 1176
4284 1177
4285 1178
4286 1178
4287 1177
4288 1178
4289 1178
4290 1179
4291 1179
4292 1179
4293 1179
4294 1179
4295 1179
4296 1178
4297 1178
4298 1178
4299 1178
4300 1178
4301 1179
4302 1179
4303 1180
4304 1180
4305 1180
4306 1181
4307 1182
4308 1182
4309 1180
4310 1179
4311 1180
4312 1181
4313 1182
4314 1183
4315 1182
4316 1183
4317 1183
4318 1184
4319 1185
4320 1185
4321 1185
4322 1185
4323 1186
4324 1187
4325 1188
4326 1188
4327 1189
4328 1188
4329 1189
4330 1189
4331 1189
4332 1188
4333 1187
4334 1188
4335 1186
4336 1187
4337 1187
4338 1186
4339 1186
4340 1187
4341 1187
4342 1187
4343 1187
4344 1188
4345 1188
4346 1187
4347 1188
4348 1188
4349 1189
4350 1190
4351 1189
4352 1188
4353 1185
4354 1184
4355 1183
4356 1184
4357 1184
4358 1185
4359 1185
4360 1183
4361 1184
4362 1184
4363 1185
4364 1185
4365 1185
4366 1186
4367 1186
4368 1186
4369 1187
4370 1188
4371 1187
4372 1188
4373 1189
4374 1189
4375 1190
4376 1190
4377 1191
4378 1192
4379 1190
4380 1190
4381 1191
4382 1191
4383 1192
4384 1193
4385 1193
4386 1193
4387 1192
4388 1192
4389 1193
4390 1192
4391 1191
4392 1192
4393 1193
4394 1191
4395 1191
4396 1192
4397 1191
4398 1192
4399 1193
4400 1194
4401 1193
4402 1193
4403 1194
4404 1195
4405 1196
4406 1196
4407 1197
4408 1198
4409 1199
4410 1197
4411 1198
4412 1199
4413 1198
4414 1199
4415 1200
4416 1197
4417 1198
4418 1198
4419 1199
4420 1199
4421 1200
4422 1200
4423 1201
4424 1198
4425 1199
4426 1199
4427 1196
4428 1196
4429 1196
4430 1196
4431 1194
4432 1194
4433 1195
4434 1195
4435 1196
4436 1197
4437 1198
4438 1199
4439 1198
4440 1199
4441 1199
4442 1199
4443 1200
4444 1200
4445 1199
4446 1200
4447 1199
4448 1200
4449 1198
4450 1199
4451 1198
4452 1197
4453 1198
4454 1198
4455 1198
4456 1198
4457 1199
4458 1199
4459 1200
4460 1200
4461 1200
4462 1201
4463 1201
4464 1202
4465 1202
4466 1201
4467 1202
4468 1203
4469 1202
4470 1202
4471 1199
4472 1198
4473 1199
4474 1199
4475 1199
4476 1199
4477 1200
4478 1201
4479 1200
4480 1200
4481 1199
4482 1197
4483 1198
4484 1199
4485 1198
4486 1198
4487 1199
4488 1200
4489 1201
4490 1201
4491 1202
4492 1202
4493 1202
4494 1203
4495 1203
4496 1203
4497 1201
4498 1202
4499 1201
4500 1201
4501 1198
4502 1198
4503 1198
4504 1198
4505 1198
4506 1199
4507 1199
4508 1200
4509 1200
4510 1200
4511 1199
4512 1200
4513 1198
4514 1198
4515 1199
4516 1200
4517 1200
4518 1200
4519 1199
4520 1199
4521 1198
4522 1197
4523 1198
4524 1199
4525 1200
4526 1200
4527 1201
4528 1200
4529 1201
4530 1201
4531 1201
4532 1201
4533 1202
4534 1202
4535 1202
4536 1203
4537 1202
4538 1202
4539 1203
4540 1203
4541 1204
4542 1205
4543 1206
4544 1206
4545 1207
4546 1207
4547 1208
4548 1208
4549 1208
4550 1209
4551 1210
4552 1211
4553 1212
4554 1211
4555 1212
4556 1213
4557 1214
4558 1213
4559 1214
4560 1215
4561 1214
4562 1215
4563 1214
4564 1212
4565 1212
4566 1211
4567 1211
4568 1211
4569 1209
4570 1209
4571 1210
4572 1211
4573 1209
4574 1208
4575 1209
4576 1210
4577 1209
4578 1207
4579 1205
4580 1205
4581 1205
4582 1204
4583 1205
4584 1205
4585 1205
4586 1205
4587 1206
4588 1206
4589 1206
4590 1207
4591 1208
4592 1208
4593 1207
4594 1207
4595 1206
4596 1206
4597 1207
4598 1202
4599 1203
4600 1204
4601 1203
4602 1204
4603 1204
4604 1205
4605 1206
4606 1207
4607 1206
4608 1205
4609 1206
4610 1205
4611 1204
4612 1203
4613 1201
4614 1202
4615 1202
4616 1202
4617 1200
4618 1198
4619 1197
4620 1198
4621 1197
4622 1197
4623 1198
4624 1194
4625 1192
4626 1190
4627 1190
4628 1188
4629 1187
4630 1188
4631 1189
4632 1190
4633 1189
4634 1189
4635 1190
4636 1190
4637 1190
4638 1189
4639 1189
4640 1190
4641 1191
4642 1192
4643 1193
4644 1193
4645 1194
4646 1193
4647 1194
4648 1193
4649 1194
4650 1195
4651 1196
4652 1197
4653 1198
4654 1199
4655 1200
4656 1201
4657 1199
4658 1198
4659 1199
4660 1199
4661 1199
4662 1197
4663 1197
4664 1198
4665 1199
4666 1199
4667 1199
4668 1197
4669 1197
4670 1197
4671 1197
4672 1197
4673 1197
4674 1197
4675 1197
4676 1197
4677 1197
4678 1196
4679 1195
4680 1194
4681 1193
4682 1193
4683 1193
4684 1192
4685 1193
4686 1194
4687 1192
4688 1191
4689 1189
4690 1190
4691 1191
4692 1191
4693 1192
4694 1191
4695 1190
4696 1190
4697 1191
4698 1191
4699 1191
4700 1190
4701 1190
4702 1191
4703 1192
4704 1192
4705 1193
4706 1194
4707 1195
4708 1194
4709 1194
4710 1194
4711 1195
4712 1193
4713 1193
4714 1194
4715 1195
4716 1196
4717 1197
4718 1198
4719 1198
4720 1199
4721 1199
4722 1198
4723 1199
4724 1197
4725 1196
4726 1195
4727 1195
4728 1195
4729 1195
4730 1196
4731 1196
4732 1193
4733 1193
4734 1193
4735 1192
4736 1193
4737 1193
4738 1193
4739 1193
4740 1194
4741 1195
4742 1195
4743 1195
4744 1196
4745 1196
4746 1197
4747 1197
4748 1198
4749 1199
4750 1197
4751 1198
4752 1199
4753 1200
4754 1201
4755 1200
4756 1200
4757 1200
4758 1200
4759 1201
4760 1202
4761 1198
4762 1199
4763 1200
4764 1201
4765 1199
4766 1200
4767 1201
4768 1202
4769 1203
4770 1202
4771 1200
4772 1200
4773 1197
4774 1198
4775 1198
4776 1196
4777 1195
4778 1195
4779 1195
4780 1193
4781 1193
4782 1192
4783 1193
4784 1194
4785 1195
4786 1194
4787 1194
4788 1195
4789 1195
4790 1196
4791 1196
4792 1197
4793 1197
4794 1198
4795 1199
4796 1200
4797 1200
4798 1198
4799 1199
4800 1200
4801 1200
4802 1199
4803 1200
4804 1200
4805 1199
4806 1198
4807 1197
4808 1198
4809 1196
4810 1197
4811 1198
4812 1198
4813 1198
4814 1199
4815 1199
4816 1199
4817 1197
4818 1197
4819 1197
4820 1196
4821 1195
4822 1195
4823 1195
4824 1194
4825 1194
4826 1192
4827 1192
4828 1190
4829 1189
4830 1189
4831 1190
4832 1189
4833 1187
4834 1186
4835 1185
4836 1185
4837 1184
4838 1184
4839 1184
4840 1183
4841 1182
4842 1182
4843 1183
4844 1183
4845 1182
4846 1183
4847 1184
4848 1185
4849 1184
4850 1185
4851 1185
4852 1185
4853 1186
4854 1185
4855 1183
4856 1183
4857 1184
4858 1184
4859 1184
4860 1184
4861 1185
4862 1184
4863 1185
4864 1186
4865 1185
4866 1185
4867 1182
4868 1181
4869 1180
4870 1181
4871 1179
4872 1178
4873 1177
4874 1178
4875 1179
4876 1179
4877 1180
4878 1179
4879 1179
4880 1179
4881 1179
4882 1179
4883 1180
4884 1180
4885 1181
4886 1182
4887 1183
4888 1184
4889 1182
4890 1182
4891 1183
4892 1183
4893 1184
4894 1183
4895 1180
4896 1179
4897 1179
4898 1178
4899 1179
4900 1178
4901 1178
4902 1177
4903 1177
4904 1177
4905 1176
4906 1177
4907 1178
4908 1179
4909 1178
4910 1178
4911 1178
4912 1179
4913 1179
4914 1178
4915 1179
4916 1180
4917 1180
4918 1178
4919 1178
4920 1179
4921 1179
4922 1179
4923 1179
4924 1178
4925 1179
4926 1180
4927 1181
4928 1181
4929 1182
4930 1180
4931 1178
4932 1179
4933 1180
4934 1180
4935 1180
4936 1179
4937 1179
4938 1179
4939 1180
4940 1181
4941 1181
4942 1181
4943 1182
4944 1181
4945 1181
4946 1182
4947 1183
4948 1184
4949 1184
4950 1181
4951 1182
4952 1183
4953 1184
4954 1184
4955 1183
4956 1184
4957 1179
4958 1179
4959 1179
4960 1178
4961 1177
4962 1178
4963 1177
4964 1177
4965 1178
4966 1178
4967 1177
4968 1177
4969 1176
4970 1177
4971 1177
4972 1178
4973 1176
4974 1177
4975 1178
4976 1178
4977 1177
4978 1178
4979 1178
4980 1176
4981 1176
4982 1177
4983 1178
4984 1178
4985 1178
4986 1177
4987 1177
4988 1178
4989 1179
4990 1180
4991 1178
4992 1177
4993 1178
4994 1178
4995 1178
4996 1179
4997 1177
4998 1177
4999 1178
5000 1178
5001 1178
5002 1179
5003 1178
5004 1179
5005 1180
5006 1181
5007 1181
5008 1182
5009 1183
5010 1183
5011 1184
5012 1185
5013 1184
5014 1183
5015 1183
5016 1183
5017 1184
5018 1182
5019 1183
5020 1182
5021 1182
5022 1182
5023 1182
5024 1183
5025 1182
5026 1183
5027 1183
5028 1184
5029 1185
5030 1185
5031 1185
5032 1186
5033 1186
5034 1186
5035 1186
5036 1185
5037 1186
5038 1186
5039 1185
5040 1184
5041 1184
5042 1182
5043 1181
5044 1181
5045 1181
5046 1182
5047 1182
5048 1182
5049 1182
5050 1182
5051 1182
5052 1183
5053 1184
5054 1185
5055 1185
5056 1185
5057 1186
5058 1186
5059 1187
5060 1188
5061 1189
5062 1189
5063 1190
5064 1191
5065 1190
5066 1190
5067 1190
5068 1188
5069 1187
5070 1188
5071 1188
5072 1187
5073 1186
5074 1186
5075 1184
5076 1185
5077 1183
5078 1184
5079 1185
5080 1186
5081 1186
5082 1185
5083 1184
5084 1184
5085 1185
5086 1186
5087 1187
5088 1188
5089 1188
5090 1188
5091 1189
5092 1190
5093 1189
5094 1189
5095 1188
5096 1186
5097 1185
5098 1184
5099 1185
5100 1186
5101 1186
5102 1187
5103 1187
5104 1187
5105 1187
5106 1188
5107 1188
5108 1188
5109 1189
5110 1190
5111 1189
5112 1190
5113 1189
5114 1190
5115 1191
5116 1190
5117 1191
5118 1190
5119 1189
5120 1189
5121 1187
5122 1185
5123 1185
5124 1185
5125 1185
5126 1183
5127 1182
5128 1183
5129 1183
5130 1183
5131 1183
5132 1184
5133 1184
5134 1185
5135 1185
5136 1184
5137 1184
5138 1185
5139 1184
5140 1185
5141 1185
5142 1185
5143 1185
5144 1184
5145 1183
5146 1182
5147 1183
5148 1183
5149 1184
5150 1184
5151 1185
5152 1185
5153 1182
5154 1183
5155 1183
5156 1183
5157 1184
5158 1184
5159 1185
5160 1185
5161 1185
5162 1186
5163 1187
5164 1186
5165 1187
5166 1188
5167 1187
5168 1187
5169 1187
5170 1188
5171 1189
5172 1190
5173 1190
5174 1191
5175 1189
5176 1188
5177 1189
5178 1188
5179 1188
5180 1186
5181 1187
5182 1188
5183 1189
5184 1188
5185 1188
5186 1187
5187 1186
5188 1186
5189 1186
5190 1187
5191 1188
5192 1187
5193 1186
5194 1185
5195 1183
5196 1181
5197 1181
5198 1182
5199 1183
5200 1182
5201 1181
5202 1180
5203 1180
5204 1180
5205 1181
5206 1181
5207 1181
5208 1182
5209 1180
5210 1181
5211 1182
5212 1183
5213 1183
5214 1183
5215 1183
5216 1182
5217 1182
5218 1182
5219 1182
5220 1180
5221 1180
5222 1180
5223 1180
5224 1179
5225 1178
5226 1176
5227 1176
5228 1176
5229 1175
5230 1174
5231 1174
5232 1175
5233 1174
5234 1173
5235 1172
5236 1173
5237 1174
5238 1174
5239 1175
5240 1173
5241 1172
5242 1171
5243 1169
5244 1169
5245 1169
5246 1168
5247 1168
5248 1169
5249 1168
5250 1166
5251 1166
5252 1166
5253 1166
5254 1166
5255 1165
5256 1166
5257 1166
5258 1166
5259 1165
5260 1164
5261 1164
5262 1163
5263 1164
5264 1164
5265 1164
5266 1165
5267 1165
5268 1166
5269 1167
5270 1167
5271 1168
5272 1167
5273 1168
5274 1169
5275 1168
5276 1168
5277 1169
5278 1170
5279 1169
5280 1170
5281 1171
5282 1170
5283 1169
5284 1170
5285 1171
5286 1170
5287 1169
5288 1167
5289 1167
5290 1167
5291 1168
5292 1169
5293 1170
5294 1169
5295 1170
5296 1171
5297 1172
5298 1173
5299 1174
5300 1175
5301 1175
5302 1176
5303 1176
5304 1176
5305 1176
5306 1177
5307 1178
5308 1179
5309 1180
5310 1180
5311 1180
5312 1181
5313 1182
5314 1183
5315 1180
5316 1181
5317 1182
5318 1182
5319 1180
5320 1180
5321 1181
5322 1181
5323 1182
5324 1182
5325 1182
5326 1183
5327 1183
5328 1183
5329 1184
5330 1181
5331 1182
5332 1182
5333 1183
5334 1183
5335 1184
5336 1185
5337 1185
5338 1185
5339 1184
5340 1184
5341 1184
5342 1185
5343 1183
5344 1184
5345 1185
5346 1184
5347 1183
5348 1184
5349 1181
5350 1181
5351 1182
5352 1182
5353 1183
5354 1184
5355 1183
5356 1184
5357 1184
5358 1184
5359 1183
5360 1182
5361 1183
5362 1184
5363 1184
5364 1184
5365 1182
5366 1182
5367 1179
5368 1179
5369 1180
5370 1180
5371 1180
5372 1180
5373 1178
5374 1178
5375 1179
5376 1180
5377 1179
5378 1179
5379 1179
5380 1180
5381 1179
5382 1180
5383 1180
5384 1178
5385 1178
5386 1178
5387 1177
5388 1178
5389 1177
5390 1177
5391 1177
5392 1178
5393 1178
5394 1178
5395 1177
5396 1178
5397 1175
5398 1176
5399 1175
5400 1175
5401 1175
5402 1176
5403 1177
5404 1178
5405 1178
5406 1176
5407 1177
5408 1177
5409 1176
5410 1174
5411 1173
5412 1174
5413 1175
5414 1176
5415 1176
5416 1177
5417 1176
5418 1175
5419 1175
5420 1175
5421 1175
5422 1176
5423 1175
5424 1176
5425 1176
5426 1177
5427 1176
5428 1176
5429 1176
5430 1177
5431 1177
5432 1177
5433 1176
5434 1175
5435 1175
5436 1176
5437 1177
5438 1176
5439 1177
5440 1177
5441 1177
5442 1176
5443 1176
5444 1176
5445 1176
5446 1176
5447 1174
5448 1173
5449 1174
5450 1173
5451 1173
5452 1174
5453 1174
5454 1173
5455 1174
5456 1173
5457 1170
5458 1170
5459 1169
5460 1170
5461 1170
5462 1170
5463 1169
5464 1169
5465 1170
5466 1170
5467 1170
5468 1170
5469 1170
5470 1171
5471 1170
5472 1171
5473 1170
5474 1171
5475 1172
5476 1173
5477 1174
5478 1175
5479 1176
5480 1176
5481 1174
5482 1175
5483 1175
5484 1176
5485 1174
5486 1175
5487 1176
5488 1176
5489 1176
5490 1176
5491 1175
5492 1175
5493 1176
5494 1177
5495 1178
5496 1179
5497 1180
5498 1180
5499 1181
5500 1181
5501 1182
5502 1183
5503 1184
5504 1185
5505 1186
5506 1187
5507 1184
5508 1183
5509 1184
5510 1182
5511 1182
5512 1182
5513 1181
5514 1182
5515 1181
5516 1179
5517 1179
5518 1179
5519 1178
5520 1176
5521 1176
5522 1175
5523 1176
5524 1176
5525 1173
5526 1174
5527 1175
5528 1175
5529 1175
5530 1176
5531 1177
5532 1176
5533 1177
5534 1175
5535 1174
5536 1173
5537 1173
5538 1174
5539 1175
5540 1173
5541 1174
5542 1173
5543 1174
5544 1174
5545 1173
5546 1174
5547 1174
5548 1175
5549 1176
5550 1175
5551 1175
5552 1176
5553 1177
5554 1175
5555 1173
5556 1173
5557 1173
5558 1173
5559 1173
5560 1172
5561 1173
5562 1174
5563 1174
5564 1175
5565 1175
5566 1175
5567 1174
5568 1171
5569 1170
5570 1170
5571 1168
5572 1166
5573 1166
5574 1166
5575 1165
5576 1166
5577 1166
5578 1166
5579 1167
5580 1165
5581 1166
5582 1166
5583 1167
5584 1166
5585 1167
5586 1168
5587 1169
5588 1169
5589 1170
5590 1170
5591 1171
5592 1171
5593 1171
5594 1171
5595 1170
5596 1171
5597 1171
5598 1172
5599 1172
5600 1172
5601 1171
5602 1171
5603 1170
5604 1169
5605 1170
5606 1169
5607 1169
5608 1170
5609 1169
5610 1170
5611 1171
5612 1172
5613 1171
5614 1169
5615 1170
5616 1170
5617 1171
5618 1171
5619 1171
5620 1171
5621 1172
5622 1172
5623 1171
5624 1172
5625 1171
5626 1170
5627 1171
5628 1168
5629 1167
5630 1167
5631 1166
5632 1167
5633 1167
5634 1167
5635 1168
5636 1167
5637 1167
5638 1166
5639 1165
5640 1163
5641 1162
5642 1161
5643 1161
5644 1160
5645 1159
5646 1159
5647 1158
5648 1159
5649 1160
5650 1159
5651 1160
5652 1160
5653 1161
5654 1162
5655 1161
5656 1162
5657 1163
5658 1164
5659 1164
5660 1162
5661 1163
5662 1164
5663 1160
5664 1161
5665 1161
5666 1162
5667 1163
5668 1161
5669 1162
5670 1163
5671 1162
5672 1163
5673 1164
5674 1163
5675 1164
5676 1165
5677 1165
5678 1166
5679 1167
5680 1168
5681 1169
5682 1167
5683 1165
5684 1166
5685 1164
5686 1164
5687 1164
5688 1162
5689 1163
5690 1163
5691 1159
5692 1160
5693 1159
5694 1160
5695 1160
5696 1161
5697 1162
5698 1163
5699 1163
5700 1164
5701 1165
5702 1165
5703 1165
5704 1163
5705 1164
5706 1165
5707 1165
5708 1164
5709 1165
5710 1164
5711 1164
5712 1165
5713 1163
5714 1163
5715 1162
5716 1163
5717 1160
5718 1159
5719 1159
5720 1159
5721 1160
5722 1160
5723 1160
5724 1159
5725 1160
5726 1156
5727 1156
5728 1157
5729 1156
5730 1157
5731 1157
5732 1157
5733 1157
5734 1157
5735 1156
5736 1157
5737 1156
5738 1156
5739 1157
5740 1157
5741 1158
5742 1159
5743 1159
5744 1159
5745 1160
5746 1160
5747 1160
5748 1159
5749 1159
5750 1157
5751 1158
5752 1159
5753 1160
5754 1159
5755 1157
5756 1157
5757 1158
5758 1158
5759 1157
5760 1158
5761 1159
5762 1160
5763 1160
5764 1160
5765 1159
5766 1158
5767 1158
5768 1159
5769 1159
5770 1158
5771 1159
5772 1160
5773 1161
5774 1161
5775 1161
5776 1162
5777 1163
5778 1163
5779 1164
5780 1164
5781 1165
5782 1164
5783 1163
5784 1164
5785 1164
5786 1164
5787 1165
5788 1165
5789 1165
5790 1164
5791 1165
5792 1166
5793 1166
5794 1167
5795 1167
5796 1166
5797 1164
5798 1165
5799 1166
5800 1167
5801 1166
5802 1165
5803 1166
5804 1164
5805 1162
5806 1162
5807 1162
5808 1161
5809 1162
5810 1163
5811 1164
5812 1165
5813 1164
5814 1164
5815 1162
5816 1163
5817 1162
5818 1162
5819 1163
5820 1163
5821 1162
5822 1162
5823 1163
5824 1162
5825 1161
5826 1161
5827 1161
5828 1162
5829 1163
5830 1163
5831 1163
5832 1163
5833 1163
5834 1164
5835 1165
5836 1166
5837 1166
5838 1166
5839 1167
5840 1166
5841 1166
5842 1166
5843 1167
5844 1166
5845 1167
5846 1168
5847 1169
5848 1168
5849 1169
5850 1170
5851 1169
5852 1169
5853 1170
5854 1171
5855 1172
5856 1171
5857 1170
5858 1171
5859 1170
5860 1169
5861 1169
5862 1167
5863 1167
5864 1167
5865 1168
5866 1166
5867 1165
5868 1165
5869 1165
5870 1164
5871 1165
5872 1164
5873 1165
5874 1165
5875 1162
5876 1163
5877 1162
5878 1163
5879 1163
5880 1161
5881 1161
5882 1159
5883 1160
5884 1158
5885 1158
5886 1159
5887 1160
5888 1159
5889 1159
5890 1159
5891 1159
5892 1159
5893 1160
5894 1161
5895 1162
5896 1162
5897 1163
5898 1162
5899 1159
5900 1157
5901 1157
5902 1158
5903 1158
5904 1157
5905 1158
5906 1156
5907 1156
5908 1156
5909 1156
5910 1155
5911 1156
5912 1157
5913 1158
5914 1158
5915 1158
5916 1157
5917 1157
5918 1157
5919 1157
5920 1156
5921 1157
5922 1156
5923 1156
5924 1156
5925 1156
5926 1156
5927 1156
5928 1157
5929 1155
5930 1153
5931 1154
5932 1155
5933 1156
5934 1156
5935 1155
5936 1155
5937 1156
5938 1157
5939 1157
5940 1157
5941 1157
5942 1157
5943 1157
5944 1156
5945 1156
5946 1156
5947 1156
5948 1157
5949 1157
5950 1158
5951 1159
5952 1160
5953 1159
5954 1160
5955 1161
5956 1161
5957 1162
5958 1162
5959 1163
5960 1164
5961 1164
5962 1163
5963 1164
5964 1162
5965 1161
5966 1162
5967 1162
5968 1163
5969 1163
5970 1163
5971 1163
5972 1164
5973 1164
5974 1165
5975 1165
5976 1163
5977 1164
5978 1165
5979 1164
5980 1164
5981 1163
5982 1164
5983 1164
5984 1162
5985 1162
5986 1161
5987 1161
5988 1161
5989 1161
5990 1162
5991 1163
5992 1162
5993 1163
5994 1164
5995 1162
5996 1162
5997 1162
5998 1162
5999 1161
6000 1161
6001 1161
6002 1161
6003 1160
6004 1160
6005 1161
6006 1162
6007 1162
6008 1161
6009 1162
6010 1163
6011 1164
6012 1165
6013 1165
6014 1165
6015 1165
6016 1164
6017 1163
6018 1164
6019 1165
6020 1164
6021 1164
6022 1164
6023 1164
6024 1165
6025 1164
6026 1163
6027 1162
6028 1163
6029 1164
6030 1165
6031 1166
6032 1166
6033 1167
6034 1166
6035 1167
6036 1168
6037 1168
6038 1168
6039 1168
6040 1168
6041 1168
6042 1167
6043 1168
6044 1167
6045 1166
6046 1166
6047 1166
6048 1165
6049 1165
6050 1165
6051 1164
6052 1163
6053 1164
6054 1164
6055 1165
6056 1165
6057 1165
6058 1164
6059 1164
6060 1165
6061 1165
6062 1165
6063 1164
6064 1164
6065 1165
6066 1165
6067 1165
6068 1164
6069 1164
6070 1165
6071 1164
6072 1164
6073 1163
6074 1163
6075 1163
6076 1163
6077 1160
6078 1161
6079 1161
6080 1162
6081 1162
6082 1161
6083 1162
6084 1162
6085 1163
6086 1162
6087 1160
6088 1159
6089 1160
6090 1160
6091 1160
6092 1160
6093 1160
6094 1161
6095 1160
6096 1161
6097 1161
6098 1161
6099 1161
6100 1162
6101 1163
6102 1163
6103 1163
6104 1164
6105 1165
6106 1166
6107 1166
6108 1166
6109 1166
6110 1166
6111 1166
6112 1167
6113 1167
6114 1167
6115 1166
6116 1166
6117 1166
6118 1165
6119 1166
6120 1166
6121 1167
6122 1168
6123 1167
6124 1168
6125 1168
6126 1168
6127 1166
6128 1167
6129 1166
6130 1166
6131 1166
6132 1164
6133 1165
6134 1166
6135 1165
6136 1166
6137 1166
6138 1165
6139 1166
6140 1166
6141 1167
6142 1167
6143 1166
6144 1167
6145 1168
6146 1167
6147 1168
6148 1166
6149 1167
6150 1167
6151 1167
6152 1168
6153 1169
6154 1169
6155 1170
6156 1171
6157 1170
6158 1171
6159 1170
6160 1171
6161 1171
6162 1169
6163 1168
6164 1167
6165 1165
6166 1166
6167 1165
6168 1165
6169 1164
6170 1164
6171 1164
6172 1164
6173 1165
6174 1164
6175 1164
6176 1163
6177 1164
6178 1164
6179 1164
6180 1165
6181 1165
6182 1166
6183 1166
6184 1163
6185 1161
6186 1161
6187 1162
6188 1161
6189 1158
6190 1159
6191 1158
6192 1155
6193 1155
6194 1155
6195 1155
6196 1156
6197 1156
6198 1157
6199 1158
6200 1159
6201 1158
6202 1159
6203 1159
6204 1160
6205 1159
6206 1160
6207 1160
6208 1161
6209 1160
6210 1161
6211 1161
6212 1161
6213 1161
6214 1162
6215 1163
6216 1162
6217 1161
6218 1162
6219 1161
6220 1162
6221 1161
6222 1162
6223 1163
6224 1164
6225 1165
6226 1165
6227 1166
6228 1166
6229 1165
6230 1166
6231 1166
6232 1167
6233 1167
6234 1168
6235 1168
6236 1169
6237 1167
6238 1167
6239 1168
6240 1167
6241 1166
6242 1167
6243 1168
6244 1167
6245 1166
6246 1164
6247 1164
6248 1164
6249 1165
6250 1166
6251 1164
6252 1163
6253 1162
6254 1163
6255 1162
6256 1162
6257 1162
6258 1163
6259 1161
6260 1162
6261 1161
6262 1161
6263 1162
6264 1162
6265 1163
6266 1163
6267 1162
6268 1162
6269 1162
6270 1162
6271 1162
6272 1161
6273 1162
6274 1163
6275 1161
6276 1159
6277 1158
6278 1159
6279 1159
6280 1160
6281 1159
6282 1158
6283 1158
6284 1159
6285 1159
6286 1160
6287 1160
6288 1161
6289 1162
6290 1163
6291 1162
6292 1163
6293 1164
6294 1165
6295 1166
6296 1167
6297 1166
6298 1166
6299 1167
6300 1167
6301 1167
6302 1167
6303 1168
6304 1169
6305 1167
6306 1167
6307 1168
6308 1168
6309 1167
6310 1168
6311 1167
6312 1168
6313 1169
6314 1169
6315 1170
6316 1171
6317 1170
6318 1169
6319 1170
6320 1170
6321 1170
6322 1169
6323 1169
6324 1170
6325 1171
6326 1171
6327 1171
6328 1172
6329 1172
6330 1173
6331 1174
6332 1174
6333 1175
6334 1175
6335 1176
6336 1176
6337 1175
6338 1172
6339 1171
6340 1169
6341 1170
6342 1169
6343 1170
6344 1169
6345 1167
6346 1167
6347 1167
6348 1165
6349 1165
6350 1164
6351 1165
6352 1166
6353 1167
6354 1168
6355 1166
6356 1166
6357 1163
6358 1163
6359 1162
6360 1162
6361 1159
6362 1160
6363 1158
6364 1158
6365 1157
6366 1158
6367 1159
6368 1158
6369 1159
6370 1158
6371 1159
6372 1160
6373 1160
6374 1161
6375 1162
6376 1161
6377 1161
6378 1160
6379 1160
6380 1160
6381 1161
6382 1162
6383 1163
6384 1164
6385 1163
6386 1161
6387 1162
6388 1162
6389 1160
6390 1160
6391 1161
6392 1162
6393 1163
6394 1164
6395 1165
6396 1164
6397 1165
6398 1164
6399 1165
6400 1165
6401 1166
6402 1166
6403 1166
6404 1167
6405 1167
6406 1168
6407 1169
6408 1168
6409 1168
6410 1168
6411 1169
6412 1170
6413 1171
6414 1172
6415 1172
6416 1171
6417 1171
6418 1170
6419 1170
6420 1171
6421 1172
6422 1172
6423 1171
6424 1169
6425 1170
6426 1171
6427 1171
6428 1171
6429 1171
6430 1171
6431 1171
6432 1172
6433 1172
6434 1173
6435 1174
6436 1173
6437 1173
6438 1173
6439 1174
6440 1175
6441 1172
6442 1171
6443 1171
6444 1171
6445 1172
6446 1173
6447 1173
6448 1173
6449 1173
6450 1174
6451 1175
6452 1174
6453 1174
6454 1174
6455 1174
6456 1173
6457 1174
6458 1175
6459 1175
6460 1173
6461 1174
6462 1173
6463 1174
6464 1174
6465 1175
6466 1176
6467 1174
6468 1172
6469 1173
6470 1172
6471 1171
6472 1172
6473 1172
6474 1172
6475 1171
6476 1172
6477 1172
6478 1172
6479 1171
6480 1171
6481 1171
6482 1171
6483 1172
6484 1172
6485 1170
6486 1170
6487 1171
6488 1170
6489 1170
6490 1170
6491 1169
6492 1169
6493 1168
6494 1168
6495 1169
6496 1165
6497 1165
6498 1165
6499 1163
6500 1164
6501 1164
6502 1163
6503 1164
6504 1165
6505 1164
6506 1161
6507 1162
6508 1163
6509 1162
6510 1163
6511 1164
6512 1165
6513 1165
6514 1166
6515 1167
6516 1167
6517 1168
6518 1168
6519 1168
6520 1168
6521 1167
6522 1168
6523 1168
6524 1169
6525 1169
6526 1169
6527 1170
6528 1170
6529 1170
6530 1170
6531 1170
6532 1170
6533 1170
6534 1170
6535 1169
6536 1168
6537 1169
6538 1170
6539 1171
6540 1171
6541 1170
6542 1171
6543 1171
6544 1171
6545 1170
6546 1171
6547 1172
6548 1171
6549 1171
6550 1171
6551 1171
6552 1170
6553 1170
6554 1169
6555 1167
6556 1167
6557 1168
6558 1165
6559 1166
6560 1166
6561 1167
6562 1166
6563 1167
6564 1168
6565 1168
6566 1169
6567 1169
6568 1168
6569 1167
6570 1168
6571 1168
6572 1169
6573 1168
6574 1169
6575 1170
6576 1170
6577 1171
6578 1171
6579 1172
6580 1173
6581 1172
6582 1173
6583 1172
6584 1170
6585 1170
6586 1169
6587 1168
6588 1168
6589 1169
6590 1169
6591 1169
6592 1170
6593 1170
6594 1171
6595 1170
6596 1171
6597 1169
6598 1170
6599 1169
6600 1169
6601 1169
6602 1170
6603 1171
6604 1171
6605 1172
6606 1172
6607 1172
6608 1172
6609 1170
6610 1170
6611 1171
6612 1172
6613 1171
6614 1170
6615 1168
6616 1168
6617 1169
6618 1168
6619 1168
6620 1169
6621 1169
6622 1170
6623 1171
6624 1172
6625 1172
6626 1170
6627 1171
6628 1170
6629 1170
6630 1170
6631 1171
6632 1172
6633 1173
6634 1172
6635 1171
6636 1171
6637 1172
6638 1171
6639 1171
6640 1171
6641 1172
6642 1172
6643 1169
6644 1169
6645 1170
6646 1171
6647 1172
6648 1172
6649 1171
6650 1170
6651 1169
6652 1167
6653 1168
6654 1166
6655 1166
6656 1166
6657 1166
6658 1165
6659 1164
6660 1162
6661 1161
6662 1161
6663 1162
6664 1162
6665 1163
6666 1164
6667 1163
6668 1164
6669 1162
6670 1163
6671 1164
6672 1164
6673 1164
6674 1164
6675 1165
6676 1164
6677 1165
6678 1165
6679 1165
6680 1165
6681 1166
6682 1166
6683 1166
6684 1165
6685 1165
6686 1166
6687 1167
6688 1168
6689 1169
6690 1169
6691 1168
6692 1169
6693 1170
6694 1171
6695 1172
6696 1170
6697 1171
6698 1171
6699 1172
6700 1173
6701 1174
6702 1172
6703 1173
6704 1173
6705 1172
6706 1172
6707 1173
6708 1171
6709 1171
6710 1171
6711 1172
6712 1172
6713 1172
6714 1170
6715 1170
6716 1171
6717 1172
6718 1171
6719 1171
6720 1172
6721 1170
6722 1170
6723 1168
6724 1168
6725 1167
6726 1168
6727 1167
6728 1167
6729 1167
6730 1165
6731 1166
6732 1165
6733 1166
6734 1166
6735 1166
6736 1166
6737 1167
6738 1167
6739 1168
6740 1169
6741 1170
6742 1170
6743 1171
6744 1170
6745 1170
6746 1170
6747 1170
6748 1171
6749 1172
6750 1173
6751 1173
6752 1173
6753 1174
6754 1175
6755 1175
6756 1175
6757 1176
6758 1177
6759 1178
6760 1178
6761 1178
6762 1179
6763 1180
6764 1179
6765 1178
6766 1178
6767 1177
6768 1178
6769 1179
6770 1179
6771 1180
6772 1180
6773 1179
6774 1180
6775 1180
6776 1180
6777 1181
6778 1182
6779 1181
6780 1181
6781 1180
6782 1180
6783 1180
6784 1180
6785 1179
6786 1179
6787 1179
6788 1179
6789 1179
6790 1180
6791 1179
6792 1180
6793 1180
6794 1181
6795 1182
6796 1183
6797 1183
6798 1184
6799 1185
6800 1184
6801 1185
6802 1185
6803 1186
6804 1185
6805 1186
6806 1186
6807 1186
6808 1187
6809 1187
6810 1187
6811 1187
6812 1187
6813 1184
6814 1184
6815 1185
6816 1184
6817 1184
6818 1184
6819 1183
6820 1181
6821 1182
6822 1182
6823 1181
6824 1182
6825 1181
6826 1181
6827 1181
6828 1181
6829 1179
6830 1180
6831 1180
6832 1177
6833 1176
6834 1176
6835 1175
6836 1175
6837 1175
6838 1175
6839 1174
6840 1174
6841 1175
6842 1175
6843 1172
6844 1172
6845 1172
6846 1172
6847 1172
6848 1173
6849 1171
6850 1172
6851 1171
6852 1171
6853 1171
6854 1172
6855 1173
6856 1171
6857 1170
6858 1171
6859 1170
6860 1169
6861 1168
6862 1168
6863 1169
6864 1169
6865 1169
6866 1169
6867 1168
6868 1168
6869 1167
6870 1166
6871 1166
6872 1166
6873 1165
6874 1166
6875 1166
6876 1167
6877 1165
6878 1165
6879 1165
6880 1165
6881 1165
6882 1165
6883 1165
6884 1165
6885 1166
6886 1164
6887 1165
6888 1165
6889 1166
6890 1166
6891 1166
6892 1164
6893 1163
6894 1164
6895 1163
6896 1164
6897 1164
6898 1164
6899 1164
6900 1164
6901 1164
6902 1164
6903 1164
6904 1164
6905 1165
6906 1166
6907 1167
6908 1167
6909 1165
6910 1166
6911 1167
6912 1166
6913 1166
6914 1166
6915 1165
6916 1166
6917 1167
6918 1166
6919 1167
6920 1168
6921 1169
6922 1170
6923 1171
6924 1172
6925 1171
6926 1172
6927 1171
6928 1171
6929 1171
6930 1170
6931 1171
6932 1171
6933 1170
6934 1170
6935 1170
6936 1168
6937 1168
6938 1169
6939 1167
6940 1167
6941 1167
6942 1167
6943 1166
6944 1167
6945 1168
6946 1169
6947 1170
6948 1170
6949 1169
6950 1170
6951 1171
6952 1172
6953 1171
6954 1172
6955 1172
6956 1171
6957 1172
6958 1173
6959 1173
6960 1171
6961 1171
6962 1172
6963 1173
6964 1173
6965 1174
6966 1172
6967 1170
6968 1168
6969 1169
6970 1169
6971 1168
6972 1168
6973 1167
6974 1168
6975 1168
6976 1168
6977 1168
6978 1169
6979 1170
6980 1168
6981 1167
6982 1166
6983 1166
6984 1167
6985 1167
6986 1167
6987 1167
6988 1168
6989 1169
6990 1170
6991 1171
6992 1170
6993 1171
6994 1171
6995 1169
6996 1168
6997 1169
6998 1170
6999 1171
7000 1171
7001 1172
7002 1171
7003 1172
7004 1172
7005 1171
7006 1171
7007 1170
7008 1170
7009 1170
7010 1171
7011 1171
7012 1172
7013 1172
7014 1173
7015 1172
7016 1173
7017 1174
7018 1175
7019 1172
7020 1173
7021 1171
7022 1170
7023 1169
7024 1169
7025 1170
7026 1171
7027 1172
7028 1173
7029 1174
7030 1174
7031 1175
7032 1174
7033 1172
7034 1172
7035 1172
7036 1173
7037 1173
7038 1173
7039 1174
7040 1172
7041 1172
7042 1173
7043 1173
7044 1174
7045 1174
7046 1175
7047 1176
7048 1177
7049 1176
7050 1175
7051 1175
7052 1176
7053 1174
7054 1175
7055 1174
7056 1172
7057 1173
7058 1174
7059 1174
7060 1173
7061 1171
7062 1170
7063 1170
7064 1169
7065 1169
7066 1170
7067 1170
7068 1171
7069 1172
7070 1172
7071 1172
7072 1173
7073 1174
7074 1175
7075 1174
7076 1175
7077 1174
7078 1175
7079 1176
7080 1174
7081 1174
7082 1175
7083 1176
7084 1177
7085 1177
7086 1176
7087 1177
7088 1177
7089 1177
7090 1176
7091 1176
7092 1176
7093 1177
7094 1178
7095 1178
7096 1177
7097 1178
7098 1175
7099 1175
7100 1174
7101 1175
7102 1175
7103 1176
7104 1176
7105 1176
7106 1177
7107 1175
7108 1174
7109 1174
7110 1175
7111 1174
7112 1175
7113 1175
7114 1176
7115 1175
7116 1176
7117 1177
7118 1178
7119 1178
7120 1177
7121 1177
7122 1176
7123 1176
7124 1177
7125 1177
7126 1175
7127 1173
7128 1173
7129 1173
7130 1172
7131 1171
7132 1171
7133 1172
7134 1173
7135 1172
7136 1172
7137 1172
7138 1172
7139 1172
7140 1173
7141 1173
7142 1171
7143 1170
7144 1171
7145 1171
7146 1172
7147 1173
7148 1174
7149 1173
7150 1174
7151 1173
7152 1173
7153 1171
7154 1171
7155 1172
7156 1172
7157 1173
7158 1172
7159 1169
7160 1169
7161 1170
7162 1171
7163 1171
7164 1172
7165 1172
7166 1170
7167 1170
7168 1171
7169 1169
7170 1169
7171 1168
7172 1167
7173 1167
7174 1168
7175 1167
7176 1168
7177 1168
7178 1167
7179 1167
7180 1167
7181 1168
7182 1167
7183 1168
7184 1169
7185 1169
7186 1170
7187 1170
7188 1171
7189 1170
7190 1169
7191 1168
7192 1168
7193 1165
7194 1164
7195 1165
7196 1164
7197 1165
7198 1166
7199 1167
7200 1167
7201 1168
7202 1169
7203 1170
7204 1171
7205 1171
7206 1172
7207 1173
7208 1173
7209 1172
7210 1171
7211 1170
7212 1169
7213 1168
7214 1167
7215 1166
7216 1165
7217 1165
7218 1164
7219 1163
7220 1164
7221 1165
7222 1166
7223 1165
7224 1166
7225 1167
7226 1166
7227 1166
7228 1166
7229 1167
7230 1168
7231 1169
7232 1170
7233 1170
7234 1171
7235 1171
7236 1171
7237 1171
7238 1171
7239 1171
7240 1171
7241 1172
7242 1171
7243 1171
7244 1170
7245 1170
7246 1170
7247 1171
7248 1172
7249 1171
7250 1172
7251 1170
7252 1171
7253 1172
7254 1173
7255 1171
7256 1171
7257 1171
7258 1171
7259 1172
7260 1172
7261 1173
7262 1174
7263 1171
7264 1169
7265 1169
7266 1170
7267 1171
7268 1170
7269 1169
7270 1170
7271 1169
7272 1168
7273 1166
7274 1166
7275 1167
7276 1164
7277 1165
7278 1166
7279 1165
7280 1166
7281 1165
7282 1166
7283 1166
7284 1166
7285 1166
7286 1166
7287 1166
7288 1166
7289 1166
7290 1166
7291 1166
7292 1166
7293 1166
7294 1166
7295 1166
7296 1167
7297 1168
7298 1166
7299 1167
7300 1168
7301 1167
7302 1165
7303 1166
7304 1166
7305 1166
7306 1166
7307 1166
7308 1166
7309 1164
7310 1162
7311 1160
7312 1161
7313 1162
7314 1163
7315 1163
7316 1164
7317 1165
7318 1165
7319 1165
7320 1165
7321 1163
7322 1164
7323 1165
7324 1164
7325 1163
7326 1164
7327 1165
7328 1165
7329 1165
7330 1164
7331 1163
7332 1161
7333 1161
7334 1160
7335 1159
7336 1160
7337 1161
7338 1160
7339 1161
7340 1161
7341 1162
7342 1163
7343 1163
7344 1161
7345 1161
7346 1162
7347 1163
7348 1163
7349 1163
7350 1162
7351 1163
7352 1164
7353 1163
7354 1161
7355 1162
7356 1163
7357 1162
7358 1161
7359 1162
7360 1161
7361 1161
7362 1160
7363 1161
7364 1161
7365 1162
7366 1161
7367 1162
7368 1162
7369 1163
7370 1163
7371 1164
7372 1163
7373 1162
7374 1162
7375 1161
7376 1162
7377 1162
7378 1161
7379 1161
7380 1160
7381 1161
7382 1161
7383 1159
7384 1160
7385 1160
7386 1161
7387 1161
7388 1162
7389 1163
7390 1162
7391 1161
7392 1162
7393 1162
7394 1163
7395 1163
7396 1162
7397 1161
7398 1160
7399 1160
7400 1160
7401 1160
7402 1161
7403 1162
7404 1162
7405 1160
7406 1161
7407 1162
7408 1163
7409 1164
7410 1163
7411 1163
7412 1163
7413 1163
7414 1163
7415 1162
7416 1162
7417 1163
7418 1163
7419 1163
7420 1163
7421 1160
7422 1161
7423 1160
7424 1160
7425 1160
7426 1160
7427 1160
7428 1161
7429 1160
7430 1159
7431 1159
7432 1160
7433 1158
7434 1158
7435 1158
7436 1157
7437 1157
7438 1157
7439 1155
7440 1155
7441 1156
7442 1156
7443 1154
7444 1153
7445 1152
7446 1152
7447 1153
7448 1154
7449 1155
7450 1156
7451 1155
7452 1154
7453 1152
7454 1152
7455 1152
7456 1152
7457 1152
7458 1151
7459 1150
7460 1151
7461 1152
7462 1152
7463 1150
7464 1149
7465 1150
7466 1151
7467 1148
7468 1147
7469 1148
7470 1149
7471 1150
7472 1150
7473 1151
7474 1151
7475 1151
7476 1152
7477 1151
7478 1150
7479 1151
7480 1151
7481 1147
7482 1147
7483 1147
7484 1147
7485 1147
7486 1145
7487 1143
7488 1143
7489 1144
7490 1145
7491 1144
7492 1143
7493 1142
7494 1143
7495 1142
7496 1141
7497 1141
7498 1141
7499 1139
7500 1139
7501 1138
7502 1139
7503 1140
7504 1140
7505 1139
7506 1138
7507 1139
7508 1140
7509 1138
7510 1139
7511 1139
7512 1139
7513 1140
7514 1139
7515 1140
7516 1139
7517 1139
7518 1139
7519 1139
7520 1140
7521 1139
7522 1139
7523 1140
7524 1141
7525 1142
7526 1141
7527 1141
7528 1140
7529 1140
7530 1140
7531 1141
7532 1140
7533 1140
7534 1140
7535 1140
7536 1139
7537 1138
7538 1138
7539 1137
7540 1137
7541 1137
7542 1138
7543 1139
7544 1139
7545 1139
7546 1140
7547 1139
7548 1139
7549 1140
7550 1140
7551 1141
7552 1142
7553 1143
7554 1143
7555 1144
7556 1145
7557 1145
7558 1146
7559 1146
7560 1144
7561 1144
7562 1145
7563 1146
7564 1146
7565 1147
7566 1148
7567 1146
7568 1146
7569 1145
7570 1146
7571 1147
7572 1146
7573 1145
7574 1144
7575 1143
7576 1141
7577 1141
7578 1141
7579 1142
7580 1142
7581 1141
7582 1140
7583 1140
7584 1141
7585 1141
7586 1141
7587 1142
7588 1141
7589 1141
7590 1139
7591 1140
7592 1139
7593 1139
7594 1139
7595 1140
7596 1140
7597 1138
7598 1139
7599 1138
7600 1139
7601 1135
7602 1136
7603 1137
7604 1137
7605 1137
7606 1138
7607 1138
7608 1139
7609 1139
7610 1137
7611 1138
7612 1137
7613 1136
7614 1136
7615 1136
7616 1137
7617 1137
7618 1135
7619 1134
7620 1134
7621 1135
7622 1136
7623 1136
7624 1136
7625 1136
7626 1136
7627 1136
7628 1135
7629 1133
7630 1133
7631 1133
7632 1134
7633 1135
7634 1134
7635 1133
7636 1133
7637 1133
7638 1133
7639 1134
7640 1135
7641 1135
7642 1135
7643 1135
7644 1136
7645 1137
7646 1137
7647 1138
7648 1139
7649 1140
7650 1140
7651 1141
7652 1142
7653 1142
7654 1142
7655 1143
7656 1144
7657 1144
7658 1144
7659 1145
7660 1144
7661 1144
7662 1145
7663 1145
7664 1146
7665 1145
7666 1146
7667 1146
7668 1147
7669 1146
7670 1145
7671 1145
7672 1146
7673 1147
7674 1148
7675 1146
7676 1147
7677 1147
7678 1147
7679 1147
7680 1147
7681 1146
7682 1146
7683 1147
7684 1146
7685 1147
7686 1148
7687 1147
7688 1148
7689 1149
7690 1149
7691 1150
7692 1151
7693 1151
7694 1150
7695 1150
7696 1150
7697 1148
7698 1149
7699 1150
7700 1150
7701 1151
7702 1151
7703 1151
7704 1152
7705 1153
7706 1151
7707 1151
7708 1149
7709 1149
7710 1148
7711 1148
7712 1147
7713 1148
7714 1148
7715 1145
7716 1146
7717 1146
7718 1146
7719 1147
7720 1147
7721 1148
7722 1148
7723 1149
7724 1149
7725 1149
7726 1149
7727 1148
7728 1146
7729 1147
7730 1148
7731 1148
7732 1147
7733 1148
7734 1149
7735 1150
7736 1150
7737 1149
7738 1150
7739 1151
7740 1151
7741 1150
7742 1151
7743 1152
7744 1152
7745 1153
7746 1153
7747 1154
7748 1155
7749 1156
7750 1153
7751 1154
7752 1154
7753 1155
7754 1154
7755 1154
7756 1154
7757 1155
7758 1154
7759 1154
7760 1155
7761 1155
7762 1155
7763 1156
7764 1153
7765 1153
7766 1153
7767 1151
7768 1152
7769 1151
7770 1151
7771 1151
7772 1152
7773 1153
7774 1153
7775 1153
7776 1154
7777 1155
7778 1153
7779 1153
7780 1153
7781 1152
7782 1153
7783 1154
7784 1154
7785 1154
7786 1154
7787 1154
7788 1154
7789 1155
7790 1155
7791 1155
7792 1156
7793 1157
7794 1158
7795 1159
7796 1160
7797 1160
7798 1158
7799 1159
7800 1160
7801 1160
7802 1160
7803 1160
7804 1159
7805 1160
7806 1160
7807 1161
7808 1161
7809 1161
7810 1161
7811 1161
7812 1160
7813 1160
7814 1159
7815 1160
7816 1161
7817 1162
7818 1163
7819 1162
7820 1162
7821 1163
7822 1163
7823 1162
7824 1161
7825 1160
7826 1161
7827 1160
7828 1161
7829 1162
7830 1162
7831 1163
7832 1164
7833 1164
7834 1164
7835 1164
7836 1165
7837 1165
7838 1165
7839 1165
7840 1164
7841 1165
7842 1166
7843 1164
7844 1162
7845 1162
7846 1161
7847 1161
7848 1159
7849 1160
7850 1161
7851 1161
7852 1161
7853 1160
7854 1161
7855 1160
7856 1161
7857 1161
7858 1162
7859 1163
7860 1163
7861 1163
7862 1163
7863 1163
7864 1164
7865 1165
7866 1164
7867 1161
7868 1161
7869 1161
7870 1162
7871 1160
7872 1159
7873 1159
7874 1160
7875 1161
7876 1162
7877 1162
7878 1163
7879 1163
7880 1163
7881 1164
7882 1164
7883 1165
7884 1166
7885 1165
7886 1164
7887 1163
7888 1162
7889 1162
7890 1162
7891 1162
7892 1161
7893 1161
7894 1159
7895 1157
7896 1157
7897 1156
7898 1156
7899 1157
7900 1158
7901 1159
7902 1159
7903 1160
7904 1160
7905 1160
7906 1160
7907 1160
7908 1160
7909 1161
7910 1159
7911 1160
7912 1161
7913 1160
7914 1157
7915 1156
7916 1157
7917 1157
7918 1158
7919 1156
7920 1156
7921 1157
7922 1158
7923 1159
7924 1160
7925 1161
7926 1160
7927 1158
7928 1158
7929 1159
7930 1158
7931 1158
7932 1156
7933 1155
7934 1156
7935 1156
7936 1155
7937 1155
7938 1153
7939 1154
7940 1155
7941 1156
7942 1156
7943 1157
7944 1158
7945 1157
7946 1157
7947 1157
7948 1157
7949 1158
7950 1158
7951 1158
7952 1157
7953 1155
7954 1154
7955 1154
7956 1155
7957 1155
7958 1156
7959 1154
7960 1154
7961 1153
7962 1153
7963 1154
7964 1154
7965 1155
7966 1153
7967 1153
7968 1153
7969 1154
7970 1155
7971 1155
7972 1154
7973 1154
7974 1154
7975 1152
7976 1152
7977 1153
7978 1154
7979 1155
7980 1155
7981 1156
7982 1155
7983 1155
7984 1155
7985 1156
7986 1157
7987 1158
7988 1159
7989 1159
7990 1160
7991 1159
7992 1158
7993 1159
7994 1159
7995 1159
7996 1157
7997 1157
7998 1157
7999 1158
8000 1159
8001 1158
8002 1157
8003 1157
8004 1157
8005 1155
8006 1154
8007 1154
8008 1153
8009 1151
8010 1151
8011 1149
8012 1149
8013 1150
8014 1151
8015 1152
8016 1153
8017 1152
8018 1153
8019 1152
8020 1151
8021 1150
8022 1148
8023 1148
8024 1149
8025 1150
8026 1150
8027 1150
8028 1150
8029 1151
8030 1151
8031 1150
8032 1151
8033 1152
8034 1153
8035 1153
8036 1151
8037 1149
8038 1148
8039 1145
8040 1144
8041 1145
8042 1143
8043 1143
8044 1144
8045 1145
8046 1146
8047 1146
8048 1146
8049 1147
8050 1148
8051 1149
8052 1148
8053 1149
8054 1148
8055 1149
8056 1150
8057 1151
8058 1151
8059 1151
8060 1152
8061 1151
8062 1151
8063 1151
8064 1152
8065 1152
8066 1152
8067 1151
8068 1149
8069 1147
8070 1146
8071 1147
8072 1146
8073 1145
8074 1146
8075 1147
8076 1148
8077 1146
8078 1146
8079 1145
8080 1144
8081 1145
8082 1146
8083 1147
8084 1146
8085 1146
8086 1147
8087 1147
8088 1144
8089 1144
8090 1142
8091 1141
8092 1142
8093 1143
8094 1143
8095 1144
8096 1144
8097 1145
8098 1146
8099 1147
8100 1146
8101 1146
8102 1146
8103 1146
8104 1147
8105 1146
8106 1147
8107 1147
8108 1146
8109 1147
8110 1147
8111 1147
8112 1147
8113 1148
8114 1148
8115 1149
8116 1149
8117 1149
8118 1147
8119 1148
8120 1149
8121 1148
8122 1146
8123 1147
8124 1146
8125 1147
8126 1148
8127 1147
8128 1148
8129 1146
8130 1147
8131 1148
8132 1149
8133 1149
8134 1150
8135 1151
8136 1151
8137 1150
8138 1151
8139 1151
8140 1152
8141 1153
8142 1152
8143 1153
8144 1151
8145 1150
8146 1150
8147 1151
8148 1152
8149 1153
8150 1154
8151 1155
8152 1154
8153 1155
8154 1155
8155 1154
8156 1155
8157 1155
8158 1153
8159 1153
8160 1154
8161 1153
8162 1154
8163 1152
8164 1153
8165 1154
8166 1155
8167 1155
8168 1156
8169 1155
8170 1154
8171 1154
8172 1153
8173 1153
8174 1153
8175 1153
8176 1154
8177 1155
8178 1155
8179 1156
8180 1157
8181 1155
8182 1156
8183 1155
8184 1155
8185 1156
8186 1155
8187 1154
8188 1153
8189 1154
8190 1152
8191 1153
8192 1152
8193 1151
8194 1152
8195 1151
8196 1151
8197 1151
8198 1151
8199 1150
8200 1150
8201 1151
8202 1150
8203 1150
8204 1150
8205 1149
8206 1147
8207 1148
8208 1148
8209 1149
8210 1149
8211 1150
8212 1150
8213 1150
8214 1151
8215 1150
8216 1149
8217 1148
8218 1148
8219 1148
8220 1147
8221 1143
8222 1144
8223 1145
8224 1146
8225 1147
8226 1146
8227 1147
8228 1148
8229 1144
8230 1144
8231 1145
8232 1144
8233 1144
8234 1144
8235 1142
8236 1141
8237 1141
8238 1140
8239 1141
8240 1141
8241 1142
8242 1142
8243 1143
8244 1144
8245 1145
8246 1145
8247 1145
8248 1145
8249 1144
8250 1144
8251 1144
8252 1145
8253 1144
8254 1145
8255 1143
8256 1140
8257 1139
8258 1138
8259 1139
8260 1139
8261 1139
8262 1138
8263 1138
8264 1139
8265 1140
8266 1141
8267 1142
8268 1143
8269 1142
8270 1142
8271 1143
8272 1144
8273 1145
8274 1146
8275 1147
8276 1146
8277 1147
8278 1148
8279 1148
8280 1146
8281 1145
8282 1146
8283 1147
8284 1148
8285 1149
8286 1150
8287 1151
8288 1152
8289 1152
8290 1153
8291 1154
8292 1154
8293 1154
8294 1155
8295 1153
8296 1152
8297 1153
8298 1152
8299 1153
8300 1153
8301 1152
8302 1152
8303 1153
8304 1153
8305 1150
8306 1151
8307 1152
8308 1153
8309 1154
8310 1152
8311 1152
8312 1151
8313 1151
8314 1150
8315 1147
8316 1146
8317 1147
8318 1146
8319 1145
8320 1146
8321 1146
8322 1144
8323 1144
8324 1145
8325 1145
8326 1145
8327 1145
8328 1145
8329 1146
8330 1146
8331 1147
8332 1147
8333 1147
8334 1147
8335 1147
8336 1148
8337 1148
8338 1149
8339 1150
8340 1151
8341 1152
8342 1152
8343 1153
8344 1152
8345 1152
8346 1153
8347 1153
8348 1152
8349 1153
8350 1153
8351 1153
8352 1153
8353 1152
8354 1152
8355 1151
8356 1149
8357 1148
8358 1149
8359 1149
8360 1149
8361 1149
8362 1148
8363 1148
8364 1147
8365 1146
8366 1146
8367 1147
8368 1147
8369 1147
8370 1147
8371 1146
8372 1145
8373 1146
8374 1146
8375 1146
8376 1146
8377 1147
8378 1147
8379 1148
8380 1147
8381 1148
8382 1147
8383 1147
8384 1147
8385 1147
8386 1148
8387 1148
8388 1149
8389 1148
8390 1146
8391 1146
8392 1146
8393 1147
8394 1145
8395 1145
8396 1144
8397 1142
8398 1142
8399 1143
8400 1144
8401 1144
8402 1143
8403 1144
8404 1144
8405 1145
8406 1144
8407 1144
8408 1144
8409 1142
8410 1142
8411 1141
8412 1141
8413 1140
8414 1140
8415 1141
8416 1142
8417 1143
8418 1144
8419 1145
8420 1146
8421 1146
8422 1145
8423 1145
8424 1146
8425 1146
8426 1147
8427 1145
8428 1146
8429 1147
8430 1148
8431 1148
8432 1147
8433 1148
8434 1147
8435 1145
8436 1145
8437 1146
8438 1146
8439 1146
8440 1147
8441 1148
8442 1148
8443 1147
8444 1147
8445 1148
8446 1148
8447 1144
8448 1143
8449 1143
8450 1143
8451 1140
8452 1139
8453 1139
8454 1140
8455 1141
8456 1142
8457 1141
8458 1141
8459 1142
8460 1143
8461 1142
8462 1142
8463 1142
8464 1143
8465 1143
8466 1143
8467 1143
8468 1144
8469 1145
8470 1146
8471 1145
8472 1146
8473 1147
8474 1148
8475 1148
8476 1149
8477 1150
8478 1150
8479 1150
8480 1151
8481 1152
8482 1153
8483 1154
8484 1155
8485 1155
8486 1156
8487 1155
8488 1154
8489 1152
8490 1153
8491 1152
8492 1153
8493 1154
8494 1154
8495 1154
8496 1154
8497 1154
8498 1155
8499 1156
8500 1154
8501 1154
8502 1153
8503 1154
8504 1154
8505 1153
8506 1153
8507 1152
8508 1153
8509 1154
8510 1154
8511 1152
8512 1151
8513 1151
8514 1150
8515 1151
8516 1152
8517 1152
8518 1150
8519 1148
8520 1149
8521 1150
8522 1150
8523 1149
8524 1150
8525 1150
8526 1150
8527 1150
8528 1151
8529 1150
8530 1150
8531 1149
8532 1149
8533 1149
8534 1149
8535 1148
8536 1149
8537 1150
8538 1151
8539 1152
8540 1151
8541 1150
8542 1149
8543 1148
8544 1148
8545 1147
8546 1147
8547 1148
8548 1148
8549 1148
8550 1148
8551 1148
8552 1148
8553 1147
8554 1146
8555 1145
8556 1145
8557 1146
8558 1146
8559 1147
8560 1148
8561 1149
8562 1150
8563 1150
8564 1151
8565 1150
8566 1150
8567 1151
8568 1151
8569 1152
8570 1153
8571 1154
8572 1154
8573 1154
8574 1154
8575 1154
8576 1154
8577 1154
8578 1151
8579 1150
8580 1150
8581 1150
8582 1149
8583 1148
8584 1149
8585 1150
8586 1151
8587 1152
8588 1153
8589 1154
8590 1155
8591 1155
8592 1156
8593 1157
8594 1157
8595 1156
8596 1157
8597 1158
8598 1158
8599 1159
8600 1160
8601 1161
8602 1160
8603 1160
8604 1159
8605 1160
8606 1160
8607 1158
8608 1158
8609 1158
8610 1158
8611 1159
8612 1158
8613 1156
8614 1156
8615 1155
8616 1155
8617 1156
8618 1157
8619 1158
8620 1159
8621 1160
8622 1161
8623 1159
8624 1157
8625 1158
8626 1159
8627 1159
8628 1160
8629 1157
8630 1158
8631 1158
8632 1156
8633 1155
8634 1153
8635 1153
8636 1152
8637 1151
8638 1149
8639 1148
8640 1149
8641 1148
8642 1147
8643 1147
8644 1148
8645 1147
8646 1147
8647 1146
8648 1146
8649 1147
8650 1148
8651 1149
8652 1150
8653 1150
8654 1149
8655 1150
8656 1151
8657 1152
8658 1150
8659 1151
8660 1152
8661 1150
8662 1149
8663 1149
8664 1149
8665 1149
8666 1149
8667 1149
8668 1150
8669 1151
8670 1151
8671 1151
8672 1149
8673 1149
8674 1149
8675 1149
8676 1147
8677 1148
8678 1149
8679 1149
8680 1150
8681 1151
8682 1151
8683 1152
8684 1151
8685 1150
8686 1151
8687 1152
8688 1150
8689 1150
8690 1150
8691 1151
8692 1150
8693 1150
8694 1149
8695 1149
8696 1149
8697 1149
8698 1148
8699 1148
8700 1149
8701 1149
8702 1149
8703 1149
8704 1149
8705 1149
8706 1150
8707 1151
8708 1150
8709 1151
8710 1152
8711 1153
8712 1154
8713 1154
8714 1155
8715 1156
8716 1157
8717 1157
8718 1158
8719 1156
8720 1155
8721 1156
8722 1157
8723 1157
8724 1157
8725 1156
8726 1155
8727 1155
8728 1154
8729 1154
8730 1154
8731 1153
8732 1154
8733 1154
8734 1154
8735 1154
8736 1155
8737 1156
8738 1156
8739 1157
8740 1157
8741 1156
8742 1157
8743 1157
8744 1157
8745 1157
8746 1157
8747 1156
8748 1157
8749 1158
8750 1159
8751 1160
8752 1160
8753 1160
8754 1160
8755 1159
8756 1159
8757 1158
8758 1156
8759 1155
8760 1155
8761 1156
8762 1155
8763 1155
8764 1155
8765 1155
8766 1156
8767 1155
8768 1156
8769 1157
8770 1156
8771 1155
8772 1154
8773 1154
8774 1155
8775 1155
8776 1156
8777 1156
8778 1157
8779 1158
8780 1159
8781 1158
8782 1157
8783 1158
8784 1159
8785 1159
8786 1160
8787 1160
8788 1161
8789 1158
8790 1159
8791 1159
8792 1159
8793 1158
8794 1157
8795 1156
8796 1157
8797 1157
8798 1158
8799 1156
8800 1157
8801 1156
8802 1157
8803 1158
8804 1156
8805 1154
8806 1153
8807 1152
8808 1152
8809 1152
8810 1152
8811 1151
8812 1152
8813 1153
8814 1152
8815 1153
8816 1154
8817 1155
8818 1154
8819 1155
8820 1155
8821 1155
8822 1154
8823 1155
8824 1155
8825 1154
8826 1153
8827 1154
8828 1154
8829 1153
8830 1154
8831 1154
8832 1155
8833 1156
8834 1157
8835 1156
8836 1156
8837 1157
8838 1157
8839 1156
8840 1156
8841 1156
8842 1155
8843 1155
8844 1155
8845 1155
8846 1155
8847 1155
8848 1155
8849 1156
8850 1156
8851 1156
8852 1156
8853 1156
8854 1155
8855 1154
8856 1153
8857 1154
8858 1154
8859 1154
8860 1155
8861 1156
8862 1155
8863 1155
8864 1155
8865 1156
8866 1156
8867 1155
8868 1155
8869 1155
8870 1155
8871 1155
8872 1155
8873 1153
8874 1153
8875 1153
8876 1154
8877 1155
8878 1155
8879 1156
8880 1157
8881 1157
8882 1157
8883 1158
8884 1155
8885 1153
8886 1152
8887 1152
8888 1150
8889 1151
8890 1152
8891 1152
8892 1153
8893 1152
8894 1151
8895 1150
8896 1151
8897 1151
8898 1152
8899 1153
8900 1154
8901 1153
8902 1153
8903 1152
8904 1152
8905 1152
8906 1152
8907 1153
8908 1152
8909 1150
8910 1151
8911 1149
8912 1147
8913 1147
8914 1148
8915 1149
8916 1150
8917 1151
8918 1151
8919 1149
8920 1150
8921 1151
8922 1152
8923 1153
8924 1154
8925 1155
8926 1156
8927 1156
8928 1154
8929 1154
8930 1155
8931 1155
8932 1155
8933 1155
8934 1156
8935 1156
8936 1156
8937 1157
8938 1156
8939 1157
8940 1156
8941 1157
8942 1158
8943 1158
8944 1158
8945 1158
8946 1159
8947 1159
8948 1160
8949 1159
8950 1159
8951 1159
8952 1160
8953 1161
8954 1162
8955 1163
8956 1162
8957 1162
8958 1160
8959 1159
8960 1159
8961 1160
8962 1160
8963 1160
8964 1161
8965 1162
8966 1163
8967 1163
8968 1164
8969 1164
8970 1164
8971 1164
8972 1164
8973 1165
8974 1165
8975 1166
8976 1166
8977 1166
8978 1165
8979 1165
8980 1163
8981 1164
8982 1163
8983 1163
8984 1164
8985 1165
8986 1165
8987 1166
8988 1167
8989 1167
8990 1166
8991 1166
8992 1167
8993 1165
8994 1166
8995 1166
8996 1165
8997 1166
8998 1167
8999 1166
9000 1166
9001 1166
9002 1167
9003 1167
9004 1166
9005 1165
9006 1165
9007 1164
9008 1162
9009 1163
9010 1164
9011 1163
9012 1163
9013 1163
9014 1162
9015 1163
9016 1163
9017 1164
9018 1164
9019 1165
9020 1166
9021 1167
9022 1166
9023 1164
9024 1164
9025 1162
9026 1163
9027 1164
9028 1163
9029 1163
9030 1161
9031 1161
9032 1161
9033 1162
9034 1162
9035 1163
9036 1164
9037 1163
9038 1164
9039 1165
9040 1166
9041 1166
9042 1166
9043 1167
9044 1168
9045 1168
9046 1169
9047 1169
9048 1167
9049 1166
9050 1167
9051 1166
9052 1164
9053 1165
9054 1165
9055 1164
9056 1165
9057 1165
9058 1163
9059 1164
9060 1165
9061 1166
9062 1166
9063 1167
9064 1167
9065 1166
9066 1167
9067 1167
9068 1168
9069 1167
9070 1167
9071 1167
9072 1167
9073 1167
9074 1168
9075 1169
9076 1169
9077 1169
9078 1170
9079 1170
9080 1171
9081 1172
9082 1173
9083 1172
9084 1172
9085 1171
9086 1171
9087 1171
9088 1172
9089 1172
9090 1173
9091 1173
9092 1173
9093 1173
9094 1174
9095 1173
9096 1174
9097 1175
9098 1176
9099 1175
9100 1173
9101 1174
9102 1175
9103 1175
9104 1174
9105 1175
9106 1174
9107 1173
9108 1174
9109 1173
9110 1173
9111 1173
9112 1174
9113 1175
9114 1175
9115 1175
9116 1176
9117 1177
9118 1177
9119 1177
9120 1177
9121 1176
9122 1177
9123 1176
9124 1177
9125 1178
9126 1178
9127 1178
9128 1178
9129 1178
9130 1179
9131 1178
9132 1179
9133 1179
9134 1178
9135 1178
9136 1178
9137 1176
9138 1176
9139 1177
9140 1177
9141 1177
9142 1177
9143 1178
9144 1179
9145 1179
9146 1178
9147 1179
9148 1179
9149 1179
9150 1180
9151 1181
9152 1182
9153 1182
9154 1183
9155 1181
9156 1182
9157 1183
9158 1181
9159 1181
9160 1181
9161 1181
9162 1182
9163 1182
9164 1182
9165 1183
9166 1183
9167 1183
9168 1184
9169 1182
9170 1183
9171 1184
9172 1182
9173 1182
9174 1181
9175 1181
9176 1181
9177 1181
9178 1181
9179 1181
9180 1181
9181 1180
9182 1180
9183 1181
9184 1180
9185 1180
9186 1180
9187 1181
9188 1182
9189 1182
9190 1182
9191 1182
9192 1183
9193 1184
9194 1184
9195 1184
9196 1185
9197 1185
9198 1185
9199 1185
9200 1186
9201 1186
9202 1186
9203 1186
9204 1185
9205 1186
9206 1186
9207 1186
9208 1187
9209 1187
9210 1188
9211 1188
9212 1187
9213 1188
9214 1186
9215 1187
9216 1188
9217 1187
9218 1187
9219 1187
9220 1187
9221 1185
9222 1183
9223 1182
9224 1180
9225 1180
9226 1180
9227 1180
9228 1180
9229 1180
9230 1180
9231 1181
9232 1181
9233 1180
9234 1177
9235 1176
9236 1176
9237 1177
9238 1177
9239 1178
9240 1177
9241 1177
9242 1177
9243 1176
9244 1175
9245 1174
9246 1175
9247 1175
9248 1176
9249 1177
9250 1177
9251 1176
9252 1174
9253 1175
9254 1175
9255 1176
9256 1177
9257 1178
9258 1176
9259 1176
9260 1177
9261 1177
9262 1176
9263 1176
9264 1177
9265 1176
9266 1177
9267 1178
9268 1177
9269 1176
9270 1177
9271 1178
9272 1179
9273 1180
9274 1180
9275 1181
9276 1181
9277 1182
9278 1182
9279 1181
9280 1180
9281 1179
9282 1178
9283 1178
9284 1179
9285 1179
9286 1180
9287 1181
9288 1182
9289 1181
9290 1181
9291 1180
9292 1180
9293 1180
9294 1181
9295 1181
9296 1181
9297 1181
9298 1182
9299 1182
9300 1183
9301 1183
9302 1183
9303 1182
9304 1182
9305 1183
9306 1183
9307 1183
9308 1184
9309 1184
9310 1185
9311 1182
9312 1182
9313 1182
9314 1182
9315 1182
9316 1181
9317 1182
9318 1182
9319 1182
9320 1183
9321 1182
9322 1183
9323 1184
9324 1182
9325 1181
9326 1180
9327 1180
9328 1180
9329 1179
9330 1180
9331 1181
9332 1180
9333 1180
9334 1181
9335 1181
9336 1181
9337 1180
9338 1180
9339 1180
9340 1179
9341 1180
9342 1180
9343 1179
9344 1178
9345 1178
9346 1177
9347 1177
9348 1178
9349 1178
9350 1179
9351 1177
9352 1175
9353 1176
9354 1175
9355 1176
9356 1176
9357 1176
9358 1177
9359 1178
9360 1178
9361 1178
9362 1178
9363 1177
9364 1178
9365 1177
9366 1177
9367 1178
9368 1177
9369 1178
9370 1178
9371 1177
9372 1177
9373 1178
9374 1175
9375 1174
9376 1173
9377 1172
9378 1173
9379 1172
9380 1172
9381 1170
9382 1168
9383 1168
9384 1169
9385 1169
9386 1169
9387 1170
9388 1168
9389 1166
9390 1167
9391 1167
9392 1165
9393 1166
9394 1167
9395 1168
9396 1167
9397 1165
9398 1165
9399 1166
9400 1165
9401 1165
9402 1164
9403 1164
9404 1163
9405 1162
9406 1162
9407 1163
9408 1163
9409 1162
9410 1162
9411 1163
9412 1164
9413 1163
9414 1162
9415 1162
9416 1162
9417 1162
9418 1161
9419 1160
9420 1159
9421 1160
9422 1161
9423 1159
9424 1160
9425 1160
9426 1157
9427 1156
9428 1157
9429 1155
9430 1156
9431 1156
9432 1155
9433 1156
9434 1156
9435 1156
9436 1156
9437 1155
9438 1156
9439 1156
9440 1157
9441 1158
9442 1159
9443 1160
9444 1160
9445 1161
9446 1161
9447 1160
9448 1160
9449 1160
9450 1160
9451 1161
9452 1160
9453 1161
9454 1158
9455 1157
9456 1158
9457 1157
9458 1156
9459 1157
9460 1157
9461 1156
9462 1154
9463 1155
9464 1156
9465 1157
9466 1157
9467 1155
9468 1156
9469 1156
9470 1157
9471 1156
9472 1156
9473 1156
9474 1157
9475 1157
9476 1157
9477 1158
9478 1156
9479 1157
9480 1158
9481 1157
9482 1157
9483 1155
9484 1156
9485 1157
9486 1157
9487 1157
9488 1156
9489 1157
9490 1157
9491 1157
9492 1157
9493 1158
9494 1155
9495 1156
9496 1156
9497 1155
9498 1155
9499 1156
9500 1155
9501 1156
9502 1157
9503 1158
9504 1159
9505 1159
9506 1160
9507 1161
9508 1161
9509 1162
9510 1161
9511 1161
9512 1161
9513 1161
9514 1162
9515 1162
9516 1161
9517 1161
9518 1162
9519 1162
9520 1163
9521 1164
9522 1165
9523 1163
9524 1164
9525 1163
9526 1163
9527 1161
9528 1160
9529 1160
9530 1159
9531 1157
9532 1158
9533 1159
9534 1160
9535 1159
9536 1159
9537 1158
9538 1157
9539 1157
9540 1157
9541 1158
9542 1159
9543 1160
9544 1159
9545 1159
9546 1160
9547 1160
9548 1160
9549 1160
9550 1159
9551 1159
9552 1160
9553 1158
9554 1156
9555 1154
9556 1155
9557 1156
9558 1157
9559 1157
9560 1156
9561 1157
9562 1158
9563 1157
9564 1152
9565 1153
9566 1151
9567 1151
9568 1150
9569 1151
9570 1151
9571 1152
9572 1152
9573 1152
9574 1152
9575 1152
9576 1152
9577 1152
9578 1152
9579 1151
9580 1150
9581 1149
9582 1149
9583 1149
9584 1149
9585 1150
9586 1151
9587 1151
9588 1150
9589 1150
9590 1150
9591 1150
9592 1151
9593 1151
9594 1151
9595 1151
9596 1151
9597 1150
9598 1151
9599 1150
9600 1150
9601 1151
9602 1152
9603 1153
9604 1152
9605 1152
9606 1151
9607 1151
9608 1152
9609 1152
9610 1152
9611 1153
9612 1154
9613 1155
9614 1155
9615 1155
9616 1155
9617 1156
9618 1156
9619 1155
9620 1154
9621 1155
9622 1155
9623 1156
9624 1155
9625 1156
9626 1157
9627 1158
9628 1159
9629 1159
9630 1160
9631 1156
9632 1157
9633 1155
9634 1155
9635 1156
9636 1156
9637 1157
9638 1157
9639 1157
9640 1158
9641 1159
9642 1159
9643 1159
9644 1158
9645 1158
9646 1159
9647 1157
9648 1156
9649 1157
9650 1158
9651 1158
9652 1158
9653 1158
9654 1158
9655 1158
9656 1157
9657 1158
9658 1159
9659 1159
9660 1160
9661 1160
9662 1159
9663 1159
9664 1160
9665 1160
9666 1160
9667 1161
9668 1161
9669 1159
9670 1158
9671 1159
9672 1158
9673 1156
9674 1157
9675 1158
9676 1159
9677 1160
9678 1161
9679 1160
9680 1161
9681 1162
9682 1163
9683 1164
9684 1165
9685 1165
9686 1166
9687 1167
9688 1165
9689 1165
9690 1163
9691 1164
9692 1165
9693 1166
9694 1167
9695 1168
9696 1168
9697 1168
9698 1169
9699 1170
9700 1168
9701 1169
9702 1170
9703 1170
9704 1171
9705 1171
9706 1171
9707 1172
9708 1172
9709 1173
9710 1174
9711 1172
9712 1170
9713 1170
9714 1170
9715 1169
9716 1170
9717 1167
9718 1167
9719 1167
9720 1168
9721 1168
9722 1166
9723 1166
9724 1167
9725 1167
9726 1168
9727 1169
9728 1169
9729 1169
9730 1170
9731 1171
9732 1172
9733 1172
9734 1173
9735 1173
9736 1173
9737 1172
9738 1172
9739 1172
9740 1172
9741 1172
9742 1172
9743 1173
9744 1174
9745 1172
9746 1169
9747 1169
9748 1169
9749 1168
9750 1169
9751 1170
9752 1170
9753 1169
9754 1170
9755 1171
9756 1172
9757 1173
9758 1173
9759 1173
9760 1172
9761 1172
9762 1171
9763 1171
9764 1172
9765 1173
9766 1172
9767 1173
9768 1172
9769 1173
9770 1173
9771 1173
9772 1173
9773 1174
9774 1174
9775 1175
9776 1174
9777 1173
9778 1173
9779 1174
9780 1174
9781 1175
9782 1175
9783 1176
9784 1175
9785 1176
9786 1177
9787 1178
9788 1178
9789 1179
9790 1178
9791 1177
9792 1178
9793 1178
9794 1177
9795 1178
9796 1177
9797 1177
9798 1177
9799 1176
9800 1175
9801 1176
9802 1176
9803 1177
9804 1176
9805 1177
9806 1177
9807 1176
9808 1174
9809 1175
9810 1173
9811 1173
9812 1173
9813 1172
9814 1172
9815 1173
9816 1173
9817 1174
9818 1173
9819 1169
9820 1168
9821 1165
9822 1163
9823 1164
9824 1163
9825 1163
9826 1162
9827 1162
9828 1163
9829 1163
9830 1162
9831 1163
9832 1162
9833 1162
9834 1162
9835 1161
9836 1161
9837 1161
9838 1160
9839 1161
9840 1162
9841 1162
9842 1163
9843 1163
9844 1163
9845 1164
9846 1165
9847 1164
9848 1164
9849 1164
9850 1165
9851 1165
9852 1165
9853 1164
9854 1165
9855 1166
9856 1165
9857 1165
9858 1165
9859 1166
9860 1165
9861 1163
9862 1163
9863 1163
9864 1163
9865 1163
9866 1163
9867 1164
9868 1164
9869 1165
9870 1165
9871 1163
9872 1164
9873 1165
9874 1166
9875 1165
9876 1166
9877 1165
9878 1162
9879 1162
9880 1163
9881 1163
9882 1159
9883 1160
9884 1160
9885 1161
9886 1160
9887 1160
9888 1161
9889 1162
9890 1161
9891 1160
9892 1160
9893 1159
9894 1159
9895 1159
9896 1157
9897 1157
9898 1157
9899 1158
9900 1158
9901 1159
9902 1158
9903 1156
9904 1156
9905 1155
9906 1155
9907 1155
9908 1156
9909 1155
9910 1154
9911 1152
9912 1152
9913 1153
9914 1154
9915 1155
9916 1156
9917 1156
9918 1157
9919 1158
9920 1158
9921 1158
9922 1159
9923 1160
9924 1160
9925 1161
9926 1162
9927 1163
9928 1163
9929 1163
9930 1163
9931 1163
9932 1164
9933 1162
9934 1159
9935 1160
9936 1161
9937 1161
9938 1162
9939 1162
9940 1159
9941 1160
9942 1160
9943 1160
9944 1160
9945 1161
9946 1161
9947 1162
9948 1162
9949 1161
9950 1160
9951 1158
9952 1157
9953 1158
9954 1157
9955 1158
9956 1159
9957 1160
9958 1160
9959 1159
9960 1160
9961 1158
9962 1157
9963 1158
9964 1157
9965 1157
9966 1158
9967 1158
9968 1157
9969 1158
9970 1157
9971 1158
9972 1158
9973 1159
9974 1159
9975 1159
9976 1160
9977 1160
9978 1159
9979 1160
9980 1159
9981 1159
9982 1159
9983 1159
9984 1158
9985 1158
9986 1159
9987 1159
9988 1159
9989 1160
9990 1160
9991 1160
9992 1159
9993 1159
9994 1160
9995 1159
9996 1160
9997 1160
9998 1160
9999 1160
