   8.3413738E-01     1.7184890E-02  
   8.3362654E-01     1.6752903E-02  
   8.3311299E-01     1.6300220E-02  
   8.3099949E-01     1.8365028E-02  
   8.2876523E-01     2.0574115E-02  
   8.2792847E-01     2.1153763E-02  
   8.2721432E-01     2.1591783E-02  
   8.2649620E-01     2.2035343E-02  
   8.2611717E-01     2.3023932E-02  
   8.2537634E-01     2.4340326E-02  
   8.2451417E-01     2.5599880E-02  
   8.2373700E-01     2.6479337E-02  
   8.2337566E-01     2.6042608E-02  
   8.2235923E-01     2.7773496E-02  
   8.2201137E-01     3.1896405E-02  
   8.2235996E-01     2.9954925E-02  
   8.2157439E-01     2.8912106E-02  
   8.1940161E-01     2.8824929E-02  
   8.1858943E-01     2.6501827E-02  
   8.1895511E-01     2.6163295E-02  
   8.1711037E-01     2.5541210E-02  
   8.1426878E-01     2.5051539E-02  
   8.1278187E-01     2.5679354E-02  
   8.1182199E-01     2.6944796E-02  
   8.1100582E-01     2.8327917E-02  
   8.1015681E-01     2.9766680E-02  
   8.0963441E-01     3.0551530E-02  
   8.0937880E-01     3.0849927E-02  
   8.0912217E-01     3.1154382E-02  
   8.0886590E-01     3.1458402E-02  
   8.0860882E-01     3.1763375E-02  
   8.0835065E-01     3.2069660E-02  
   8.0809427E-01     3.2373811E-02  
   8.0797346E-01     3.2516398E-02  
   8.0938977E-01     3.0685534E-02  
   8.0949867E-01     3.0592872E-02  
   8.1083261E-01     3.0886328E-02  
   8.1205027E-01     3.0170249E-02  
   8.1326934E-01     2.9443355E-02  
   8.1458612E-01     2.8658198E-02  
   8.1593198E-01     2.7855702E-02  
   8.1724736E-01     2.7071386E-02  
   8.1827818E-01     2.6421263E-02  
   8.1748000E-01     2.6543862E-02  
   8.1654178E-01     2.6676062E-02  
   8.1592249E-01     2.6367011E-02  
   8.1616012E-01     2.4945617E-02  
   8.1474480E-01     2.4033307E-02  
   8.1364665E-01     2.3295520E-02  
   8.1441713E-01     2.3370899E-02  
   8.1465076E-01     2.2772487E-02  
   8.1506004E-01     2.1917143E-02  
   8.1583647E-01     2.1096885E-02  
   8.1677315E-01     2.0286998E-02  
   8.1770061E-01     1.9410468E-02  
   8.1924390E-01     1.7314591E-02  
   8.2097114E-01     1.7954489E-02  
   8.2263209E-01     1.9132093E-02  
   8.2347812E-01     1.7890952E-02  
   8.2422846E-01     1.7079481E-02  
   8.2556724E-01     1.5395373E-02  
   8.2497393E-01     1.2901136E-02  
   8.2428348E-01     1.1063077E-02  
   8.2360066E-01     9.2855292E-03  
   8.2303034E-01     7.5364208E-03  
   8.2474525E-01     8.8272409E-03  
   8.2713674E-01     9.8754750E-03  
   8.3084424E-01     8.9483552E-03  
   8.3137253E-01     6.5949530E-03  
   8.3159261E-01     5.6547208E-03  
   8.3233625E-01     6.0878740E-03  
   8.3325149E-01     6.3760570E-03  
   8.3600696E-01     4.7644338E-03  
   8.3828051E-01     3.3835381E-03  
   8.4048818E-01     2.1066004E-03  
   8.4197559E-01     1.8327967E-03  
   8.4309921E-01     1.8819837E-03  
   8.4366363E-01     4.1345596E-04  
   8.4461446E-01     2.1121206E-03  
   8.4659116E-01     2.7228699E-03  
   8.4848571E-01     3.2439457E-03  
   8.5066939E-01     3.8445403E-03  
   8.4886704E-01     3.8441938E-03  
   8.4689359E-01     4.2596035E-03  
   8.4493735E-01     4.7699250E-03  
   8.4284519E-01     5.2964935E-03  
   8.4081330E-01     5.7818460E-03  
   8.3868724E-01     6.3283265E-03  
   8.3708181E-01     5.6448504E-03  
   8.3548351E-01     4.8322056E-03  
   8.3398662E-01     4.0200366E-03  
   8.3311575E-01     2.5911670E-03  
   8.3214687E-01     1.5635293E-03  
   8.3136609E-01     1.3555073E-03  
   8.3058554E-01     1.1475455E-03  
   8.3045945E-01     2.0032699E-03  
   8.3092974E-01     3.4946066E-03  
   8.3157247E-01     4.3732387E-03  
   8.3212874E-01     5.2422431E-03  
   8.3333504E-01     5.0150365E-03  
   8.3469403E-01     4.5331660E-03  
   8.3604839E-01     3.8649311E-03  
   8.3738815E-01     3.4505465E-03  
   8.3867784E-01     4.1533907E-03  
   8.3993870E-01     4.8405224E-03  
   8.4116745E-01     5.5101521E-03  
   8.4234003E-01     6.1491712E-03  
   8.4344537E-01     6.2009986E-03  
   8.4411331E-01     3.6079982E-03  
   8.4275075E-01     4.6816029E-03  
   8.4133397E-01     4.1722682E-03  
   8.4004856E-01     2.5883997E-03  
   8.3886512E-01     2.0961151E-03  
   8.4056788E-01     1.7231435E-04  
   8.4267051E-01     9.2164566E-04  
   8.4362843E-01     8.1166749E-04  
   8.4282261E-01     9.7562047E-04  
   8.4262286E-01     2.0316119E-03  
   8.4327445E-01     2.7004852E-03  
   8.4396066E-01     3.4049047E-03  
   8.4464637E-01     4.1088007E-03  
   8.4534446E-01     4.8254147E-03  
   8.4618941E-01     5.0839074E-03  
   8.4704065E-01     3.3640624E-03  
   8.4868936E-01     1.2577197E-03  
   8.5256928E-01     1.8605166E-03  
   8.5359071E-01     2.6460432E-03  
   8.5454938E-01     3.3741030E-03  
   8.5341960E-01     3.9910934E-03  
   8.5127526E-01     4.5234537E-03  
   8.4921596E-01     5.0346992E-03  
   8.4761356E-01     5.6892372E-03  
   8.4949080E-01     6.0776366E-03  
   8.5163750E-01     6.4544167E-03  
   8.5379867E-01     6.8337375E-03  
   8.5596849E-01     7.2145763E-03  
   8.5816483E-01     7.6000683E-03  
   8.6040020E-01     7.9924136E-03  
   8.6098997E-01     7.9515788E-03  
   8.6101602E-01     7.7566692E-03  
   8.6103743E-01     7.6512388E-03  
   8.6105585E-01     7.5994743E-03  
   8.6107413E-01     7.5481194E-03  
   8.6109396E-01     7.4923910E-03  
   8.6111219E-01     7.4411834E-03  
   8.6129330E-01     7.3341290E-03  
   8.6202048E-01     7.0499785E-03  
   8.6387461E-01     7.6509723E-03  
   8.6593175E-01     8.5691741E-03  
   8.6680000E-01     9.3512800E-03  
   8.6786454E-01     9.4510237E-03  
   8.6896829E-01     1.0712774E-02  
   8.7072642E-01     1.2492006E-02  
   8.7218619E-01     1.2782236E-02  
   8.7378515E-01     1.3025071E-02  
   8.7470060E-01     1.3176642E-02  
   8.7468927E-01     1.3200103E-02  
   8.7467805E-01     1.3223338E-02  
   8.7512180E-01     1.3057221E-02  
   8.7605293E-01     1.4674120E-02  
   8.7639168E-01     1.4620497E-02  
   8.7782957E-01     1.4802025E-02  
   8.7956910E-01     1.5113010E-02  
   8.8001119E-01     1.6329018E-02  
   8.7981005E-01     1.7924952E-02  
   8.7961334E-01     1.9485786E-02  
   8.7921771E-01     2.0434095E-02  
   8.8186215E-01     2.0013745E-02  
   8.8465115E-01     1.9507712E-02  
   8.8639482E-01     1.9275345E-02  
   8.8530067E-01     2.0820055E-02  
   8.8413947E-01     2.2459420E-02  
   8.8360720E-01     2.2648776E-02  
   8.8300270E-01     2.2827757E-02  
   8.8236553E-01     2.3081690E-02  
   8.8173217E-01     2.3334100E-02  
   8.8121901E-01     2.3156337E-02  
   8.8074309E-01     2.2770977E-02  
   8.8027325E-01     2.2390549E-02  
   8.8082381E-01     2.2062006E-02  
   8.8136888E-01     2.1735022E-02  
   8.8166958E-01     2.1188262E-02  
   8.8289570E-01     1.9655612E-02  
   8.8447608E-01     1.7305966E-02  
   8.8416682E-01     1.5736799E-02  
   8.8292022E-01     1.5848248E-02  
   8.8178265E-01     1.5782332E-02  
   8.8114431E-01     1.4700763E-02  
   8.8051324E-01     1.3631509E-02  
   8.7983123E-01     1.2475943E-02  
   8.7969049E-01     1.0931252E-02  
   8.7831535E-01     1.0658528E-02  
   8.7582947E-01     1.1466233E-02  
   8.7375603E-01     1.1483215E-02  
   8.7169844E-01     1.0646631E-02  
   8.7116560E-01     7.4427488E-03  
   8.7088090E-01     4.3649734E-03  
   8.7311428E-01     6.3389014E-03  
   8.7561295E-01     8.7401577E-03  
   8.7814169E-01     1.0837364E-02  
   8.7740874E-01     1.0200536E-02  
   8.7653478E-01     9.4459175E-03  
   8.7566438E-01     8.6943727E-03  
   8.7527154E-01     8.1711880E-03  
   8.7665382E-01     8.3707711E-03  
   8.7817906E-01     8.7672469E-03  
   8.7964407E-01     9.2430859E-03  
   8.8036330E-01     9.9761703E-03  
   8.8057761E-01     1.0119792E-02  
   8.8062563E-01     9.8371257E-03  
   8.8071498E-01     8.9783489E-03  
   8.8077168E-01     8.0398353E-03  
   8.8028163E-01     7.0160136E-03  
   8.7915251E-01     6.7372127E-03  
   8.7941205E-01     5.6098158E-03  
   8.7967164E-01     6.9944338E-03  
   8.7968640E-01     8.6659646E-03  
   8.7842806E-01     9.8412139E-03  
   8.7719535E-01     1.0992528E-02  
   8.7746718E-01     1.1238011E-02  
   8.7871587E-01     1.0861356E-02  
   8.7988429E-01     1.0508917E-02  
   8.8102252E-01     1.0165581E-02  
   8.8231740E-01     9.7749948E-03  
   8.8358364E-01     9.3930472E-03  
   8.8457981E-01     9.0793587E-03  
   8.8390943E-01     9.3796209E-03  
   8.8314619E-01     9.8417159E-03  
   8.8239885E-01     1.0278663E-02  
   8.8164711E-01     1.0718177E-02  
   8.8136443E-01     1.1274241E-02  
   8.8159935E-01     1.0032425E-02  
   8.8182660E-01     8.5995612E-03  
   8.8216650E-01     8.0841936E-03  
   8.8252327E-01     7.4970093E-03  
   8.8339320E-01     7.5369428E-03  
   8.8438412E-01     7.6722304E-03  
   8.8528090E-01     7.7946659E-03  
   8.8622982E-01     7.8884041E-03  
   8.8742878E-01     7.6770689E-03  
   8.8863863E-01     7.4638151E-03  
   8.8983047E-01     7.2537345E-03  
   8.9096355E-01     7.0540120E-03  
   8.9202840E-01     6.8732159E-03  
   8.9274902E-01     6.7799822E-03  
   8.9345624E-01     6.6884815E-03  
   8.9627491E-01     7.6022142E-03  
   8.9851417E-01     8.3308109E-03  
   9.0082803E-01     9.0836805E-03  
   9.0371626E-01     9.5193634E-03  
   9.0708335E-01     1.0043393E-02  
   9.1052833E-01     1.0580526E-02  
   9.1394330E-01     1.1112979E-02  
   9.1723063E-01     1.2336853E-02  
   9.2015756E-01     1.3380028E-02  
   9.2276800E-01     1.4726320E-02  
   9.2240022E-01     1.3007352E-02  
   9.2191205E-01     1.2081410E-02  
   9.2136003E-01     1.1800630E-02  
   9.2082241E-01     1.1527170E-02  
   9.2005421E-01     1.1483730E-02  
   9.2006642E-01     1.3178864E-02  
   9.1993157E-01     1.4085877E-02  
   9.1944594E-01     1.3440104E-02  
   9.1967204E-01     1.2282373E-02  
   9.1969906E-01     1.1515201E-02  
   9.1989401E-01     1.0014067E-02  
   9.2012532E-01     8.4462566E-03  
   9.2034865E-01     6.9511593E-03  
   9.2064123E-01     6.7259607E-03  
   9.2100188E-01     6.6053922E-03  
   9.2246847E-01     6.0879173E-03  
   9.2417987E-01     5.5487547E-03  
   9.2588286E-01     5.0122417E-03  
   9.2649623E-01     4.3593425E-03  
   9.2722061E-01     3.7735867E-03  
   9.2888786E-01     3.5845701E-03  
   9.3055511E-01     3.3955536E-03  
   9.3176317E-01     3.4068645E-03  
   9.3197009E-01     3.9760654E-03  
   9.3306243E-01     4.5298606E-03  
   9.3416868E-01     5.0863234E-03  
   9.3527250E-01     5.6415664E-03  
   9.3635594E-01     6.1865585E-03  
   9.3752427E-01     6.7098151E-03  
   9.3888938E-01     6.7976874E-03  
   9.4011205E-01     6.8992757E-03  
   9.4134169E-01     7.0014431E-03  
   9.4262627E-01     7.1081748E-03  
   9.4402839E-01     7.9997054E-03  
   9.4535965E-01     9.3836329E-03  
   9.4699515E-01     1.0993391E-02  
   9.4916213E-01     1.2762686E-02  
   9.4980785E-01     1.1623354E-02  
   9.5039598E-01     1.0506536E-02  
   9.5100028E-01     9.3590112E-03  
   9.5263489E-01     8.4605357E-03  
   9.5552027E-01     8.0741015E-03  
   9.5839891E-01     7.7114665E-03  
   9.6127668E-01     7.3489427E-03  
   9.6424437E-01     6.9750897E-03  
   9.6723810E-01     6.5979569E-03  
   9.6895855E-01     5.8267824E-03  
   9.7069610E-01     5.0227268E-03  
   9.7242941E-01     4.2206316E-03  
   9.7409410E-01     3.5513293E-03  
   9.7380576E-01     3.9821156E-03  
   9.7420689E-01     4.6780443E-03  
   9.7568467E-01     5.8663503E-03  
   9.7658206E-01     6.8288314E-03  
   9.7737528E-01     7.5831489E-03  
   9.7718086E-01     6.7547339E-03  
   9.7670275E-01     5.5071440E-03  
   9.7806826E-01     4.8964714E-03  
   9.8132030E-01     4.8120509E-03  
   9.8456456E-01     4.7278329E-03  
   9.8785483E-01     4.6424202E-03  
   9.9107628E-01     4.5587941E-03  
   9.9426564E-01     4.4432922E-03  
   9.9628106E-01     4.7452882E-03  
   9.9736572E-01     5.1145108E-03  
   9.9777041E-01     5.4975452E-03  
   9.9819518E-01     5.8995903E-03  
   9.9874907E-01     6.3056042E-03  
   1.0004128E+00     6.9751021E-03  
   1.0020329E+00     7.6270300E-03  
   1.0037312E+00     8.3104344E-03  
   1.0054196E+00     8.9898170E-03  
   1.0070611E+00     9.6503677E-03  
   1.0085528E+00     1.0250659E-02  
   1.0101139E+00     1.0878812E-02  
   1.0113139E+00     1.1671857E-02  
   1.0123326E+00     1.2469603E-02  
   1.0133381E+00     1.3257053E-02  
   1.0144434E+00     1.4318254E-02  
   1.0155112E+00     1.6319817E-02  
   1.0159528E+00     1.7971216E-02  
   1.0164242E+00     1.9734418E-02  
   1.0168892E+00     2.1473141E-02  
   1.0162002E+00     2.2925797E-02  
   1.0154097E+00     2.4372545E-02  
   1.0146137E+00     2.5829446E-02  
   1.0138499E+00     2.7227384E-02  
   1.0131245E+00     2.8554970E-02  
   1.0124070E+00     2.9868096E-02  
   1.0125744E+00     3.0136680E-02  
   1.0131468E+00     2.9860973E-02  
   1.0138257E+00     2.9802029E-02  
   1.0158117E+00     3.1274635E-02  
   1.0181594E+00     3.2670869E-02  
   1.0211430E+00     3.3752181E-02  
   1.0240938E+00     3.4912013E-02  
   1.0262798E+00     3.6130481E-02  
   1.0283117E+00     3.6461769E-02  
   1.0311634E+00     3.6803748E-02  
   1.0341816E+00     3.7165080E-02  
   1.0373154E+00     3.7540258E-02  
   1.0404623E+00     3.7916997E-02  
   1.0433994E+00     3.8305823E-02  
   1.0462747E+00     3.8714371E-02  
   1.0490949E+00     3.9115093E-02  
   1.0517393E+00     3.9490834E-02  
   1.0544870E+00     3.9881250E-02  
   1.0572660E+00     4.0276104E-02  
   1.0600571E+00     4.0672688E-02  
   1.0628896E+00     4.1075168E-02  
   1.0652887E+00     4.0945724E-02  
   1.0669202E+00     4.0089863E-02  
   1.0685075E+00     3.9257152E-02  
   1.0690848E+00     3.9183772E-02  
   1.0694089E+00     3.9308944E-02  
   1.0710149E+00     3.8357740E-02  
   1.0729927E+00     3.7389102E-02  
   1.0750542E+00     3.6375766E-02  
   1.0764568E+00     3.4996944E-02  
   1.0780357E+00     3.3623156E-02  
   1.0796406E+00     3.2243654E-02  
   1.0811113E+00     3.0979524E-02  
   1.0827151E+00     2.9601027E-02  
   1.0844140E+00     2.8140799E-02  
   1.0860239E+00     2.6757013E-02  
   1.0876564E+00     2.5353822E-02  
   1.0893052E+00     2.3936599E-02  
   1.0909455E+00     2.2526716E-02  
   1.0925470E+00     2.1150162E-02  
   1.0942184E+00     1.9713558E-02  
   1.0958389E+00     1.8320726E-02  
   1.0964437E+00     1.6983819E-02  
   1.0966289E+00     1.5703992E-02  
   1.0968095E+00     1.4456241E-02  
   1.0965431E+00     1.5856329E-02  
   1.0961623E+00     1.7469145E-02  
   1.0953814E+00     1.8754380E-02  
   1.0946207E+00     2.0006422E-02  
   1.0938156E+00     2.1331435E-02  
   1.0928406E+00     2.2353560E-02  
   1.0920977E+00     2.3399840E-02  
   1.0917027E+00     2.3849111E-02  
   1.0913906E+00     2.4353508E-02  
   1.0915587E+00     2.5568180E-02  
   1.0917331E+00     2.6812700E-02  
   1.0919097E+00     2.8072978E-02  
   1.0925515E+00     2.9908878E-02  
   1.0931780E+00     3.0838132E-02  
   1.0935414E+00     3.0705864E-02  
   1.0939059E+00     3.0573170E-02  
   1.0943311E+00     3.0036438E-02  
   1.0947684E+00     2.9315369E-02  
   1.0950410E+00     2.9185219E-02  
   1.0956543E+00     2.9795738E-02  
   1.0966706E+00     3.0064091E-02  
   1.0976910E+00     3.0148429E-02  
   1.0986661E+00     3.0021320E-02  
   1.0994916E+00     2.9606143E-02  
   1.1001917E+00     3.0530331E-02  
   1.1009015E+00     3.1467320E-02  
   1.1015982E+00     3.2387071E-02  
   1.1028821E+00     3.3234235E-02  
   1.1043091E+00     3.4073057E-02  
   1.1056962E+00     3.4888465E-02  
   1.1071398E+00     3.5737062E-02  
   1.1085820E+00     3.6584857E-02  
   1.1098425E+00     3.7325773E-02  
   1.1111348E+00     3.8085467E-02  
   1.1125539E+00     3.8919662E-02  
   1.1138483E+00     3.9736025E-02  
   1.1149566E+00     4.0497022E-02  
   1.1161125E+00     4.1290664E-02  
   1.1172817E+00     4.2093433E-02  
   1.1184503E+00     4.2895748E-02  
   1.1196188E+00     4.3698063E-02  
   1.1207971E+00     4.4507072E-02  
   1.1219892E+00     4.5325597E-02  
   1.1231373E+00     4.6113882E-02  
   1.1243357E+00     4.6936657E-02  
   1.1255525E+00     4.7772142E-02  
   1.1266962E+00     4.8557409E-02  
   1.1278680E+00     4.9361972E-02  
   1.1290169E+00     5.0150802E-02  
   1.1300585E+00     5.1443115E-02  
   1.1317236E+00     5.4440621E-02  
   1.1322112E+00     5.5840677E-02  
   1.1321349E+00     5.6436867E-02  
   1.1320656E+00     5.6978407E-02  
   1.1323312E+00     5.7314309E-02  
   1.1338640E+00     5.6778711E-02  
   1.1354133E+00     5.6289065E-02  
   1.1376699E+00     5.6209087E-02  
   1.1400083E+00     5.6126211E-02  
   1.1424353E+00     5.6040193E-02  
   1.1447538E+00     5.6135887E-02  
   1.1476048E+00     5.5947678E-02  
   1.1506561E+00     5.6120522E-02  
   1.1535872E+00     5.6646984E-02  
   1.1564997E+00     5.7170120E-02  
   1.1592990E+00     5.7672924E-02  
   1.1622900E+00     5.8210150E-02  
   1.1631829E+00     5.8759587E-02  
   1.1640120E+00     5.9311807E-02  
   1.1659022E+00     5.9157930E-02  
   1.1687653E+00     5.8377074E-02  
   1.1714624E+00     5.7653652E-02  
   1.1732758E+00     5.8610703E-02  
   1.1751077E+00     5.8292834E-02  
   1.1769317E+00     5.7847859E-02  
   1.1787573E+00     5.7402508E-02  
   1.1804334E+00     5.6993641E-02  
   1.1807129E+00     5.7090136E-02  
   1.1806958E+00     5.7299201E-02  
   1.1806790E+00     5.7503648E-02  
   1.1806622E+00     5.7708094E-02  
   1.1806451E+00     5.7916255E-02  
   1.1806281E+00     5.8123623E-02  
   1.1806110E+00     5.8331219E-02  
   1.1805934E+00     5.8546528E-02  
   1.1806719E+00     5.8757672E-02  
   1.1818343E+00     5.8784148E-02  
   1.1829696E+00     5.8754337E-02  
   1.1841112E+00     5.8724361E-02  
   1.1852139E+00     5.8695403E-02  
   1.1863299E+00     5.8666099E-02  
   1.1873964E+00     5.8609034E-02  
   1.1875543E+00     5.8203734E-02  
   1.1902296E+00     5.8664012E-02  
   1.1929578E+00     5.9755564E-02  
   1.1961263E+00     6.0821002E-02  
   1.1989567E+00     6.1505233E-02  
   1.2011693E+00     6.1771332E-02  
   1.2034003E+00     6.2039644E-02  
   1.2057184E+00     6.2399504E-02  
   1.2078190E+00     6.2903265E-02  
   1.2095145E+00     6.2636611E-02  
   1.2110406E+00     6.2895287E-02  
   1.2113925E+00     6.3684200E-02  
   1.2117666E+00     6.4861533E-02  
   1.2120195E+00     6.5950382E-02  
   1.2124373E+00     6.7166524E-02  
   1.2129774E+00     6.8414202E-02  
   1.2143035E+00     6.9958778E-02  
   1.2155925E+00     7.1460198E-02  
   1.2169457E+00     7.3036353E-02  
   1.2160427E+00     7.5203241E-02  
   1.2151405E+00     7.7086063E-02  
   1.2161139E+00     7.6835211E-02  
   1.2171940E+00     7.6710355E-02  
   1.2182663E+00     7.6586403E-02  
   1.2193667E+00     7.6459204E-02  
   1.2204755E+00     7.6331030E-02  
   1.2215714E+00     7.6204361E-02  
   1.2226672E+00     7.6077692E-02  
   1.2237630E+00     7.5951023E-02  
   1.2248905E+00     7.5820690E-02  
   1.2259945E+00     7.5693078E-02  
   1.2265968E+00     7.6220925E-02  
   1.2270822E+00     7.6900470E-02  
   1.2275705E+00     7.7584019E-02  
   1.2282260E+00     7.8302437E-02  
   1.2304594E+00     7.8254335E-02  
   1.2326593E+00     7.8185759E-02  
   1.2348621E+00     7.8117095E-02  
   1.2369803E+00     7.8383449E-02  
   1.2378329E+00     7.8905139E-02  
   1.2373044E+00     7.9588049E-02  
   1.2370389E+00     7.9607671E-02  
   1.2377118E+00     7.8419757E-02  
   1.2391148E+00     7.8004391E-02  
   1.2412201E+00     7.7222953E-02  
   1.2431891E+00     7.6532386E-02  
   1.2449950E+00     7.5830351E-02  
   1.2459564E+00     7.5688179E-02  
   1.2467181E+00     7.5698113E-02  
   1.2474798E+00     7.5708046E-02  
   1.2483089E+00     7.5756647E-02  
   1.2490521E+00     7.5818508E-02  
   1.2497222E+00     7.5392209E-02  
   1.2503638E+00     7.4684378E-02  
   1.2511388E+00     7.4062411E-02  
   1.2519138E+00     7.3440443E-02  
   1.2526904E+00     7.2817171E-02  
   1.2534851E+00     7.2179395E-02  
   1.2542799E+00     7.1541620E-02  
   1.2551009E+00     7.0882679E-02  
   1.2558701E+00     7.0265421E-02  
   1.2565116E+00     6.9750603E-02  
   1.2571522E+00     6.9236499E-02  
   1.2578998E+00     6.8626439E-02  
   1.2582552E+00     6.8276851E-02  
   1.2586594E+00     6.7857196E-02  
   1.2593923E+00     6.7095232E-02  
   1.2601251E+00     6.6333267E-02  
   1.2617298E+00     6.6017734E-02  
   1.2639128E+00     6.7050741E-02  
   1.2656647E+00     6.8372228E-02  
   1.2674443E+00     6.9723626E-02  
   1.2692925E+00     7.1127005E-02  
   1.2712011E+00     7.2576273E-02  
   1.2714280E+00     7.2054880E-02  
   1.2715130E+00     7.1175145E-02  
   1.2727935E+00     7.1215388E-02  
   1.2741286E+00     7.1479710E-02  
   1.2748621E+00     7.1286500E-02  
   1.2770098E+00     7.0418560E-02  
   1.2784346E+00     7.0404209E-02  
   1.2795108E+00     6.9193606E-02  
   1.2801418E+00     6.9242099E-02  
   1.2807046E+00     6.9514845E-02  
   1.2813091E+00     6.9807805E-02  
   1.2817701E+00     7.0125484E-02  
   1.2821718E+00     7.0437175E-02  
   1.2824428E+00     7.0872768E-02  
   1.2827994E+00     7.1207454E-02  
   1.2843845E+00     7.1444132E-02  
   1.2861727E+00     7.1693729E-02  
   1.2879830E+00     7.1946400E-02  
   1.2905474E+00     7.2502586E-02  
   1.2936062E+00     7.3232704E-02  
   1.2965774E+00     7.3941887E-02  
   1.2996409E+00     7.4673135E-02  
   1.3024991E+00     7.5355373E-02  
   1.3052527E+00     7.5990325E-02  
   1.3063791E+00     7.7323416E-02  
   1.3076334E+00     7.8833085E-02  
   1.3088607E+00     8.0049552E-02  
   1.3106593E+00     7.9872315E-02  
   1.3127172E+00     7.9774131E-02  
   1.3145699E+00     7.9906258E-02  
   1.3163875E+00     8.0042194E-02  
   1.3182755E+00     8.0183389E-02  
   1.3201604E+00     8.0324359E-02  
   1.3222406E+00     8.0479932E-02  
   1.3245143E+00     8.0572514E-02  
   1.3269690E+00     8.0526125E-02  
   1.3291341E+00     8.0457358E-02  
   1.3292467E+00     8.0493423E-02  
   1.3283440E+00     8.0723238E-02  
   1.3274355E+00     8.0954543E-02  
   1.3268592E+00     8.0725646E-02  
   1.3273030E+00     7.9273921E-02  
   1.3291327E+00     7.8359689E-02  
   1.3294841E+00     7.7034093E-02  
   1.3296797E+00     7.5604462E-02  
   1.3313948E+00     7.4543114E-02  
   1.3336152E+00     7.3334999E-02  
   1.3358983E+00     7.2339187E-02  
   1.3384938E+00     7.2023085E-02  
   1.3408504E+00     7.1735600E-02  
   1.3411822E+00     7.1830381E-02  
   1.3426266E+00     7.2300511E-02  
   1.3438850E+00     7.2710079E-02  
   1.3453474E+00     7.3186056E-02  
   1.3468217E+00     7.3665889E-02  
   1.3483717E+00     7.4187669E-02  
   1.3499988E+00     7.4746254E-02  
   1.3517574E+00     7.4840375E-02  
   1.3535530E+00     7.4724394E-02  
   1.3552810E+00     7.4612783E-02  
   1.3569375E+00     7.4505790E-02  
   1.3586453E+00     7.4299869E-02  
   1.3594758E+00     7.4232074E-02  
   1.3602378E+00     7.4179836E-02  
   1.3609877E+00     7.4128418E-02  
   1.3617555E+00     7.4075783E-02  
   1.3628552E+00     7.3964209E-02  
   1.3643491E+00     7.3788805E-02  
   1.3658577E+00     7.3611682E-02  
   1.3673733E+00     7.3433728E-02  
   1.3694385E+00     7.3433587E-02  
   1.3717380E+00     7.3507198E-02  
   1.3739765E+00     7.3578853E-02  
   1.3761067E+00     7.3647045E-02  
   1.3781866E+00     7.3887720E-02  
   1.3801957E+00     7.4426029E-02  
   1.3822639E+00     7.4980150E-02  
   1.3841105E+00     7.5034909E-02  
   1.3851300E+00     7.5038532E-02  
   1.3846737E+00     7.5008894E-02  
   1.3842518E+00     7.4981494E-02  
   1.3841272E+00     7.4585119E-02  
   1.3845185E+00     7.3588922E-02  
   1.3849370E+00     7.2523505E-02  
   1.3852847E+00     7.1638348E-02  
   1.3860880E+00     7.1120759E-02  
   1.3879482E+00     7.1646316E-02  
   1.3898155E+00     7.2173886E-02  
   1.3912647E+00     7.2413760E-02  
   1.3921836E+00     7.2367944E-02  
   1.3931026E+00     7.2322129E-02  
   1.3940565E+00     7.2274568E-02  
   1.3949362E+00     7.2230708E-02  
   1.3958954E+00     7.2182888E-02  
   1.3968232E+00     7.2136631E-02  
   1.3976959E+00     7.2059899E-02  
   1.3985196E+00     7.2080247E-02  
   1.3994120E+00     7.2700574E-02  
   1.4003281E+00     7.3337411E-02  
   1.4014867E+00     7.3513713E-02  
   1.4026964E+00     7.3501563E-02  
   1.4039037E+00     7.3489437E-02  
   1.4050413E+00     7.3478010E-02  
   1.4062412E+00     7.3465959E-02  
   1.4076466E+00     7.3070986E-02  
   1.4094826E+00     7.1926185E-02  
   1.4112641E+00     7.1121597E-02  
   1.4133676E+00     7.2430813E-02  
   1.4145425E+00     7.2954799E-02  
   1.4153932E+00     7.3229546E-02  
   1.4162264E+00     7.3498622E-02  
   1.4170596E+00     7.3767697E-02  
   1.4179020E+00     7.4039742E-02  
   1.4189666E+00     7.4442491E-02  
   1.4201301E+00     7.4103837E-02  
   1.4205738E+00     7.2888703E-02  
   1.4224778E+00     7.3160183E-02  
   1.4251336E+00     7.4158700E-02  
   1.4275848E+00     7.5080251E-02  
   1.4295758E+00     7.6639206E-02  
   1.4301386E+00     7.9466535E-02  
   1.4306825E+00     8.2199215E-02  
   1.4330908E+00     8.4450373E-02  
   1.4353688E+00     8.5476226E-02  
   1.4376324E+00     8.6460233E-02  
   1.4399333E+00     8.7460475E-02  
   1.4416573E+00     8.7871125E-02  
   1.4422224E+00     8.6375747E-02  
   1.4434629E+00     8.5001858E-02  
   1.4446521E+00     8.3684724E-02  
   1.4458248E+00     8.2385899E-02  
   1.4470072E+00     8.1076408E-02  
   1.4472136E+00     7.9834132E-02  
   1.4469024E+00     7.8627496E-02  
   1.4465925E+00     7.7425359E-02  
   1.4462851E+00     7.6233316E-02  
   1.4459727E+00     7.5021634E-02  
   1.4456679E+00     7.3839412E-02  
   1.4453267E+00     7.4060903E-02  
   1.4463984E+00     7.5280512E-02  
   1.4483774E+00     7.6609601E-02  
   1.4507094E+00     7.7844166E-02  
   1.4533251E+00     7.8780377E-02  
   1.4560184E+00     7.9744393E-02  
   1.4586431E+00     8.0683844E-02  
   1.4608224E+00     8.0800470E-02  
   1.4628343E+00     8.0557272E-02  
   1.4646593E+00     8.1111750E-02  
   1.4660682E+00     8.1187453E-02  
   1.4672587E+00     8.0697040E-02  
   1.4684370E+00     8.0222116E-02  
   1.4699653E+00     8.0643506E-02  
   1.4715022E+00     8.1182925E-02  
   1.4730546E+00     8.1727791E-02  
   1.4746072E+00     8.2272743E-02  
   1.4758651E+00     8.2305407E-02  
   1.4769927E+00     8.2133412E-02  
   1.4781252E+00     8.1960669E-02  
   1.4792172E+00     8.1794114E-02  
   1.4803801E+00     8.1616731E-02  
   1.4815717E+00     8.1434980E-02  
   1.4827633E+00     8.1253229E-02  
   1.4839244E+00     8.1076128E-02  
   1.4850749E+00     8.0900639E-02  
   1.4861828E+00     8.0731656E-02  
   1.4873692E+00     8.0659726E-02  
   1.4884217E+00     8.0589533E-02  
   1.4893368E+00     8.0480204E-02  
   1.4901569E+00     8.0382213E-02  
   1.4909571E+00     8.0376222E-02  
   1.4917174E+00     8.0467754E-02  
   1.4926546E+00     8.0139824E-02  
   1.4935974E+00     7.9776309E-02  
   1.4947228E+00     7.9342357E-02  
   1.4958483E+00     7.8908405E-02  
   1.4977034E+00     7.7981275E-02  
   1.4985955E+00     7.7184912E-02  
   1.4994850E+00     7.6371815E-02  
   1.5003224E+00     7.5606295E-02  
   1.5011273E+00     7.4870469E-02  
   1.5019341E+00     7.4132914E-02  
   1.5028016E+00     7.3339862E-02  
   1.5036225E+00     7.2589421E-02  
   1.5044529E+00     7.1830308E-02  
   1.5052890E+00     7.1066046E-02  
   1.5060947E+00     7.1287367E-02  
   1.5069085E+00     7.1802015E-02  
   1.5076988E+00     7.2301783E-02  
   1.5081979E+00     7.2594424E-02  
   1.5074709E+00     7.2049634E-02  
   1.5067381E+00     7.1500536E-02  
   1.5061944E+00     7.1622373E-02  
   1.5061317E+00     7.2597221E-02  
   1.5062178E+00     7.3769502E-02  
   1.5063089E+00     7.4970501E-02  
   1.5064698E+00     7.5732049E-02  
   1.5066374E+00     7.6490689E-02  
   1.5068049E+00     7.7249329E-02  
   1.5069766E+00     7.8027002E-02  
   1.5071500E+00     7.8812027E-02  
   1.5073224E+00     7.9592784E-02  
   1.5074993E+00     8.0393781E-02  
   1.5084592E+00     8.1281155E-02  
   1.5097351E+00     8.2239832E-02  
   1.5110041E+00     8.2747336E-02  
   1.5120637E+00     8.2186752E-02  
   1.5131707E+00     8.1575210E-02  
   1.5143183E+00     8.0941328E-02  
   1.5152948E+00     8.0401871E-02  
   1.5162732E+00     7.9861437E-02  
   1.5176779E+00     8.0911386E-02  
   1.5191458E+00     8.2064432E-02  
   1.5206504E+00     8.3246198E-02  
   1.5225272E+00     8.3906569E-02  
   1.5246684E+00     8.4594150E-02  
   1.5263709E+00     8.5198982E-02  
   1.5276078E+00     8.4919126E-02  
   1.5288080E+00     8.4572878E-02  
   1.5300634E+00     8.4162963E-02  
   1.5313436E+00     8.3738308E-02  
   1.5325674E+00     8.3332344E-02  
   1.5337913E+00     8.2926380E-02  
   1.5350163E+00     8.2520026E-02  
   1.5363420E+00     8.2080250E-02  
   1.5377033E+00     8.1628709E-02  
   1.5390430E+00     8.1184293E-02  
   1.5401926E+00     8.1043181E-02  
   1.5412692E+00     8.0679350E-02  
   1.5429594E+00     8.0171960E-02  
   1.5449671E+00     7.9859423E-02  
   1.5469649E+00     7.9548439E-02  
   1.5489654E+00     7.9237029E-02  
   1.5504992E+00     7.8932723E-02  
   1.5513926E+00     7.8668904E-02  
   1.5522859E+00     7.8405086E-02  
   1.5532066E+00     7.8133206E-02  
   1.5541299E+00     7.7860560E-02  
   1.5549712E+00     7.7612117E-02  
   1.5557953E+00     7.7368761E-02  
   1.5564211E+00     7.6688950E-02  
   1.5567847E+00     7.5588907E-02  
   1.5571371E+00     7.4522549E-02  
   1.5574879E+00     7.3461062E-02  
   1.5578000E+00     7.2516708E-02  
   1.5581418E+00     7.1482465E-02  
   1.5584955E+00     7.0452993E-02  
   1.5582594E+00     7.0791481E-02  
   1.5577792E+00     7.1407549E-02  
   1.5573093E+00     7.2010437E-02  
   1.5568525E+00     7.2596470E-02  
   1.5563774E+00     7.3206006E-02  
   1.5558806E+00     7.3843499E-02  
   1.5553837E+00     7.4480993E-02  
   1.5559114E+00     7.3294569E-02  
   1.5566079E+00     7.1810206E-02  
   1.5573290E+00     7.0273446E-02  
   1.5580831E+00     6.8666257E-02  
   1.5588372E+00     6.7059067E-02  
   1.5599884E+00     6.5629316E-02  
   1.5623353E+00     6.4503770E-02  
   1.5646609E+00     6.3388398E-02  
   1.5669322E+00     6.2299136E-02  
   1.5691407E+00     6.1239935E-02  
   1.5713411E+00     6.0184653E-02  
   1.5734933E+00     5.9178948E-02  
   1.5745012E+00     6.0413424E-02  
   1.5755227E+00     6.1169901E-02  
   1.5761737E+00     6.1379754E-02  
   1.5768469E+00     6.1596763E-02  
   1.5775389E+00     6.1819846E-02  
   1.5782377E+00     6.2045107E-02  
   1.5789411E+00     6.2267241E-02  
   1.5797021E+00     6.2503882E-02  
   1.5803905E+00     6.2763881E-02  
   1.5811049E+00     6.3103541E-02  
   1.5818033E+00     6.3435600E-02  
   1.5825365E+00     6.3729267E-02  
   1.5839038E+00     6.2714820E-02  
   1.5853120E+00     6.1747998E-02  
   1.5862401E+00     6.0064727E-02  
   1.5867324E+00     6.0483660E-02  
   1.5850546E+00     6.0499762E-02  
   1.5838465E+00     6.0185014E-02  
   1.5844029E+00     5.9243200E-02  
   1.5857667E+00     5.8767950E-02  
   1.5866499E+00     5.8962064E-02  
   1.5860825E+00     6.0800497E-02  
   1.5866671E+00     6.2398672E-02  
   1.5891896E+00     6.3667141E-02  
   1.5915040E+00     6.4193478E-02  
   1.5938084E+00     6.4668306E-02  
   1.5966851E+00     6.4757940E-02  
   1.5993944E+00     6.3700787E-02  
   1.6020265E+00     6.4669553E-02  
   1.6042286E+00     6.4815528E-02  
   1.6059871E+00     6.4136019E-02  
   1.6076803E+00     6.3320517E-02  
   1.6094263E+00     6.2527417E-02  
   1.6091196E+00     6.3347794E-02  
   1.6078295E+00     6.4916441E-02  
   1.6066091E+00     6.6841503E-02  
   1.6052100E+00     6.8199275E-02  
   1.6039713E+00     6.7654748E-02  
   1.6036117E+00     6.7489726E-02  
   1.6009260E+00     6.7882541E-02  
   1.5981133E+00     6.8198063E-02  
   1.5989616E+00     6.9568586E-02  
   1.6004474E+00     7.1201017E-02  
   1.6004709E+00     7.2448202E-02  
   1.6000988E+00     7.2430337E-02  
   1.5997415E+00     7.1513322E-02  
   1.5994068E+00     7.0654151E-02  
   1.5990665E+00     6.9780816E-02  
   1.5987262E+00     6.8907481E-02  
   1.5983842E+00     6.8029499E-02  
   1.5979640E+00     6.7271959E-02  
   1.5981943E+00     6.9206005E-02  
   1.5980226E+00     7.1373129E-02  
   1.5967993E+00     7.2567765E-02  
   1.5954021E+00     7.3932236E-02  
   1.5939798E+00     7.5224916E-02  
   1.5929344E+00     7.5571587E-02  
   1.5919009E+00     7.5872308E-02  
   1.5907784E+00     7.5584040E-02  
   1.5894969E+00     7.4665127E-02  
   1.5879601E+00     7.4065356E-02  
   1.5861372E+00     7.4501907E-02  
   1.5842490E+00     7.4954650E-02  
   1.5825305E+00     7.5649678E-02  
   1.5810812E+00     7.6688438E-02  
   1.5797117E+00     7.7431038E-02  
   1.5785191E+00     7.8493917E-02  
   1.5776368E+00     7.9886571E-02  
   1.5767788E+00     8.1331699E-02  
   1.5755180E+00     8.1672800E-02  
   1.5742651E+00     8.1886505E-02  
   1.5728285E+00     8.2068365E-02  
   1.5723354E+00     8.2012529E-02  
   1.5742553E+00     8.1370091E-02  
   1.5754813E+00     8.0589301E-02  
   1.5764727E+00     7.9696875E-02  
   1.5774405E+00     7.9693740E-02  
   1.5787001E+00     8.1274849E-02  
   1.5776120E+00     8.2461059E-02  
   1.5755607E+00     8.3005761E-02  
   1.5753376E+00     8.3120011E-02  
   1.5756430E+00     8.3108540E-02  
   1.5758996E+00     8.1841036E-02  
   1.5761671E+00     8.0506221E-02  
   1.5764308E+00     7.9190769E-02  
   1.5771130E+00     7.9602449E-02  
   1.5778140E+00     8.0123710E-02  
   1.5771651E+00     8.2554165E-02  
   1.5769038E+00     8.4902409E-02  
   1.5769148E+00     8.7098625E-02  
   1.5769266E+00     8.9442848E-02  
   1.5766588E+00     9.1536044E-02  
   1.5757156E+00     9.3040360E-02  
   1.5748807E+00     9.4285243E-02  
   1.5755417E+00     9.1979911E-02  
   1.5763122E+00     9.0813985E-02  
   1.5770496E+00     8.9905100E-02  
   1.5778577E+00     8.8909162E-02  
   1.5786741E+00     8.7903027E-02  
   1.5795514E+00     8.7834375E-02  
   1.5802893E+00     8.7177678E-02  
   1.5809947E+00     8.6334771E-02  
   1.5816955E+00     8.5497326E-02  
   1.5823860E+00     8.4672157E-02  
   1.5830988E+00     8.3820288E-02  
   1.5826541E+00     8.4854722E-02  
   1.5826089E+00     8.6037609E-02  
   1.5832067E+00     8.7337055E-02  
   1.5837953E+00     8.8651418E-02  
   1.5844842E+00     8.9231595E-02  
   1.5852279E+00     8.9822933E-02  
   1.5859918E+00     9.0430348E-02  
   1.5867401E+00     9.1025238E-02  
   1.5874869E+00     9.1621350E-02  
   1.5882735E+00     9.0292646E-02  
   1.5896655E+00     8.9602348E-02  
   1.5910049E+00     8.7931161E-02  
   1.5920127E+00     8.4934943E-02  
   1.5937397E+00     8.6192451E-02  
   1.5926999E+00     8.6673247E-02  
   1.5916573E+00     8.7155372E-02  
   1.5905668E+00     8.7800785E-02  
   1.5894639E+00     8.8499787E-02  
   1.5903637E+00     8.6895182E-02  
   1.5909594E+00     8.5533687E-02  
   1.5880497E+00     8.6338517E-02  
   1.5851996E+00     8.6552434E-02  
   1.5824957E+00     8.6577869E-02  
   1.5802978E+00     8.8313369E-02  
   1.5812731E+00     8.8836648E-02  
   1.5821405E+00     8.9248811E-02  
   1.5820447E+00     8.9502050E-02  
   1.5819428E+00     8.9771276E-02  
   1.5818386E+00     9.0046750E-02  
   1.5808576E+00     9.1309188E-02  
   1.5796787E+00     9.3184139E-02  
   1.5783439E+00     9.5174783E-02  
   1.5756959E+00     9.5869826E-02  
   1.5730357E+00     9.6744498E-02  
   1.5716191E+00     9.8386581E-02  
   1.5710897E+00     1.0054664E-01  
   1.5697455E+00     1.0277822E-01  
   1.5691007E+00     1.0628173E-01  
   1.5681250E+00     1.0883424E-01  
   1.5676174E+00     1.1152467E-01  
   1.5660800E+00     1.1361905E-01  
   1.5648408E+00     1.1528922E-01  
   1.5648679E+00     1.1642260E-01  
   1.5659106E+00     1.1811380E-01  
   1.5677634E+00     1.1967775E-01  
   1.5695150E+00     1.1943908E-01  
   1.5697836E+00     1.1996880E-01  
   1.5700572E+00     1.2050838E-01  
   1.5703288E+00     1.2104390E-01  
   1.5706067E+00     1.2159190E-01  
   1.5708856E+00     1.2214195E-01  
   1.5715429E+00     1.2138929E-01  
   1.5721930E+00     1.2051108E-01  
   1.5728204E+00     1.1962911E-01  
   1.5734390E+00     1.1875962E-01  
   1.5740633E+00     1.1788195E-01  
   1.5746734E+00     1.1702425E-01  
   1.5751986E+00     1.1628595E-01  
   1.5757363E+00     1.1498375E-01  
   1.5761022E+00     1.1325796E-01  
   1.5776407E+00     1.1179817E-01  
   1.5792413E+00     1.1030125E-01  
   1.5791679E+00     1.1107872E-01  
   1.5784925E+00     1.1275402E-01  
   1.5777573E+00     1.1450462E-01  
   1.5773892E+00     1.1578715E-01  
   1.5776402E+00     1.1417883E-01  
   1.5779089E+00     1.1278486E-01  
   1.5787192E+00     1.1229003E-01  
   1.5794699E+00     1.1183160E-01  
   1.5803753E+00     1.1068621E-01  
   1.5809047E+00     1.0846255E-01  
   1.5813443E+00     1.0616846E-01  
   1.5820779E+00     1.0387858E-01  
   1.5828673E+00     1.0146821E-01  
   1.5845681E+00     1.0073478E-01  
   1.5866619E+00     1.0070889E-01  
   1.5884919E+00     1.0030270E-01  
   1.5878526E+00     9.9258665E-02  
   1.5867850E+00     9.8155684E-02  
   1.5859137E+00     9.8004816E-02  
   1.5856305E+00     9.9213928E-02  
   1.5859018E+00     1.0012758E-01  
   1.5866390E+00     1.0022802E-01  
   1.5871548E+00     9.9855953E-02  
   1.5875415E+00     9.9179572E-02  
   1.5873016E+00     9.7250047E-02  
   1.5866140E+00     9.4431509E-02  
   1.5874705E+00     9.3169893E-02  
   1.5895659E+00     9.4857623E-02  
   1.5900807E+00     9.4963945E-02  
   1.5905092E+00     9.4959536E-02  
   1.5914449E+00     9.4558289E-02  
   1.5929900E+00     9.3300311E-02  
   1.5939105E+00     9.2084392E-02  
   1.5948498E+00     9.0843757E-02  
   1.5957951E+00     8.9596982E-02  
   1.5978604E+00     8.9039595E-02  
   1.6003555E+00     8.8785298E-02  
   1.6022933E+00     8.8587302E-02  
   1.6027235E+00     8.9389467E-02  
   1.6019657E+00     8.8302236E-02  
   1.6009550E+00     8.7402522E-02  
   1.5999780E+00     8.7448978E-02  
   1.5989755E+00     8.8595555E-02  
   1.5979687E+00     8.8851547E-02  
   1.5977749E+00     8.8736970E-02  
   1.5987662E+00     9.1435609E-02  
   1.6001487E+00     9.2837602E-02  
   1.6013506E+00     9.3478098E-02  
   1.6024787E+00     9.4046030E-02  
   1.6022769E+00     9.4732194E-02  
   1.6019536E+00     9.4792107E-02  
   1.6017612E+00     9.4317064E-02  
   1.6017440E+00     9.4364747E-02  
   1.6018889E+00     9.4868721E-02  
   1.6033701E+00     9.6785913E-02  
   1.6049225E+00     9.8278052E-02  
   1.6067100E+00     9.7811973E-02  
   1.6083548E+00     9.7241280E-02  
   1.6101765E+00     9.6718450E-02  
   1.6121544E+00     9.6965535E-02  
   1.6143726E+00     9.9517157E-02  
   1.6162244E+00     9.8810109E-02  
   1.6158399E+00     9.9293223E-02  
   1.6151237E+00     9.9985892E-02  
   1.6142679E+00     1.0078475E-01  
   1.6131570E+00     1.0167644E-01  
   1.6132312E+00     1.0202069E-01  
   1.6140088E+00     9.9632597E-02  
   1.6158218E+00     9.8726634E-02  
   1.6177945E+00     9.8790770E-02  
   1.6196116E+00     9.9166234E-02  
   1.6210126E+00     1.0115118E-01  
   1.6211876E+00     1.0330449E-01  
   1.6199508E+00     1.0370682E-01  
   1.6186385E+00     1.0394649E-01  
   1.6163279E+00     1.0366335E-01  
   1.6157750E+00     1.0359266E-01  
   1.6152711E+00     1.0352844E-01  
   1.6147515E+00     1.0345257E-01  
   1.6148925E+00     1.0270737E-01  
   1.6150158E+00     1.0200223E-01  
   1.6162606E+00     1.0425476E-01  
   1.6176088E+00     1.0566354E-01  
   1.6186801E+00     1.0680856E-01  
   1.6169078E+00     1.0677260E-01  
   1.6151143E+00     1.0674569E-01  
   1.6133581E+00     1.0671933E-01  
   1.6116097E+00     1.0712501E-01  
   1.6102213E+00     1.0659061E-01  
   1.6089054E+00     1.0761502E-01  
   1.6074873E+00     1.0905621E-01  
   1.6058979E+00     1.1081251E-01  
   1.6057893E+00     1.1249188E-01  
   1.6058023E+00     1.1405974E-01  
   1.6053999E+00     1.1533034E-01  
   1.6049322E+00     1.1659737E-01  
   1.6044686E+00     1.1785355E-01  
   1.6040086E+00     1.1909987E-01  
   1.6035962E+00     1.1964574E-01  
   1.6032729E+00     1.1891864E-01  
   1.6023995E+00     1.1799410E-01  
   1.6010488E+00     1.1753614E-01  
   1.5997990E+00     1.1753783E-01  
   1.5992247E+00     1.1794646E-01  
   1.5984437E+00     1.1710332E-01  
   1.5965374E+00     1.1736364E-01  
   1.5952108E+00     1.1647404E-01  
   1.5946516E+00     1.1524746E-01  
   1.5937805E+00     1.1516979E-01  
   1.5931069E+00     1.1456881E-01  
   1.5930999E+00     1.1370995E-01  
   1.5939572E+00     1.1327240E-01  
   1.5948391E+00     1.1282227E-01  
   1.5943434E+00     1.1236566E-01  
   1.5927114E+00     1.1177678E-01  
   1.5929197E+00     1.1310317E-01  
   1.5939274E+00     1.1324981E-01  
   1.5932532E+00     1.1544033E-01  
   1.5922671E+00     1.1783093E-01  
   1.5942660E+00     1.1955811E-01  
   1.5963311E+00     1.2017953E-01  
   1.5976376E+00     1.1883151E-01  
   1.5981988E+00     1.1750125E-01  
   1.5973499E+00     1.1694377E-01  
   1.5965154E+00     1.1604204E-01  
   1.5962963E+00     1.1727222E-01  
   1.5959054E+00     1.1841400E-01  
   1.5979684E+00     1.1746723E-01  
   1.5983311E+00     1.1544610E-01  
   1.5985177E+00     1.1489785E-01  
   1.5985923E+00     1.1533318E-01  
   1.5986668E+00     1.1576852E-01  
   1.5993431E+00     1.1615691E-01  
   1.6007211E+00     1.1564660E-01  
   1.6013225E+00     1.1475523E-01  
   1.6013816E+00     1.1358531E-01  
   1.6016950E+00     1.1256603E-01  
   1.6027642E+00     1.1269949E-01  
   1.6036410E+00     1.1341431E-01  
   1.6044701E+00     1.1430537E-01  
   1.6052838E+00     1.1518002E-01  
   1.6053175E+00     1.1442511E-01  
   1.6055660E+00     1.1427752E-01  
   1.6062272E+00     1.1550064E-01  
   1.6061088E+00     1.1628964E-01  
   1.6056729E+00     1.1727023E-01  
   1.6051688E+00     1.1827042E-01  
   1.6045646E+00     1.1940161E-01  
   1.6040280E+00     1.2049298E-01  
   1.6035067E+00     1.2134627E-01  
   1.6025425E+00     1.2220199E-01  
   1.6016508E+00     1.2285735E-01  
   1.6002179E+00     1.2166420E-01  
   1.6002580E+00     1.2015612E-01  
   1.6004637E+00     1.1866442E-01  
   1.6006820E+00     1.1708144E-01  
   1.6001774E+00     1.1691961E-01  
   1.5990608E+00     1.1789940E-01  
   1.5979443E+00     1.1887919E-01  
   1.5982624E+00     1.2027342E-01  
   1.5988165E+00     1.2181172E-01  
   1.5991674E+00     1.2233638E-01  
   1.5988962E+00     1.1968438E-01  
   1.5986322E+00     1.1710231E-01  
   1.5983988E+00     1.1475185E-01  
   1.5990221E+00     1.1255460E-01  
   1.5996705E+00     1.1033603E-01  
   1.5998789E+00     1.0841462E-01  
   1.5978512E+00     1.0729777E-01  
   1.5955400E+00     1.0682792E-01  
   1.5943291E+00     1.0778252E-01  
   1.5939692E+00     1.0964531E-01  
   1.5939036E+00     1.0970574E-01  
   1.5939022E+00     1.0926328E-01  
   1.5938672E+00     1.0862893E-01  
   1.5934079E+00     1.0842934E-01  
   1.5929703E+00     1.0823921E-01  
   1.5926244E+00     1.0805327E-01  
   1.5912164E+00     1.0936340E-01  
   1.5897832E+00     1.1018065E-01  
   1.5893627E+00     1.1095065E-01  
   1.5886917E+00     1.1165922E-01  
   1.5884194E+00     1.1256326E-01  
   1.5875579E+00     1.1304448E-01  
   1.5869898E+00     1.1237580E-01  
   1.5862992E+00     1.1212301E-01  
   1.5856604E+00     1.1240641E-01  
   1.5858648E+00     1.1379227E-01  
   1.5860890E+00     1.1531247E-01  
   1.5847825E+00     1.1587634E-01  
   1.5830155E+00     1.1622481E-01  
   1.5830861E+00     1.1618747E-01  
   1.5836633E+00     1.1604233E-01  
   1.5841938E+00     1.1565871E-01  
   1.5840984E+00     1.1489681E-01  
   1.5836058E+00     1.1471859E-01  
   1.5829255E+00     1.1443348E-01  
   1.5821581E+00     1.1409789E-01  
   1.5813968E+00     1.1376613E-01  
   1.5803014E+00     1.1333474E-01  
   1.5795316E+00     1.1306757E-01  
   1.5788643E+00     1.1306218E-01  
   1.5778606E+00     1.1338672E-01  
   1.5778844E+00     1.1369642E-01  
   1.5783437E+00     1.1397932E-01  
   1.5779660E+00     1.1298264E-01  
   1.5772476E+00     1.1118516E-01  
   1.5773022E+00     1.0931098E-01  
   1.5783400E+00     1.0763924E-01  
   1.5795348E+00     1.0632209E-01  
   1.5806216E+00     1.0528467E-01  
   1.5815652E+00     1.0484107E-01  
   1.5816469E+00     1.0488078E-01  
   1.5816228E+00     1.0495301E-01  
   1.5820709E+00     1.0433810E-01  
   1.5826762E+00     1.0346134E-01  
   1.5833356E+00     1.0279399E-01  
   1.5842478E+00     1.0294866E-01  
   1.5851202E+00     1.0338117E-01  
   1.5858252E+00     1.0375625E-01  
   1.5864877E+00     1.0360092E-01  
   1.5873692E+00     1.0262335E-01  
   1.5869523E+00     1.0187687E-01  
   1.5861297E+00     1.0091588E-01  
   1.5853085E+00     9.9956623E-02  
   1.5850064E+00     9.9418386E-02  
   1.5851562E+00     9.9659353E-02  
   1.5852963E+00     9.8410621E-02  
   1.5849206E+00     9.6995559E-02  
   1.5842340E+00     9.5490812E-02  
   1.5832626E+00     9.3846707E-02  
   1.5840081E+00     9.3400107E-02  
   1.5847347E+00     9.2964829E-02  
   1.5852863E+00     9.2496101E-02  
   1.5846263E+00     9.3174061E-02  
   1.5835926E+00     9.3829362E-02  
   1.5828925E+00     9.4184021E-02  
   1.5823528E+00     9.4408551E-02  
   1.5818132E+00     9.4633081E-02  
   1.5812695E+00     9.4859277E-02  
   1.5807687E+00     9.4968898E-02  
   1.5803902E+00     9.4903923E-02  
   1.5804058E+00     9.4317203E-02  
   1.5804226E+00     9.3719582E-02  
   1.5804400E+00     9.3096812E-02  
   1.5805297E+00     9.2806986E-02  
   1.5798735E+00     9.2158201E-02  
   1.5792301E+00     9.2470266E-02  
   1.5787619E+00     9.3187634E-02  
   1.5788617E+00     9.3770420E-02  
   1.5790157E+00     9.4339113E-02  
   1.5790979E+00     9.5023517E-02  
   1.5790503E+00     9.5909263E-02  
   1.5779886E+00     9.6005474E-02  
   1.5769857E+00     9.6602799E-02  
   1.5762363E+00     9.7689253E-02  
   1.5757619E+00     9.8156650E-02  
   1.5755594E+00     9.7725199E-02  
   1.5723790E+00     9.8497632E-02  
   1.5690459E+00     9.9306058E-02  
   1.5668988E+00     1.0153654E-01  
   1.5650751E+00     1.0401134E-01  
   1.5641001E+00     1.0673220E-01  
   1.5662674E+00     1.0655616E-01  
   1.5688912E+00     1.0596348E-01  
   1.5713193E+00     1.0541500E-01  
   1.5736236E+00     1.0541821E-01  
   1.5758413E+00     1.0544126E-01  
   1.5752303E+00     1.0567354E-01  
   1.5770724E+00     1.0338302E-01  
   1.5794307E+00     1.0106797E-01  
   1.5799671E+00     9.7892632E-02  
   1.5816157E+00     9.6793016E-02  
   1.5820010E+00     9.7402714E-02  
   1.5822365E+00     9.8214150E-02  
   1.5819557E+00     9.8927407E-02  
   1.5816755E+00     9.9637310E-02  
   1.5815085E+00     1.0049576E-01  
   1.5810818E+00     1.0142772E-01  
   1.5800126E+00     1.0134821E-01  
   1.5788857E+00     1.0118885E-01  
   1.5781233E+00     1.0205313E-01  
   1.5777731E+00     1.0331732E-01  
   1.5783058E+00     1.0357491E-01  
   1.5788313E+00     1.0363071E-01  
   1.5789065E+00     1.0383737E-01  
   1.5800571E+00     1.0373394E-01  
   1.5817475E+00     1.0302908E-01  
   1.5821854E+00     1.0105265E-01  
   1.5826817E+00     1.0008431E-01  
   1.5830541E+00     9.9898812E-02  
   1.5834146E+00     9.9745702E-02  
   1.5837750E+00     9.9592591E-02  
   1.5860200E+00     9.8195125E-02  
   1.5891248E+00     9.6284731E-02  
   1.5891622E+00     9.5268898E-02  
   1.5884212E+00     9.4579069E-02  
   1.5893540E+00     9.3585573E-02  
   1.5903040E+00     9.2573746E-02  
   1.5914133E+00     9.3037779E-02  
   1.5930046E+00     9.2589165E-02  
   1.5943935E+00     9.1799313E-02  
   1.5935302E+00     9.3806046E-02  
   1.5955185E+00     9.2944539E-02  
   1.5962470E+00     9.2160754E-02  
   1.5955344E+00     9.1887889E-02  
   1.5947640E+00     9.1596222E-02  
   1.5944628E+00     9.0250570E-02  
   1.5920586E+00     8.9226235E-02  
   1.5895411E+00     8.8546796E-02  
   1.5873942E+00     8.8951751E-02  
   1.5857186E+00     8.9626524E-02  
   1.5857070E+00     8.9483683E-02  
   1.5858219E+00     8.9563489E-02  
   1.5859720E+00     8.9714712E-02  
   1.5851620E+00     8.9261222E-02  
   1.5848576E+00     8.7846247E-02  
   1.5859075E+00     8.5782329E-02  
   1.5870131E+00     8.5322182E-02  
   1.5879726E+00     8.4488958E-02  
   1.5886319E+00     8.3669987E-02  
   1.5882841E+00     8.3905052E-02  
   1.5877997E+00     8.4160554E-02  
   1.5873290E+00     8.4372208E-02  
   1.5867673E+00     8.4328893E-02  
   1.5857275E+00     8.4308857E-02  
   1.5841323E+00     8.5396744E-02  
   1.5824567E+00     8.6654264E-02  
   1.5808480E+00     8.5933638E-02  
   1.5792412E+00     8.5215489E-02  
   1.5773538E+00     8.6999226E-02  
   1.5780656E+00     8.5364469E-02  
   1.5790749E+00     8.3220146E-02  
   1.5806093E+00     8.0885326E-02  
   1.5821061E+00     7.8551115E-02  
   1.5829635E+00     7.6171539E-02  
   1.5819040E+00     7.4508843E-02  
   1.5803885E+00     7.3024467E-02  
   1.5797623E+00     7.1407280E-02  
   1.5796515E+00     6.9736607E-02  
   1.5805398E+00     6.9768335E-02  
   1.5814586E+00     6.9859488E-02  
   1.5822603E+00     6.9942225E-02  
   1.5821004E+00     6.9647692E-02  
   1.5837219E+00     6.9406222E-02  
   1.5830346E+00     6.7946169E-02  
   1.5816206E+00     6.6248682E-02  
   1.5809042E+00     6.6235876E-02  
   1.5806721E+00     6.6023623E-02  
   1.5807389E+00     6.5686775E-02  
   1.5796098E+00     6.5954828E-02  
   1.5790661E+00     6.6058973E-02  
   1.5799676E+00     6.4951769E-02  
   1.5808676E+00     6.5051808E-02  
   1.5812571E+00     6.6116664E-02  
   1.5815606E+00     6.7535349E-02  
   1.5818757E+00     6.8827662E-02  
   1.5822601E+00     7.0247515E-02  
   1.5826541E+00     7.1656143E-02  
   1.5829548E+00     7.2815125E-02  
   1.5830614E+00     7.3600178E-02  
   1.5831544E+00     7.4601290E-02  
   1.5832574E+00     7.5637461E-02  
   1.5814979E+00     7.4785225E-02  
   1.5793952E+00     7.3616343E-02  
   1.5796946E+00     7.4960890E-02  
   1.5775983E+00     7.2466745E-02  
   1.5766325E+00     7.1075025E-02  
   1.5763921E+00     7.0246819E-02  
   1.5767869E+00     6.9806959E-02  
   1.5781567E+00     7.0354882E-02  
   1.5784483E+00     7.0663156E-02  
   1.5786960E+00     7.0984577E-02  
   1.5787742E+00     7.1321157E-02  
   1.5788247E+00     7.1670840E-02  
   1.5792494E+00     7.1285205E-02  
   1.5795280E+00     7.1631835E-02  
   1.5797373E+00     7.2358927E-02  
   1.5799357E+00     7.3048491E-02  
   1.5788479E+00     7.3494882E-02  
   1.5779265E+00     7.3289291E-02  
   1.5773313E+00     7.2846165E-02  
   1.5767362E+00     7.2403039E-02  
   1.5761814E+00     7.1989909E-02  
   1.5755628E+00     7.1529324E-02  
   1.5747673E+00     7.2490740E-02  
   1.5739424E+00     7.0619195E-02  
   1.5741362E+00     6.8351719E-02  
   1.5750235E+00     6.6307665E-02  
   1.5759133E+00     6.5453114E-02  
   1.5768041E+00     6.4556719E-02  
   1.5771537E+00     6.4270377E-02  
   1.5778798E+00     6.4267991E-02  
   1.5788083E+00     6.4389498E-02  
   1.5796697E+00     6.4576456E-02  
   1.5793292E+00     6.4319709E-02  
   1.5786512E+00     6.3892097E-02  
   1.5785716E+00     6.2523312E-02  
   1.5785767E+00     6.1013505E-02  
   1.5785419E+00     5.9489297E-02  
   1.5777891E+00     5.9668436E-02  
   1.5770629E+00     5.9799051E-02  
   1.5763755E+00     5.9922676E-02  
   1.5753703E+00     5.8155381E-02  
   1.5745526E+00     5.6423562E-02  
   1.5737384E+00     5.4682901E-02  
   1.5728689E+00     5.2823950E-02  
   1.5720042E+00     5.0975523E-02  
   1.5711932E+00     4.9127195E-02  
   1.5708586E+00     4.8275991E-02  
   1.5706271E+00     4.7736485E-02  
   1.5705140E+00     4.7617734E-02  
   1.5697478E+00     4.7543811E-02  
   1.5695831E+00     4.8695327E-02  
   1.5706282E+00     4.9962923E-02  
   1.5711903E+00     5.0270863E-02  
   1.5717588E+00     5.0598868E-02  
   1.5722228E+00     5.0812661E-02  
   1.5721393E+00     5.0421605E-02  
   1.5709075E+00     4.9366962E-02  
   1.5697628E+00     4.8183409E-02  
   1.5703796E+00     4.6187093E-02  
   1.5708080E+00     4.4369687E-02  
   1.5711763E+00     4.2580925E-02  
   1.5715476E+00     4.0777600E-02  
   1.5728420E+00     3.9128386E-02  
   1.5721611E+00     3.6804725E-02  
   1.5702600E+00     3.5040321E-02  
   1.5681652E+00     3.3310063E-02  
   1.5664106E+00     3.0697340E-02  
   1.5646763E+00     2.7975345E-02  
   1.5633449E+00     2.5285012E-02  
   1.5621789E+00     2.2581110E-02  
   1.5606411E+00     2.0107822E-02  
   1.5583604E+00     1.9578905E-02  
   1.5580781E+00     1.9126012E-02  
   1.5597416E+00     1.8131128E-02  
   1.5607597E+00     1.6570410E-02  
   1.5618159E+00     1.5212309E-02  
   1.5624277E+00     1.4658138E-02  
   1.5622779E+00     1.4432789E-02  
   1.5624226E+00     1.3896709E-02  
   1.5630090E+00     1.3149249E-02  
   1.5624795E+00     1.3800652E-02  
   1.5602607E+00     1.3863766E-02  
   1.5580120E+00     1.3889623E-02  
   1.5557945E+00     1.3915122E-02  
   1.5555614E+00     1.5367057E-02  
   1.5534072E+00     1.6779528E-02  
   1.5512188E+00     1.8161466E-02  
   1.5482321E+00     1.8958705E-02  
   1.5446855E+00     1.8570961E-02  
   1.5430111E+00     1.6880385E-02  
   1.5416094E+00     1.4769018E-02  
   1.5416918E+00     1.2692166E-02  
   1.5440561E+00     1.2932316E-02  
   1.5474911E+00     1.4546974E-02  
   1.5494161E+00     1.6871764E-02  
   1.5497972E+00     1.7419407E-02  
   1.5490721E+00     1.6710367E-02  
   1.5481528E+00     1.6023354E-02  
   1.5472680E+00     1.5362031E-02  
   1.5458869E+00     1.4978210E-02  
   1.5440050E+00     1.4208541E-02  
   1.5427174E+00     1.3662993E-02  
   1.5417843E+00     1.3258662E-02  
   1.5408046E+00     1.2834107E-02  
   1.5398894E+00     1.2421252E-02  
   1.5389528E+00     1.1994038E-02  
   1.5380266E+00     1.1571554E-02  
   1.5376787E+00     1.2272514E-02  
   1.5383871E+00     1.3327677E-02  
   1.5394896E+00     1.4434787E-02  
   1.5381655E+00     1.3019925E-02  
   1.5376390E+00     1.0761208E-02  
   1.5384535E+00     9.7587343E-03  
   1.5389662E+00     9.2816211E-03  
   1.5390351E+00     6.4993174E-03  
   1.5393165E+00     3.7764796E-03  
   1.5385757E+00     1.7469636E-03  
   1.5370113E+00     1.6467579E-04  
   1.5351251E+00     1.7431693E-03  
   1.5333833E+00     3.5048880E-03  
   1.5320127E+00     5.4260647E-03  
   1.5316922E+00     7.7157040E-03  
   1.5313341E+00     1.0198349E-02  
   1.5310078E+00     1.2461221E-02  
   1.5297183E+00     1.3153418E-02  
   1.5289159E+00     1.4080887E-02  
   1.5284315E+00     1.5206828E-02  
   1.5279189E+00     1.6398274E-02  
   1.5270052E+00     1.6365698E-02  
   1.5260152E+00     1.6293430E-02  
   1.5250565E+00     1.6223448E-02  
   1.5249397E+00     1.4480103E-02  
   1.5261017E+00     1.6137504E-02  
   1.5260123E+00     1.8143041E-02  
   1.5257789E+00     2.1000514E-02  
   1.5239692E+00     2.2228616E-02  
   1.5242506E+00     2.3282249E-02  
   1.5248702E+00     2.4324857E-02  
   1.5260096E+00     2.3994644E-02  
   1.5256958E+00     2.3300447E-02  
   1.5246656E+00     2.2398957E-02  
   1.5252334E+00     2.2455339E-02  
   1.5259401E+00     2.2935012E-02  
   1.5239429E+00     2.2504214E-02  
   1.5233726E+00     2.2356722E-02  
   1.5235008E+00     2.2385579E-02  
   1.5236366E+00     2.2416163E-02  
   1.5242686E+00     2.1919193E-02  
   1.5252686E+00     2.1058432E-02  
   1.5266939E+00     2.1596740E-02  
   1.5280774E+00     2.2137945E-02  
   1.5293673E+00     2.2658103E-02  
   1.5295563E+00     2.3114490E-02  
   1.5298530E+00     2.3831495E-02  
   1.5293134E+00     2.4740703E-02  
   1.5288844E+00     2.5289546E-02  
   1.5307745E+00     2.4071975E-02  
   1.5329278E+00     2.2957366E-02  
   1.5347638E+00     2.3099502E-02  
   1.5362921E+00     2.4541939E-02  
   1.5378121E+00     2.6037586E-02  
   1.5374418E+00     2.6507466E-02  
   1.5379516E+00     2.8230772E-02  
   1.5384715E+00     2.9943097E-02  
   1.5385389E+00     2.9496419E-02  
   1.5384892E+00     2.8490869E-02  
   1.5383681E+00     2.7543897E-02  
   1.5388310E+00     2.7432302E-02  
   1.5393723E+00     2.7352642E-02  
   1.5398918E+00     2.7276179E-02  
   1.5395936E+00     2.7103015E-02  
   1.5394175E+00     2.6844768E-02  
   1.5392892E+00     2.6525062E-02  
   1.5391936E+00     2.6265951E-02  
   1.5398290E+00     2.7326277E-02  
   1.5404854E+00     2.8416036E-02  
   1.5407873E+00     2.8147879E-02  
   1.5405356E+00     2.7572955E-02  
   1.5402538E+00     2.6993829E-02  
   1.5399700E+00     2.6397801E-02  
   1.5396919E+00     2.5796162E-02  
   1.5394144E+00     2.5195879E-02  
   1.5396153E+00     2.5823127E-02  
   1.5401743E+00     2.5950566E-02  
   1.5412893E+00     2.4601494E-02  
   1.5424989E+00     2.5058022E-02  
   1.5433000E+00     2.6940587E-02  
   1.5440121E+00     2.9211174E-02  
   1.5459098E+00     3.0679015E-02  
   1.5476887E+00     3.1498406E-02  
   1.5461287E+00     3.0620012E-02  
   1.5466159E+00     2.9517658E-02  
   1.5462921E+00     3.1876512E-02  
   1.5451798E+00     3.2251143E-02  
   1.5441960E+00     3.2025651E-02  
   1.5441549E+00     3.1777546E-02  
   1.5444511E+00     3.1612885E-02  
   1.5444591E+00     3.1712014E-02  
   1.5444631E+00     3.1789813E-02  
   1.5447847E+00     3.1405511E-02  
   1.5441677E+00     3.0976329E-02  
   1.5434347E+00     3.0070841E-02  
   1.5434841E+00     3.0011492E-02  
   1.5438553E+00     3.0748281E-02  
   1.5438254E+00     3.2203188E-02  
   1.5436356E+00     3.3400508E-02  
   1.5431701E+00     3.4454370E-02  
   1.5426821E+00     3.5432661E-02  
   1.5412544E+00     3.4624424E-02  
   1.5397603E+00     3.3692945E-02  
   1.5381812E+00     3.2708493E-02  
   1.5368476E+00     3.1792335E-02  
   1.5365434E+00     3.1582419E-02  
   1.5359972E+00     3.2268228E-02  
   1.5344753E+00     3.3541610E-02  
   1.5325539E+00     3.3669985E-02  
   1.5308984E+00     3.2943230E-02  
   1.5307001E+00     3.1773445E-02  
   1.5299894E+00     3.0553332E-02  
   1.5286194E+00     3.1059879E-02  
   1.5274934E+00     3.1976227E-02  
   1.5262546E+00     3.2490057E-02  
   1.5261951E+00     3.2807667E-02  
   1.5270495E+00     3.3009878E-02  
   1.5267698E+00     3.3669049E-02  
   1.5248651E+00     3.4959903E-02  
   1.5232524E+00     3.5959537E-02  
   1.5241079E+00     3.4799552E-02  
   1.5249542E+00     3.3725106E-02  
   1.5259088E+00     3.2513131E-02  
   1.5268634E+00     3.1301157E-02  
   1.5277897E+00     3.0125106E-02  
   1.5281358E+00     2.8434995E-02  
   1.5280762E+00     2.6482387E-02  
   1.5263614E+00     2.4797309E-02  
   1.5244066E+00     2.3262423E-02  
   1.5223174E+00     2.1880108E-02  
   1.5198431E+00     2.0980956E-02  
   1.5174583E+00     2.1140539E-02  
   1.5165125E+00     2.0948686E-02  
   1.5178624E+00     2.0857181E-02  
   1.5201316E+00     2.2274790E-02  
   1.5223042E+00     2.2900565E-02  
   1.5221955E+00     2.3114593E-02  
   1.5207202E+00     2.3783780E-02  
   1.5195628E+00     2.5095186E-02  
   1.5185227E+00     2.6211164E-02  
   1.5186211E+00     2.6110658E-02  
   1.5187184E+00     2.6069801E-02  
   1.5175754E+00     2.6354806E-02  
   1.5159118E+00     2.6555880E-02  
   1.5148925E+00     2.8036760E-02  
   1.5157694E+00     3.0067740E-02  
   1.5177855E+00     3.2413946E-02  
   1.5188970E+00     3.3329709E-02  
   1.5197065E+00     3.3522922E-02  
   1.5191555E+00     3.4102720E-02  
   1.5171892E+00     3.5101993E-02  
   1.5149771E+00     3.5877706E-02  
   1.5127774E+00     3.6527081E-02  
   1.5108256E+00     3.5661227E-02  
   1.5089699E+00     3.4879539E-02  
   1.5085527E+00     3.5422813E-02  
   1.5072078E+00     3.6877161E-02  
   1.5061127E+00     3.5321311E-02  
   1.5050581E+00     3.3670248E-02  
   1.5040036E+00     3.2019185E-02  
   1.5030039E+00     3.0453976E-02  
   1.5020172E+00     2.8909086E-02  
   1.5001353E+00     2.9320178E-02  
   1.4991009E+00     3.0183391E-02  
   1.4987277E+00     2.9952735E-02  
   1.4989822E+00     3.0345201E-02  
   1.4993548E+00     3.0851999E-02  
   1.4991208E+00     3.1009988E-02  
   1.4983701E+00     3.0871998E-02  
   1.4976022E+00     3.0730833E-02  
   1.4969298E+00     3.0205088E-02  
   1.4963680E+00     2.9050318E-02  
   1.4956860E+00     2.7997967E-02  
   1.4956392E+00     2.7347384E-02  
   1.4956199E+00     2.6703101E-02  
   1.4946397E+00     2.7176455E-02  
   1.4945824E+00     2.8452338E-02  
   1.4957457E+00     2.7842067E-02  
   1.4970314E+00     2.7086143E-02  
   1.4969541E+00     2.7518766E-02  
   1.4954471E+00     2.8813947E-02  
   1.4936476E+00     2.9354232E-02  
   1.4922771E+00     3.0240768E-02  
   1.4911232E+00     3.0878439E-02  
   1.4893136E+00     3.0495484E-02  
   1.4874816E+00     3.0350373E-02  
   1.4862055E+00     3.0821837E-02  
   1.4849353E+00     3.1291179E-02  
   1.4837198E+00     3.1744779E-02  
   1.4824972E+00     3.2201206E-02  
   1.4813069E+00     3.2645546E-02  
   1.4800387E+00     3.3118954E-02  
   1.4812410E+00     3.4223615E-02  
   1.4808790E+00     3.5873674E-02  
   1.4791242E+00     3.7903688E-02  
   1.4792761E+00     3.6695164E-02  
   1.4790943E+00     3.5552945E-02  
   1.4782712E+00     3.6590173E-02  
   1.4758907E+00     3.6886270E-02  
   1.4747855E+00     3.6269839E-02  
   1.4739841E+00     3.5737105E-02  
   1.4733838E+00     3.5566732E-02  
   1.4728027E+00     3.5396290E-02  
   1.4722491E+00     3.5233916E-02  
   1.4716797E+00     3.5066865E-02  
   1.4711174E+00     3.4901937E-02  
   1.4705356E+00     3.4731278E-02  
   1.4698979E+00     3.4592727E-02  
   1.4685627E+00     3.4856961E-02  
   1.4680974E+00     3.5566297E-02  
   1.4676706E+00     3.5932567E-02  
   1.4673357E+00     3.5492612E-02  
   1.4669130E+00     3.5127708E-02  
   1.4662344E+00     3.4976089E-02  
   1.4655517E+00     3.4823554E-02  
   1.4648576E+00     3.4668474E-02  
   1.4642014E+00     3.4521867E-02  
   1.4635452E+00     3.4375261E-02  
   1.4634113E+00     3.3903643E-02  
   1.4639737E+00     3.3171972E-02  
   1.4655911E+00     3.3154628E-02  
   1.4672154E+00     3.3547145E-02  
   1.4683382E+00     3.4836216E-02  
   1.4691568E+00     3.6654517E-02  
   1.4682291E+00     3.6550555E-02  
   1.4666590E+00     3.6002517E-02  
   1.4660002E+00     3.6802650E-02  
   1.4639818E+00     3.7263958E-02  
   1.4624627E+00     3.7625626E-02  
   1.4611646E+00     3.7976376E-02  
   1.4604313E+00     3.8417134E-02  
   1.4599070E+00     4.0021305E-02  
   1.4593724E+00     4.1736292E-02  
   1.4588096E+00     4.3541611E-02  
   1.4597057E+00     4.3737452E-02  
   1.4595430E+00     4.3296468E-02  
   1.4581108E+00     4.2198328E-02  
   1.4567322E+00     4.1141266E-02  
   1.4553185E+00     4.0114738E-02  
   1.4538488E+00     3.9116835E-02  
   1.4523981E+00     3.8131770E-02  
   1.4509614E+00     3.7156224E-02  
   1.4495016E+00     3.6164977E-02  
   1.4479709E+00     3.5125579E-02  
   1.4463758E+00     3.4042441E-02  
   1.4448298E+00     3.2992670E-02  
   1.4432784E+00     3.1939269E-02  
   1.4418343E+00     3.1194709E-02  
   1.4409886E+00     3.1179818E-02  
   1.4399997E+00     3.1548268E-02  
   1.4403394E+00     3.1157059E-02  
   1.4407221E+00     3.0751952E-02  
   1.4410886E+00     3.0363914E-02  
   1.4399163E+00     3.1328763E-02  
   1.4385837E+00     3.2434946E-02  
   1.4372200E+00     3.3566888E-02  
   1.4351452E+00     3.5189752E-02  
   1.4318907E+00     3.7635791E-02  
   1.4287367E+00     4.0006348E-02  
   1.4280647E+00     4.1723055E-02  
   1.4284569E+00     4.3100406E-02  
   1.4286837E+00     4.3611169E-02  
   1.4281403E+00     4.3300783E-02  
   1.4268477E+00     4.3298951E-02  
   1.4255172E+00     4.3752447E-02  
   1.4242979E+00     4.4246640E-02  
   1.4232575E+00     4.4668272E-02  
   1.4222488E+00     4.5077101E-02  
   1.4212295E+00     4.5490192E-02  
   1.4201863E+00     4.5913006E-02  
   1.4193834E+00     4.5503948E-02  
   1.4188735E+00     4.4954253E-02  
   1.4187094E+00     4.4655913E-02  
   1.4188053E+00     4.4624471E-02  
   1.4195351E+00     4.5231319E-02  
   1.4202732E+00     4.6055700E-02  
   1.4197552E+00     4.7478366E-02  
   1.4194778E+00     4.8946192E-02  
   1.4195010E+00     5.0090649E-02  
   1.4196662E+00     5.1047454E-02  
   1.4190811E+00     5.0528903E-02  
   1.4185695E+00     4.9784300E-02  
   1.4181778E+00     4.8839660E-02  
   1.4177902E+00     4.7904977E-02  
   1.4172067E+00     4.7331940E-02  
   1.4169727E+00     4.6086519E-02  
   1.4159735E+00     4.4666415E-02  
   1.4166514E+00     4.3591369E-02  
   1.4175380E+00     4.2552026E-02  
   1.4179193E+00     4.2520270E-02  
   1.4185374E+00     4.3801797E-02  
   1.4193658E+00     4.5525742E-02  
   1.4198337E+00     4.6341275E-02  
   1.4199619E+00     4.5718744E-02  
   1.4202992E+00     4.4854409E-02  
   1.4210731E+00     4.4171973E-02  
   1.4229976E+00     4.4282309E-02  
   1.4246560E+00     4.5183501E-02  
   1.4266872E+00     4.5766888E-02  
   1.4276943E+00     4.4775430E-02  
   1.4265851E+00     4.4157664E-02  
   1.4243928E+00     4.4315802E-02  
   1.4225432E+00     4.4779792E-02  
   1.4219806E+00     4.6360654E-02  
   1.4206428E+00     4.7375873E-02  
   1.4192658E+00     4.8411229E-02  
   1.4184756E+00     4.7058424E-02  
   1.4173459E+00     4.6013571E-02  
   1.4164137E+00     4.4908007E-02  
   1.4156622E+00     4.4004836E-02  
   1.4163717E+00     4.3777233E-02  
   1.4179517E+00     4.4075578E-02  
   1.4172353E+00     4.2660405E-02  
   1.4168288E+00     4.2586391E-02  
   1.4171134E+00     4.2596837E-02  
   1.4175978E+00     4.2615420E-02  
   1.4187853E+00     4.2603830E-02  
   1.4210939E+00     4.1523352E-02  
   1.4235390E+00     4.0703197E-02  
   1.4246604E+00     4.0306556E-02  
   1.4203739E+00     4.1601409E-02  
   1.4175571E+00     3.9587202E-02  
   1.4151849E+00     3.7088096E-02  
   1.4146138E+00     3.5405388E-02  
   1.4130119E+00     3.4130473E-02  
   1.4119564E+00     3.3425758E-02  
   1.4112317E+00     3.2973487E-02  
   1.4105353E+00     3.2538908E-02  
   1.4098296E+00     3.2098546E-02  
   1.4091704E+00     3.1545748E-02  
   1.4089668E+00     3.2217545E-02  
   1.4087800E+00     3.2919773E-02  
   1.4086839E+00     3.3370195E-02  
   1.4088944E+00     3.2976260E-02  
   1.4090983E+00     3.2594729E-02  
   1.4092994E+00     3.2218353E-02  
   1.4100242E+00     3.1992603E-02  
   1.4107011E+00     3.2439623E-02  
   1.4105963E+00     3.3615555E-02  
   1.4108243E+00     3.4302511E-02  
   1.4094627E+00     3.2641586E-02  
   1.4079919E+00     3.0841683E-02  
   1.4084812E+00     3.0471419E-02  
   1.4092001E+00     3.0440737E-02  
   1.4094246E+00     3.0341676E-02  
   1.4096142E+00     3.0234953E-02  
   1.4106083E+00     2.9379582E-02  
   1.4110373E+00     2.8964266E-02  
   1.4096862E+00     3.0117240E-02  
   1.4089462E+00     3.0954200E-02  
   1.4105320E+00     3.0629396E-02  
   1.4125202E+00     3.0126320E-02  
   1.4136996E+00     2.9748688E-02  
   1.4119646E+00     2.9738073E-02  
   1.4102296E+00     2.9727459E-02  
   1.4085290E+00     2.9717054E-02  
   1.4071385E+00     2.9427664E-02  
   1.4068373E+00     3.0397347E-02  
   1.4062131E+00     3.2724248E-02  
   1.4058451E+00     3.4764021E-02  
   1.4055013E+00     3.6710005E-02  
   1.4051509E+00     3.8692689E-02  
   1.4048074E+00     4.0636352E-02  
   1.4042264E+00     4.2647790E-02  
   1.4039907E+00     4.4508380E-02  
   1.4031258E+00     4.5690928E-02  
   1.4021318E+00     4.6810169E-02  
   1.4011521E+00     4.7921751E-02  
   1.4001862E+00     4.9017738E-02  
   1.3991762E+00     5.0163622E-02  
   1.3997096E+00     5.0525210E-02  
   1.4003448E+00     5.0829722E-02  
   1.4000196E+00     5.0697073E-02  
   1.3986228E+00     5.0622783E-02  
   1.3975340E+00     5.1429462E-02  
   1.3973903E+00     5.1282307E-02  
   1.3978644E+00     5.0180126E-02  
   1.3971932E+00     4.8492842E-02  
   1.3963205E+00     4.6568175E-02  
   1.3969188E+00     4.4796819E-02  
   1.3979103E+00     4.4415573E-02  
   1.3973774E+00     4.3187431E-02  
   1.3966166E+00     4.1905385E-02  
   1.3958047E+00     4.0537224E-02  
   1.3950612E+00     3.9858638E-02  
   1.3965394E+00     3.9607997E-02  
   1.3979222E+00     4.1306414E-02  
   1.3990600E+00     4.3233347E-02  
   1.3989982E+00     4.4865658E-02  
   1.3979850E+00     4.6135809E-02  
   1.3969722E+00     4.7405571E-02  
   1.3980805E+00     4.6918752E-02  
   1.3993899E+00     4.6355912E-02  
   1.3998283E+00     4.6474325E-02  
   1.4002372E+00     4.8811941E-02  
   1.3988810E+00     4.9816394E-02  
   1.3977849E+00     5.1080596E-02  
   1.3967481E+00     5.2750470E-02  
   1.3956473E+00     5.4491222E-02  
   1.3940458E+00     5.4750926E-02  
   1.3923824E+00     5.4901881E-02  
   1.3908368E+00     5.5042138E-02  
   1.3891670E+00     5.5193677E-02  
   1.3878825E+00     5.5218225E-02  
   1.3875834E+00     5.4657485E-02  
   1.3874199E+00     5.3132758E-02  
   1.3873083E+00     5.2593200E-02  
   1.3872065E+00     5.4491990E-02  
   1.3863566E+00     5.6709308E-02  
   1.3844819E+00     5.9022380E-02  
   1.3820658E+00     6.0610263E-02  
   1.3801930E+00     6.2365994E-02  
   1.3787475E+00     6.4251637E-02  
   1.3772223E+00     6.6241144E-02  
   1.3754240E+00     6.7946406E-02  
   1.3732997E+00     6.9840207E-02  
   1.3713627E+00     7.1817901E-02  
   1.3695154E+00     7.0553396E-02  
   1.3678568E+00     7.1851119E-02  
   1.3668379E+00     7.3012363E-02  
   1.3674821E+00     7.4741448E-02  
   1.3680117E+00     7.4049751E-02  
   1.3685404E+00     7.3255808E-02  
   1.3682906E+00     7.2541974E-02  
   1.3673085E+00     7.1915254E-02  
   1.3677241E+00     7.0640571E-02  
   1.3692671E+00     6.9603101E-02  
   1.3710143E+00     6.8640518E-02  
   1.3725358E+00     6.7428340E-02  
   1.3740658E+00     6.6169232E-02  
   1.3751341E+00     6.4609960E-02  
   1.3742068E+00     6.0878100E-02  
   1.3731604E+00     5.6996015E-02  
   1.3709465E+00     5.5238286E-02  
   1.3683926E+00     5.4015653E-02  
   1.3664548E+00     5.3147340E-02  
   1.3661280E+00     5.3237035E-02  
   1.3655118E+00     5.2760033E-02  
   1.3648831E+00     5.2214449E-02  
   1.3642599E+00     5.1673531E-02  
   1.3636366E+00     5.1132614E-02  
   1.3627624E+00     5.0322821E-02  
   1.3615485E+00     5.0046090E-02  
   1.3609083E+00     5.2178557E-02  
   1.3598759E+00     5.3788336E-02  
   1.3570595E+00     5.4619936E-02  
   1.3542232E+00     5.5556897E-02  
   1.3514395E+00     5.6426942E-02  
   1.3516846E+00     5.7567122E-02  
   1.3511087E+00     5.8807933E-02  
   1.3499083E+00     5.9984883E-02  
   1.3474335E+00     6.0752446E-02  
   1.3449662E+00     6.1517643E-02  
   1.3431575E+00     6.2906111E-02  
   1.3434594E+00     6.4520460E-02  
   1.3442902E+00     6.6096148E-02  
   1.3451519E+00     6.7568298E-02  
   1.3451753E+00     6.7150235E-02  
   1.3451855E+00     6.6744634E-02  
   1.3451951E+00     6.6363339E-02  
   1.3444731E+00     6.6773586E-02  
   1.3431875E+00     6.7171213E-02  
   1.3399673E+00     6.7063968E-02  
   1.3367978E+00     6.6958411E-02  
   1.3338737E+00     6.5469124E-02  
   1.3340266E+00     6.3959779E-02  
   1.3356398E+00     6.4826082E-02  
   1.3385670E+00     6.4599062E-02  
   1.3416395E+00     6.3091049E-02  
   1.3428240E+00     6.1869467E-02  
   1.3423785E+00     6.1102242E-02  
   1.3429084E+00     6.0785590E-02  
   1.3430900E+00     5.9828212E-02  
   1.3432515E+00     5.8902875E-02  
   1.3439664E+00     5.7479443E-02  
   1.3441153E+00     5.8253442E-02  
   1.3437347E+00     5.9290164E-02  
   1.3433406E+00     6.0344180E-02  
   1.3429464E+00     6.1398109E-02  
   1.3423176E+00     6.1716496E-02  
   1.3409123E+00     6.0914558E-02  
   1.3394363E+00     6.0036765E-02  
   1.3381365E+00     5.8939390E-02  
   1.3378121E+00     5.7854569E-02  
   1.3380245E+00     5.6872242E-02  
   1.3384322E+00     5.5908268E-02  
   1.3387051E+00     5.5761071E-02  
   1.3387221E+00     5.6120001E-02  
   1.3374670E+00     5.7818113E-02  
   1.3361414E+00     5.9524596E-02  
   1.3365938E+00     5.9431849E-02  
   1.3348516E+00     5.9643763E-02  
   1.3330030E+00     5.8283159E-02  
   1.3313888E+00     5.6842496E-02  
   1.3308851E+00     5.6464259E-02  
   1.3304314E+00     5.6133977E-02  
   1.3299632E+00     5.5793070E-02  
   1.3294891E+00     5.5447919E-02  
   1.3289967E+00     5.5089429E-02  
   1.3284916E+00     5.4721693E-02  
   1.3279960E+00     5.4360862E-02  
   1.3274873E+00     5.3990527E-02  
   1.3275232E+00     5.3934967E-02  
   1.3279152E+00     5.3954750E-02  
   1.3282940E+00     5.3933921E-02  
   1.3279441E+00     5.4252395E-02  
   1.3272940E+00     5.4708276E-02  
   1.3266590E+00     5.5153562E-02  
   1.3259593E+00     5.6204533E-02  
   1.3252692E+00     5.7255581E-02  
   1.3245442E+00     5.8359708E-02  
   1.3238532E+00     5.9411950E-02  
   1.3231738E+00     6.0446602E-02  
   1.3213514E+00     6.2138859E-02  
   1.3195304E+00     6.3812774E-02  
   1.3181271E+00     6.5038298E-02  
   1.3181370E+00     6.4467294E-02  
   1.3184196E+00     6.3540758E-02  
   1.3187089E+00     6.2591871E-02  
   1.3182694E+00     6.0093162E-02  
   1.3176740E+00     5.7290391E-02  
   1.3170855E+00     5.4520268E-02  
   1.3164911E+00     5.1721977E-02  
   1.3154590E+00     4.9540680E-02  
   1.3153510E+00     4.8312240E-02  
   1.3152815E+00     4.7121251E-02  
   1.3152108E+00     4.5911303E-02  
   1.3151402E+00     4.4702143E-02  
   1.3150705E+00     4.3509713E-02  
   1.3150006E+00     4.2312287E-02  
   1.3149307E+00     4.1114861E-02  
   1.3148569E+00     3.9851502E-02  
   1.3147937E+00     3.8769733E-02  
   1.3148950E+00     3.7755636E-02  
   1.3151928E+00     3.6835280E-02  
   1.3152052E+00     3.7122236E-02  
   1.3152481E+00     3.7585428E-02  
   1.3153297E+00     3.8289905E-02  
   1.3154045E+00     3.8937225E-02  
   1.3154794E+00     3.9584545E-02  
   1.3155619E+00     4.0297404E-02  
   1.3154442E+00     4.0375315E-02  
