0.0427843 119 79 2
0.20069 118 78 3
0.202404 117 77 4
0.202435 116 76 5
0.298708 115 75 6
0.362407 114 74 7
0.418883 113 73 8
0.422122 114 73 8
0.515803 115 73 8
0.516789 115 74 8
0.633644 114 73 9
0.771179 113 72 10
0.775939 112 71 11
0.952833 113 71 11
0.993835 112 70 12
1.05549 111 69 13
1.06901 110 68 14
1.24551 109 67 15
1.36807 108 66 16
1.38834 107 65 17
1.48613 106 64 18
1.57097 107 64 18
1.66501 106 63 19
1.78066 105 62 20
1.80078 104 61 21
1.86135 103 60 22
1.8615 102 59 23
1.88404 101 58 24
2.07023 102 58 24
2.1527 101 57 25
2.32806 100 56 26
2.49366 99 55 27
2.51153 98 54 28
2.5176 98 55 28
2.58762 99 55 28
2.63013 99 56 28
3.17331 98 55 29
3.40496 99 55 29
3.48575 100 55 29
3.53714 100 55 28
3.5713 99 54 29
3.62781 98 53 30
3.71547 97 52 31
3.93379 96 51 32
4.02742 95 50 33
4.19172 94 49 34
4.24494 93 48 35
4.3495 93 48 34
4.43497 92 47 35
4.56426 91 46 36
4.58913 90 45 37
4.92892 89 44 38
5.02892 88 43 39
5.13726 87 42 40
5.37646 87 42 39
5.50935 86 41 40
5.92644 85 40 41
6.18346 84 39 42
6.21557 85 39 42
6.33325 86 39 42
6.36755 86 39 41
6.408 86 40 41
6.42652 86 41 41
6.78835 87 41 41
7.20758 88 41 41
7.35069 87 40 42
7.45225 88 40 42
7.68055 87 39 43
7.71925 86 38 44
8.50156 86 38 43
8.52818 85 37 44
8.53283 84 36 45
8.63827 84 37 45
8.74862 83 36 46
9.08038 82 35 47
9.1306 81 34 48
9.55988 80 33 49
9.97395 81 33 49
10.0702 80 32 50
10.676 79 31 51
10.923 80 31 51
11.0534 81 31 51
11.2454 81 32 51
11.4146 82 32 51
11.4161 82 33 51
11.4635 82 34 51
11.6223 83 34 51
11.6546 84 34 51
11.9813 83 33 52
12.0085 83 34 52
12.057 82 33 53
12.1915 81 32 54
12.3743 80 31 55
12.4234 81 31 55
12.5995 80 30 56
12.9554 79 29 57
13.0788 78 28 58
13.179 78 29 58
13.4757 79 29 58
13.4831 78 28 59
13.7649 77 27 60
13.9427 77 28 60
14.0296 76 27 61
14.0597 77 27 61
14.2955 78 27 61
14.322 78 27 60
14.62 79 27 60
15.1939 79 28 60
15.2625 80 28 60
15.3077 80 28 59
15.32 79 27 60
15.3217 78 26 61
15.4966 79 26 61
15.5013 78 25 62
15.5848 78 25 61
15.7526 77 24 62
15.8914 76 23 63
15.8985 77 23 63
16.0059 76 22 64
16.0185 76 23 64
16.0545 76 24 64
16.1403 75 23 65
16.5377 75 23 64
16.6136 76 23 64
16.7275 75 22 65
17.2304 74 21 66
17.6659 75 21 66
17.8024 74 20 67
17.8297 74 21 67
18.1557 75 21 67
18.271 75 22 67
18.3568 74 21 68
18.808 75 21 68
19.1245 75 21 67
19.4959 75 22 67
19.6917 75 22 66
19.9095 76 22 66
20.1347 75 21 67
20.248 76 21 67
20.6126 76 22 67
20.9169 77 22 67
20.9327 78 22 67
20.9428 77 21 68
20.9562 76 20 69
21.5411 76 20 68
21.577 76 21 68
21.9459 76 22 68
22.3078 75 21 69
22.4731 74 20 70
22.4969 75 20 70
22.5613 75 21 70
22.9124 75 21 69
23.0908 76 21 69
23.1079 75 20 70
23.1313 75 21 70
23.1513 74 20 71
23.5785 73 19 72
23.998 73 20 72
24.1531 72 19 73
24.4055 71 18 74
24.6369 71 18 73
24.6811 70 17 74
25.0633 71 17 74
25.0801 70 16 75
25.1999 69 15 76
25.2344 68 14 77
25.4742 67 13 78
25.6508 68 13 78
25.8601 68 14 78
25.9662 69 14 78
26.5387 69 14 77
27.7429 70 14 77
27.9026 70 15 77
28.0429 70 16 77
28.2533 70 17 77
28.3345 71 17 77
28.3547 72 17 77
28.7764 72 18 77
28.9296 71 17 78
29.1483 71 17 77
29.2518 70 16 78
29.2852 69 15 79
29.5078 69 15 78
29.5843 69 15 77
29.9736 69 16 77
30.5002 69 17 77
30.5031 68 16 78
30.6351 68 16 77
30.791 69 16 77
30.8136 68 15 78
31.379 68 16 78
31.4233 68 17 78
32.118 68 17 77
32.2041 68 17 76
32.2961 68 17 75
32.3152 68 17 74
32.4311 68 18 74
32.4486 69 18 74
32.6556 68 17 75
32.8771 67 16 76
33.0624 68 16 76
33.3226 68 17 76
33.6217 68 17 75
34.0037 67 16 76
34.0921 68 16 76
34.4478 68 17 76
34.4601 68 18 76
34.7689 67 17 77
34.9349 68 17 77
35.0707 68 18 77
35.0791 68 19 77
35.0918 68 20 77
35.2728 68 20 76
35.3633 69 20 76
35.4446 69 20 75
35.7503 69 21 75
35.8406 69 21 74
36.3892 69 22 74
36.4761 70 22 74
36.6057 69 21 75
36.7874 68 20 76
37.2663 68 20 75
38.7918 68 21 75
38.8504 67 20 76
39.0485 67 21 76
39.2253 67 22 76
39.4657 66 21 77
39.9819 66 21 76
40.0475 65 20 77
40.4256 65 21 77
40.5826 64 20 78
40.8766 63 19 79
41.0749 63 20 79
41.1077 63 20 78
41.5059 64 20 78
42.0768 63 19 79
42.1945 64 19 79
42.6502 65 19 79
42.6796 65 19 78
43.056 66 19 78
43.1862 66 20 78
43.2515 66 20 77
43.3662 66 20 76
43.7468 67 20 76
43.9749 67 20 75
43.9783 68 20 75
44.0684 67 19 76
44.3453 66 18 77
44.6441 65 17 78
44.6514 65 17 77
45.4523 65 18 77
45.5011 64 17 78
45.9544 65 17 78
46.3952 66 17 78
46.5161 66 17 77
46.6511 65 16 78
46.819 66 16 78
46.9079 66 16 77
47.3203 67 16 77
47.3458 67 17 77
47.9197 67 18 77
48.1436 67 18 76
48.3719 68 18 76
48.8224 68 19 76
49.6837 67 18 77
50.6986 68 18 77
50.9664 68 19 77
51.171 68 20 77
51.2656 67 19 78
51.4986 66 18 79
53.1644 66 19 79
53.3084 66 19 78
53.9918 66 19 77
54.1324 66 20 77
54.1572 65 19 78
54.5512 66 19 78
54.8261 66 20 78
54.9243 66 20 77
55.2201 66 20 76
55.6685 67 20 76
55.9374 68 20 76
56.0732 67 19 77
56.2859 68 19 77
56.3703 68 19 76
56.5354 69 19 76
57.2683 69 19 75
57.2921 70 19 75
57.5811 70 20 75
57.7233 69 19 76
57.7558 68 18 77
57.9227 69 18 77
58.3223 68 17 78
58.3637 68 17 77
59.0123 68 17 76
59.0938 68 18 76
59.1745 67 17 77
59.618 66 16 78
59.6949 65 15 79
59.7371 64 14 80
60.0854 63 13 81
60.4188 63 13 80
60.515 62 12 81
61.0438 61 11 82
61.7203 61 11 81
62.68 60 10 82
62.8621 60 11 82
63.1565 60 12 82
63.3074 59 11 83
63.3268 59 12 83
63.719 59 12 82
63.7516 59 12 81
63.8192 59 13 81
64.0618 58 12 82
64.3253 59 12 82
64.4209 58 11 83
64.6192 59 11 83
64.6275 59 12 83
64.811 59 13 83
65.0549 59 13 82
65.1383 58 12 83
65.151 57 11 84
65.2607 57 12 84
65.3257 58 12 84
65.3622 57 11 85
65.6586 56 10 86
65.7073 56 11 86
66.7567 56 12 86
66.7573 56 12 85
66.7726 56 12 84
67.6581 57 12 84
67.9516 56 11 85
68.2239 56 11 84
68.2346 57 11 84
69.0345 57 11 83
69.0382 56 10 84
69.168 55 9 85
69.4906 55 9 84
70.1307 55 10 84
70.6304 55 10 83
70.8341 56 10 83
71.1839 55 9 84
71.3031 55 9 83
71.7118 55 10 83
71.7128 55 10 82
72.1361 55 10 81
72.3816 55 11 81
72.8215 56 11 81
72.9822 55 10 82
74.2782 54 9 83
74.5271 54 10 83
74.6413 54 10 82
75.3831 54 11 82
75.4791 53 10 83
75.5361 54 10 83
75.7519 54 10 82
75.7597 55 10 82
75.9791 55 10 81
75.9884 55 11 81
76.8491 55 12 81
77.0255 54 11 82
77.6223 55 11 82
77.8311 55 11 81
77.895 54 10 82
78.2856 54 10 81
78.9974 54 11 81
79.1795 54 11 80
79.9127 54 12 80
80.0549 55 12 80
80.0901 55 12 79
80.2648 55 13 79
80.2949 55 14 79
80.7512 55 15 79
80.9582 55 16 79
81.3196 55 17 79
81.5072 56 17 79
81.6523 57 17 79
81.7725 57 17 78
81.7885 57 18 78
81.9495 57 19 78
82.0446 56 18 79
82.0637 55 17 80
82.1939 55 18 80
82.5298 55 19 80
82.7734 54 18 81
83.2342 55 18 81
83.3579 56 18 81
83.6139 56 19 81
83.6944 57 19 81
83.7949 58 19 81
84.0666 58 19 80
84.275 57 18 81
84.4105 58 18 81
84.4236 58 18 80
84.5925 59 18 80
84.5967 58 17 81
84.7515 57 16 82
84.8514 57 17 82
84.9453 56 16 83
85.0606 55 15 84
85.4515 55 16 84
86.051 55 16 83
86.1813 55 16 82
86.2615 54 15 83
86.3236 54 15 82
86.4836 55 15 82
86.6119 55 16 82
86.6295 56 16 82
87.6142 57 16 82
87.8141 58 16 82
88.547 58 16 81
88.6114 57 15 82
89.3244 57 16 82
89.4072 56 15 83
89.4561 56 15 82
89.97 56 16 82
90.0506 57 16 82
90.0897 57 16 81
90.3652 56 15 82
90.8579 57 15 82
90.8693 58 15 82
91.4278 58 15 81
91.4474 57 14 82
92.1105 58 14 82
92.1808 59 14 82
92.6646 60 14 82
92.8044 60 14 81
93.303 60 15 81
93.6427 60 15 80
93.858 60 15 79
93.9959 59 14 80
94.2416 59 15 80
94.7368 60 15 80
94.9366 60 16 80
95.3158 59 15 81
95.9511 59 15 80
96.0003 59 15 79
96.0131 59 15 78
96.1095 60 15 78
96.2537 61 15 78
96.2635 60 14 79
96.546 60 14 78
97.6282 60 14 77
98.2961 61 14 77
98.6223 62 14 77
99.0676 61 13 78
99.0731 61 14 78
99.0923 61 15 78
99.2509 62 15 78
99.8217 62 16 78
99.8862 62 16 77
100.316 62 17 77
100.427 62 18 77
100.626 62 19 77
100.801 61 18 78
100.828 61 18 77
101.617 61 19 77
101.619 60 18 78
101.63 61 18 78
101.98 60 17 79
102.357 61 17 79
102.706 60 16 80
102.781 61 16 80
102.976 61 16 79
103.265 62 16 79
103.279 61 15 80
103.37 61 16 80
103.379 60 15 81
104.409 61 15 81
104.493 61 16 81
104.552 61 16 80
104.602 62 16 80
104.646 63 16 80
104.647 63 16 79
105.03 63 16 78
105.513 63 17 78
105.692 63 17 77
105.999 63 17 76
106.139 62 16 77
106.255 61 15 78
106.577 60 14 79
106.612 60 14 78
107.233 60 15 78
107.859 60 16 78
108.058 59 15 79
108.084 60 15 79
108.205 59 14 80
108.262 60 14 80
108.346 61 14 80
108.449 61 14 79
108.753 61 15 79
108.808 61 16 79
109.167 62 16 79
109.239 62 16 78
109.29 61 15 79
109.77 61 15 78
110.176 61 15 77
110.489 60 14 78
110.715 60 15 78
110.747 60 15 77
110.856 60 16 77
111.097 60 17 77
111.581 61 17 77
111.677 60 16 78
111.695 60 16 77
111.784 59 15 78
111.975 58 14 79
112.016 57 13 80
112.105 57 13 79
112.182 58 13 79
112.422 58 13 78
112.647 57 12 79
112.695 56 11 80
112.965 55 10 81
113.058 55 10 80
113.138 55 10 79
113.283 56 10 79
113.366 57 10 79
113.443 58 10 79
113.519 58 11 79
113.607 58 12 79
113.895 58 12 78
113.956 58 12 77
114.041 58 13 77
114.042 59 13 77
114.216 59 14 77
114.434 60 14 77
114.591 61 14 77
114.734 61 15 77
114.775 61 15 76
115.24 61 16 76
115.475 60 15 77
115.737 61 15 77
115.744 61 15 76
116.16 61 16 76
116.341 61 17 76
116.573 62 17 76
116.789 63 17 76
116.922 63 17 75
117.02 62 16 76
117.021 61 15 77
117.091 62 15 77
117.22 61 14 78
117.55 61 14 77
117.7 61 14 76
117.777 61 15 76
118.037 62 15 76
118.707 62 16 76
118.972 61 15 77
119.418 60 14 78
119.589 59 13 79
119.846 59 13 78
119.875 58 12 79
120.149 57 11 80
120.211 56 10 81
120.635 56 11 81
120.669 56 12 81
120.836 57 12 81
121.591 57 12 80
121.75 57 13 80
121.754 56 12 81
121.8 56 13 81
122.023 57 13 81
122.032 56 12 82
122.156 56 13 82
122.259 55 12 83
122.826 56 12 83
122.908 57 12 83
123.097 56 11 84
123.904 55 10 85
124.222 55 11 85
124.435 56 11 85
124.55 56 12 85
125.27 56 13 85
125.502 56 14 85
125.59 56 14 84
125.964 56 14 83
126.208 56 14 82
126.456 55 13 83
126.558 55 13 82
126.786 55 14 82
127.244 54 13 83
127.364 55 13 83
127.565 55 14 83
127.662 55 14 82
128.411 56 14 82
128.679 56 14 81
128.823 57 14 81
129.288 56 13 82
129.936 55 12 83
130.225 56 12 83
130.613 56 12 82
130.736 55 11 83
131.236 55 12 83
131.341 56 12 83
131.44 55 11 84
131.661 56 11 84
132.146 55 10 85
132.23 54 9 86
133 54 10 86
133.72 54 11 86
134.015 55 11 86
134.147 55 11 85
134.344 55 11 84
134.447 55 11 83
134.822 56 11 83
134.99 56 12 83
135.064 56 12 82
135.284 55 11 83
135.319 56 11 83
135.518 55 10 84
135.743 55 11 84
135.827 54 10 85
136.56 53 9 86
136.856 53 10 86
136.896 53 11 86
137.043 53 12 86
137.047 53 12 85
137.184 53 12 84
138.781 53 13 84
139.087 53 13 83
139.158 54 13 83
139.283 54 14 83
139.623 54 14 82
140.215 53 13 83
140.822 53 14 83
140.905 54 14 83
141.429 53 13 84
141.487 52 12 85
141.52 53 12 85
141.592 52 11 86
141.887 52 12 86
141.923 52 12 85
142.178 53 12 85
143.069 54 12 85
143.159 55 12 85
143.302 55 12 84
143.394 55 13 84
144.049 55 13 83
144.061 55 14 83
144.544 55 14 82
144.909 55 14 81
145.394 54 13 82
145.939 54 13 81
146.353 54 13 80
146.414 54 13 79
146.558 55 13 79
146.617 56 13 79
146.875 55 12 80
147.033 56 12 80
147.319 55 11 81
147.452 55 11 80
147.934 54 10 81
147.977 54 10 80
148.218 54 10 79
148.666 54 11 79
148.746 53 10 80
148.844 54 10 80
149.247 54 11 80
149.4 54 12 80
149.548 55 12 80
150.338 56 12 80
150.48 55 11 81
150.667 55 12 81
150.878 55 13 81
151.166 55 14 81
151.258 56 14 81
151.7 55 13 82
151.836 55 14 82
151.843 54 13 83
152.029 55 13 83
152.183 55 14 83
152.606 56 14 83
152.62 57 14 83
152.984 57 14 82
153.02 57 14 81
153.031 57 14 80
153.586 56 13 81
153.845 56 13 80
154.006 55 12 81
154.167 56 12 81
154.28 57 12 81
154.889 58 12 81
154.925 58 13 81
156.25 58 13 80
156.577 59 13 80
156.773 60 13 80
157 59 12 81
157.029 60 12 81
157.257 60 12 80
157.771 61 12 80
157.899 60 11 81
157.932 60 12 81
158.185 60 13 81
158.563 61 13 81
158.608 62 13 81
159.115 61 12 82
159.33 61 13 82
159.731 61 13 81
160.666 61 13 80
160.781 62 13 80
160.876 62 14 80
160.9 62 14 79
161.322 63 14 79
161.664 63 15 79
161.875 64 15 79
162.601 64 15 78
162.683 64 15 77
162.7 63 14 78
162.701 63 14 77
162.872 63 14 76
163.439 63 14 75
163.628 62 13 76
163.683 61 12 77
163.757 62 12 77
163.837 61 11 78
163.924 62 11 78
164.209 62 12 78
164.211 62 12 77
164.292 62 13 77
164.401 62 14 77
165.05 63 14 77
165.054 63 14 76
165.321 64 14 76
165.469 64 15 76
165.651 65 15 76
166.831 64 14 77
167.08 65 14 77
167.157 65 15 77
168.285 66 15 77
169 65 14 78
169.022 66 14 78
169.366 66 15 78
169.459 66 16 78
170.259 66 17 78
170.294 66 18 78
171.036 66 18 77
171.082 66 18 76
171.22 65 17 77
171.698 66 17 77
171.742 65 16 78
171.783 64 15 79
172.812 64 16 79
173.489 64 16 78
173.804 65 16 78
174.007 65 17 78
174.016 64 16 79
174.416 65 16 79
174.58 66 16 79
174.854 66 16 78
175.519 66 17 78
175.737 66 18 78
175.741 66 18 77
176.001 65 17 78
176.843 66 17 78
177.306 66 17 77
177.512 66 18 77
177.754 66 19 77
177.757 65 18 78
178.229 65 18 77
178.23 64 17 78
179.023 65 17 78
179.095 65 18 78
179.105 66 18 78
179.486 67 18 78
179.84 67 19 78
180.267 66 18 79
180.802 66 19 79
180.927 65 18 80
180.98 66 18 80
182.059 67 18 80
182.097 66 17 81
182.162 65 16 82
182.687 65 17 82
183.11 66 17 82
183.688 65 16 83
183.997 64 15 84
184.071 64 15 83
184.082 63 14 84
184.138 63 15 84
184.54 63 16 84
185.116 63 17 84
185.135 62 16 85
185.265 61 15 86
185.625 61 15 85
185.664 61 15 84
185.868 62 15 84
185.978 61 14 85
187.019 60 13 86
187.243 60 13 85
187.31 60 13 84
187.416 59 12 85
187.453 59 13 85
187.758 59 14 85
187.984 59 14 84
188.101 59 14 83
189.038 59 15 83
189.087 59 15 82
189.104 59 16 82
189.426 60 16 82
189.688 59 15 83
190.665 60 15 83
190.821 60 15 82
191.014 60 15 81
191.371 59 14 82
191.573 58 13 83
191.628 58 13 82
191.895 59 13 82
192.081 59 13 81
192.119 59 14 81
192.253 59 15 81
192.282 58 14 82
192.589 59 14 82
192.897 60 14 82
193 60 15 82
193.783 59 14 83
194.051 59 14 82
194.128 59 14 81
195.312 59 15 81
195.817 59 15 80
196.393 59 16 80
196.74 58 15 81
196.748 59 15 81
197.563 59 16 81
197.571 59 17 81
197.707 59 18 81
197.921 58 17 82
198.518 57 16 83
199.038 57 16 82
199.292 57 16 81
200.897 56 15 82
