0.125321 119 79 2
0.456131 118 78 3
0.499446 117 77 4
0.501457 116 76 5
0.619532 115 75 6
0.683181 116 75 6
0.733838 115 74 7
0.759581 114 73 8
0.783652 113 72 9
0.788557 112 71 10
0.838847 111 70 11
0.894189 110 69 12
0.944215 109 68 13
1.06565 108 67 14
1.15939 107 66 15
1.17882 106 65 16
1.46871 105 64 17
1.57021 104 63 18
1.73183 103 62 19
1.73918 103 63 19
1.94783 102 62 20
1.95449 101 61 21
2.00692 100 60 22
2.30774 99 59 23
2.42048 98 58 24
2.78142 97 57 25
2.89247 96 56 26
3.20395 97 56 26
3.3386 98 56 26
3.66323 97 55 27
3.75976 96 54 28
3.92768 95 53 29
4.058 94 52 30
4.10022 93 51 31
4.15314 92 50 32
4.27549 91 49 33
4.29981 90 48 34
4.5066 89 47 35
4.65022 90 47 35
4.68504 89 46 36
4.80394 88 45 37
4.83407 87 44 38
5.03162 86 43 39
5.28975 86 43 38
5.32959 85 42 39
5.45887 86 42 39
5.56831 87 42 39
5.77253 86 41 40
5.93901 85 40 41
6.06909 84 39 42
6.67505 85 39 42
7.21372 84 38 43
7.53529 85 38 43
7.86571 85 39 43
8.13253 84 38 44
8.23456 83 37 45
8.23504 84 37 45
8.28272 84 37 44
8.29758 84 38 44
8.59767 83 37 45
8.62515 82 36 46
8.78259 81 35 47
8.80223 81 35 46
8.86957 82 35 46
9.1713 81 34 47
9.19691 80 33 48
9.30215 80 34 48
9.33792 80 35 48
9.34651 79 34 49
9.42511 80 34 49
10.0065 79 33 50
10.6451 78 32 51
10.842 77 31 52
10.9831 76 30 53
11.8992 75 29 54
11.9736 75 30 54
12.2068 76 30 54
12.4083 75 29 55
12.6644 74 28 56
12.7229 74 28 55
12.8007 73 27 56
13.3653 72 26 57
13.9616 72 27 57
14.0662 71 26 58
14.6624 70 25 59
14.7935 69 24 60
14.9715 68 23 61
14.9931 68 24 61
15.003 67 23 62
15.072 66 22 63
15.2398 66 22 62
15.5055 66 22 61
15.8313 65 21 62
15.874 64 20 63
16.2476 64 20 62
16.2709 63 19 63
16.7447 62 18 64
17.0144 62 19 64
17.0581 61 18 65
17.2369 61 19 65
17.2727 60 18 66
17.6868 60 19 66
18.3163 60 20 66
18.4646 59 19 67
18.8642 59 19 66
19.1368 60 19 66
19.6417 60 19 65
19.72 61 19 65
19.7209 62 19 65
19.7333 62 20 65
19.786 62 21 65
19.8509 62 21 64
20.0052 62 21 63
20.0271 61 20 64
20.0439 62 20 64
20.0763 63 20 64
20.3783 63 20 63
20.5142 64 20 63
21.0982 65 20 63
21.1211 66 20 63
21.4073 67 20 63
21.6606 66 19 64
22.0726 67 19 64
22.5302 68 19 64
22.7542 68 20 64
22.8754 69 20 64
22.9305 70 20 64
24.2175 71 20 64
24.3191 70 19 65
24.3694 70 20 65
24.5667 69 19 66
24.8645 69 19 65
25.131 70 19 65
25.1937 69 18 66
25.1994 70 18 66
26.2096 70 19 66
26.8107 69 18 67
26.8658 69 19 67
26.9342 68 18 68
27.4656 67 17 69
27.786 68 17 69
28.6155 69 17 69
29.182 68 16 70
29.354 68 17 70
29.3721 69 17 70
29.7946 69 18 70
30.5696 69 18 69
31.0065 68 17 70
31.0447 68 17 69
31.3439 68 18 69
31.5966 68 18 68
31.6081 68 18 67
31.6456 67 17 68
31.8137 67 18 68
31.819 67 19 68
32.0461 68 19 68
32.1045 69 19 68
32.1388 70 19 68
32.5006 70 20 68
32.611 69 19 69
32.6149 69 20 69
32.9805 69 21 69
33.0117 68 20 70
33.174 69 20 70
33.1823 69 20 69
33.1855 68 19 70
33.4835 69 19 70
33.7534 68 18 71
34.0371 69 18 71
34.2312 68 17 72
34.3555 68 17 71
34.3706 68 17 70
34.5305 68 17 69
34.6064 68 17 68
34.7928 68 18 68
35.0839 69 18 68
35.3641 68 17 69
36.105 67 16 70
36.2618 66 15 71
36.3396 66 16 71
36.4195 66 16 70
36.426 66 16 69
36.8695 67 16 69
37.034 67 17 69
37.0983 66 16 70
37.3164 67 16 70
37.3868 66 15 71
37.6806 66 16 71
37.8292 65 15 72
37.839 65 16 72
38.7802 65 16 71
38.9046 65 17 71
39.4303 65 18 71
39.5056 64 17 72
40.3611 64 18 72
40.7919 64 18 71
41.0919 64 19 71
41.4608 64 20 71
41.8697 65 20 71
41.9656 66 20 71
42.3418 65 19 72
42.9547 65 19 71
43.0383 65 20 71
43.668 66 20 71
44.2783 66 21 71
44.5034 65 20 72
44.5563 65 20 71
44.9092 65 21 71
45.0382 65 22 71
45.0621 66 22 71
45.4114 67 22 71
45.4492 67 23 71
45.5752 68 23 71
46.2914 69 23 71
46.5694 68 22 72
46.8975 69 22 72
47.1549 69 22 71
47.3065 70 22 71
47.6477 71 22 71
48.3172 72 22 71
48.6803 72 23 71
48.7108 71 22 72
49.013 70 21 73
49.2102 70 21 72
49.2313 70 21 71
49.6934 70 21 70
49.7136 71 21 70
49.9909 71 22 70
50.3357 72 22 70
51.7928 71 21 71
52.1971 70 20 72
52.2366 71 20 72
53.8854 71 20 71
53.9729 72 20 71
53.9803 73 20 71
54.0115 74 20 71
54.0615 75 20 71
54.1217 74 19 72
54.4158 73 18 73
54.4418 72 17 74
54.6457 72 18 74
54.6812 72 19 74
54.9087 71 18 75
55.1224 72 18 75
55.4989 71 17 76
55.672 71 17 75
55.7512 70 16 76
55.8615 69 15 77
56.2134 68 14 78
56.3566 67 13 79
56.5546 67 13 78
56.939 67 13 77
57.0031 67 14 77
57.0488 68 14 77
57.327 69 14 77
57.3495 69 15 77
57.6666 69 16 77
57.8303 70 16 77
57.8593 69 15 78
58.0639 69 16 78
58.1613 70 16 78
58.382 69 15 79
58.4233 69 15 78
58.5237 69 15 77
58.5647 70 15 77
59.0032 69 14 78
59.1825 69 14 77
59.1933 69 14 76
59.3041 69 15 76
59.3246 69 15 75
59.6108 68 14 76
59.6209 69 14 76
59.6481 69 15 76
59.7412 69 16 76
59.9985 70 16 76
60.4527 69 15 77
60.9706 69 15 76
60.9933 68 14 77
62.0002 68 15 77
62.3831 67 14 78
63.3569 68 14 78
63.6307 67 13 79
64.1635 67 14 79
64.2802 66 13 80
64.3548 67 13 80
64.4083 67 13 79
64.4381 67 14 79
64.4714 66 13 80
64.4773 66 14 80
64.9095 66 15 80
64.9812 66 15 79
65.0176 65 14 80
65.1773 66 14 80
65.4491 66 15 80
65.5544 66 16 80
65.6331 67 16 80
65.7463 67 17 80
65.7511 66 16 81
67.0322 66 17 81
67.2349 67 17 81
67.2631 67 18 81
67.698 68 18 81
68.0903 68 19 81
68.2508 69 19 81
68.4042 69 20 81
68.5666 69 20 80
68.9434 68 19 81
69.0016 69 19 81
69.0667 70 19 81
69.1811 70 19 80
69.5062 70 20 80
69.7072 69 19 81
70.0562 70 19 81
70.1357 70 19 80
70.8087 69 18 81
70.8663 68 17 82
70.9239 67 16 83
70.9956 67 17 83
71.2711 68 17 83
71.8836 69 17 83
72.0516 69 18 83
72.0983 69 19 83
72.1732 68 18 84
73.0081 68 18 83
73.2 69 18 83
73.7542 68 17 84
73.7695 68 18 84
74.1042 69 18 84
74.1684 70 18 84
74.6118 70 18 83
74.8262 71 18 83
74.8762 70 17 84
75.1934 70 17 83
75.3362 71 17 83
75.4469 71 17 82
75.5 71 17 81
75.7781 71 18 81
76.0067 71 18 80
76.068 71 18 79
76.198 70 17 80
76.2208 70 18 80
76.2471 70 18 79
76.5021 70 18 78
77.0223 71 18 78
77.1799 70 17 79
77.3342 69 16 80
77.5101 69 17 80
77.9945 68 16 81
78.3379 68 16 80
78.819 68 16 79
79.1298 69 16 79
79.5493 69 17 79
79.9113 69 18 79
80.1783 69 19 79
80.2936 69 19 78
80.2964 70 19 78
80.7451 69 18 79
80.7926 69 18 78
80.8105 69 19 78
80.9443 69 19 77
81.0837 69 20 77
81.3032 69 20 76
81.4177 68 19 77
81.6616 68 19 76
82.2818 69 19 76
82.4382 69 19 75
82.5729 70 19 75
82.6676 70 19 74
82.7261 70 20 74
82.8998 70 20 73
83.3157 70 21 73
83.5054 70 21 72
83.5303 71 21 72
83.5616 72 21 72
84.4853 73 21 72
85.3277 73 21 71
85.7164 74 21 71
85.8435 74 21 70
85.8645 73 20 71
85.9012 73 21 71
86.3179 73 22 71
86.3902 73 23 71
86.513 72 22 72
86.7953 73 22 72
86.964 73 23 72
87.2788 73 24 72
87.5655 73 25 72
87.7821 72 24 73
87.8564 71 23 74
88.0408 70 22 75
88.1628 70 23 75
88.4206 70 24 75
88.9256 70 24 74
89.1184 69 23 75
89.3371 69 24 75
89.5378 70 24 75
89.6818 70 25 75
89.826 71 25 75
90.1181 71 26 75
90.5693 70 25 76
90.6195 71 25 76
91.1065 71 26 76
91.1736 70 25 77
92.1456 69 24 78
92.9135 68 23 79
92.9608 68 23 78
93.0243 67 22 79
93.0493 67 23 79
93.0664 68 23 79
93.6812 67 22 80
94.1171 67 22 79
94.4048 67 23 79
94.5546 68 23 79
94.7805 68 24 79
95.129 69 24 79
95.2783 68 23 80
95.5455 67 22 81
95.6532 66 21 82
96.1305 65 20 83
96.1743 66 20 83
96.2047 65 19 84
96.4287 65 20 84
96.4932 65 21 84
96.5461 65 21 83
96.791 65 22 83
96.8176 66 22 83
97.0763 65 21 84
97.3317 64 20 85
97.4537 65 20 85
97.6154 64 19 86
97.9698 63 18 87
98.1182 63 19 87
98.6349 63 20 87
98.963 62 19 88
99.351 63 19 88
99.4864 63 20 88
99.5768 64 20 88
99.6005 64 21 88
99.6906 64 21 87
100.086 64 21 86
100.174 64 22 86
100.21 64 22 85
100.376 63 21 86
100.399 63 21 85
100.41 62 20 86
100.542 62 20 85
100.681 61 19 86
100.859 61 20 86
100.927 60 19 87
100.961 60 19 86
101.392 60 20 86
101.922 60 20 85
102.308 60 20 84
102.721 60 20 83
102.764 61 20 83
102.811 61 20 82
102.895 61 21 82
103.038 62 21 82
103.213 63 21 82
103.41 62 20 83
103.545 62 21 83
103.921 61 20 84
103.978 61 20 83
104.112 62 20 83
104.386 63 20 83
104.472 64 20 83
104.609 63 19 84
104.801 64 19 84
104.977 64 20 84
105.051 64 21 84
105.519 64 21 83
105.569 64 22 83
105.803 64 22 82
105.961 63 21 83
106.365 62 20 84
106.745 62 20 83
107.723 61 19 84
107.738 61 20 84
107.767 61 21 84
107.799 62 21 84
107.836 63 21 84
107.94 62 20 85
108.637 61 19 86
108.785 61 19 85
109.462 60 18 86
109.495 59 17 87
109.534 60 17 87
110.127 61 17 87
110.13 61 17 86
110.488 62 17 86
110.529 63 17 86
110.711 64 17 86
110.931 64 18 86
110.998 65 18 86
111.011 64 17 87
111.117 63 16 88
111.406 64 16 88
111.486 63 15 89
111.617 62 14 90
112.019 62 15 90
112.314 62 15 89
113.169 62 15 88
113.751 63 15 88
113.931 64 15 88
114.121 64 16 88
114.701 64 16 87
115.002 63 15 88
115.09 63 15 87
115.12 64 15 87
115.288 64 15 86
115.691 65 15 86
115.711 66 15 86
116.497 67 15 86
116.744 66 14 87
116.96 66 14 86
118.617 66 15 86
118.62 66 15 85
118.677 67 15 85
118.736 66 14 86
118.846 67 14 86
119.095 67 14 85
119.233 66 13 86
119.802 66 14 86
120.136 67 14 86
120.19 66 13 87
120.704 66 13 86
121.632 67 13 86
121.905 67 13 85
122.049 67 13 84
122.662 67 14 84
122.891 68 14 84
123.075 69 14 84
123.444 69 14 83
123.516 68 13 84
123.789 68 13 83
124.751 69 13 83
124.954 69 14 83
125.123 68 13 84
125.743 68 14 84
126.543 68 14 83
126.575 67 13 84
126.645 67 13 83
127.375 68 13 83
127.733 68 14 83
127.781 68 14 82
127.954 67 13 83
128.567 67 14 83
128.805 68 14 83
129.069 68 15 83
129.22 67 14 84
129.602 66 13 85
129.642 67 13 85
129.864 68 13 85
130.152 68 13 84
130.364 67 12 85
130.631 66 11 86
130.668 67 11 86
130.926 68 11 86
131.039 67 10 87
131.441 67 10 86
132.455 67 10 85
132.512 67 10 84
132.945 68 10 84
132.963 69 10 84
133.005 69 10 83
133.367 70 10 83
133.812 70 10 82
133.835 71 10 82
133.866 71 11 82
134.107 70 10 83
134.358 70 11 83
134.426 70 11 82
134.599 70 12 82
134.659 70 13 82
135.059 69 12 83
135.558 68 11 84
135.831 68 11 83
136.05 69 11 83
136.543 68 10 84
136.602 67 9 85
136.8 66 8 86
137.091 67 8 86
137.685 66 7 87
137.932 66 8 87
138.413 65 7 88
138.932 66 7 88
139.072 66 7 87
139.607 66 8 87
139.946 66 8 86
139.951 66 9 86
139.999 65 8 87
140.003 66 8 87
140.669 65 7 88
141.16 66 7 88
141.397 66 8 88
141.606 66 9 88
141.694 65 8 89
142.032 65 9 89
142.631 66 9 89
142.79 67 9 89
142.905 66 8 90
143.302 67 8 90
144.71 67 8 89
145.437 67 8 88
145.865 67 9 88
146.185 68 9 88
146.902 69 9 88
147.51 70 9 88
147.58 70 10 88
147.591 70 10 87
147.682 70 11 87
147.685 69 10 88
147.715 70 10 88
147.919 71 10 88
148.325 71 10 87
148.469 71 10 86
148.817 71 11 86
148.879 72 11 86
148.933 73 11 86
149.113 72 10 87
149.328 71 9 88
149.74 72 9 88
149.767 72 10 88
149.927 72 11 88
150.439 72 11 87
151.2 73 11 87
151.419 74 11 87
151.513 74 11 86
151.843 74 11 85
151.862 74 11 84
152.166 75 11 84
152.782 76 11 84
152.821 75 10 85
153.001 75 11 85
153.103 75 12 85
153.578 76 12 85
153.645 77 12 85
153.768 76 11 86
153.79 75 10 87
154.002 76 10 87
154.169 77 10 87
154.496 76 9 88
154.649 75 8 89
154.898 75 8 88
154.971 74 7 89
155.032 75 7 89
155.034 75 8 89
156.292 76 8 89
156.309 76 9 89
156.611 76 10 89
156.692 75 9 90
156.891 75 10 90
157.102 75 10 89
157.18 75 11 89
157.599 76 11 89
157.958 76 12 89
157.969 76 12 88
158.078 75 11 89
158.312 74 10 90
158.664 74 10 89
158.701 74 11 89
159.58 74 11 88
159.843 74 12 88
159.973 75 12 88
160.295 75 12 87
160.786 74 11 88
161.448 74 12 88
161.806 73 11 89
161.875 74 11 89
162.22 75 11 89
162.295 75 11 88
162.593 75 12 88
162.873 75 12 87
163.011 74 11 88
163.518 75 11 88
163.577 75 12 88
163.738 75 12 87
163.904 76 12 87
164.256 75 11 88
164.303 75 11 87
164.55 75 12 87
164.719 74 11 88
165.107 74 12 88
165.64 73 11 89
165.712 73 12 89
165.951 72 11 90
166.393 71 10 91
166.559 71 10 90
167.789 71 11 90
167.986 70 10 91
168.531 71 10 91
169.093 72 10 91
169.503 73 10 91
169.781 74 10 91
170.124 74 10 90
170.506 73 9 91
170.599 74 9 91
170.953 73 8 92
171.983 73 8 91
172.449 74 8 91
172.543 74 9 91
172.726 75 9 91
172.819 75 9 90
173.238 76 9 90
173.741 77 9 90
173.807 77 10 90
173.924 76 9 91
173.997 75 8 92
174.819 75 9 92
175.045 75 10 92
175.419 76 10 92
176.28 76 10 91
176.467 76 10 90
176.561 76 11 90
176.577 76 12 90
176.658 77 12 90
176.915 76 11 91
176.983 76 11 90
178.082 75 10 91
178.243 76 10 91
178.323 76 11 91
178.714 76 12 91
178.91 77 12 91
179.865 77 12 90
179.88 78 12 90
180.166 77 11 91
180.179 78 11 91
180.584 78 12 91
181.396 78 13 91
181.441 77 12 92
182.095 76 11 93
182.133 76 12 93
182.442 75 11 94
182.542 75 12 94
182.747 76 12 94
182.825 77 12 94
182.98 77 13 94
183.001 76 12 95
183.261 76 12 94
183.336 75 11 95
183.515 75 12 95
183.534 74 11 96
184.146 74 11 95
184.317 74 11 94
184.347 74 11 93
184.445 74 11 92
185.523 74 11 91
185.893 74 12 91
186.382 74 13 91
186.397 74 14 91
186.593 74 14 90
186.61 74 14 89
187.216 75 14 89
187.649 74 13 90
187.767 75 13 90
187.931 74 12 91
187.994 74 13 91
188.469 74 14 91
188.617 73 13 92
188.741 73 14 92
188.859 73 15 92
189.484 73 15 91
189.918 73 15 90
190.052 72 14 91
190.175 72 14 90
191.015 73 14 90
191.111 73 14 89
191.231 74 14 89
191.786 74 14 88
191.853 74 15 88
192.008 75 15 88
192.142 74 14 89
192.769 74 14 88
192.826 74 15 88
193.101 74 16 88
193.318 73 15 89
193.448 73 16 89
193.951 72 15 90
194.043 71 14 91
194.552 70 13 92
194.571 70 14 92
194.868 69 13 93
194.907 69 14 93
195.381 68 13 94
195.576 67 12 95
195.961 66 11 96
196.577 66 12 96
196.636 66 13 96
196.692 65 12 97
196.693 66 12 97
196.705 66 13 97
196.966 66 14 97
197.311 67 14 97
197.351 67 15 97
197.599 67 16 97
198.143 68 16 97
198.285 68 17 97
198.459 69 17 97
198.518 68 16 98
198.542 67 15 99
198.63 67 15 98
198.886 68 15 98
198.904 68 15 97
198.977 68 16 97
199.661 67 15 98
199.674 67 15 97
199.878 66 14 98
200.239 65 13 99
