2 14.4275 0.216944
6 34.3314 0.291067
10 47.57 0.158378
14 57.8451 0.293621
18 63.7669 0.678666
22 68.5056 0.182342
26 69.8015 0.243015
30 70.8063 0.64471
34 73.8717 0.469736
38 74.9503 0.79145
42 76.2224 0.493798
46 76.1615 0.891118
50 73.5182 1.00935
54 76.3755 0.757162
58 80.1225 0.682386
62 81.2863 1.05981
66 83.8078 0.950829
70 85.8487 0.987004
74 86.671 0.910331
78 87.5529 1.0521
82 88.5005 0.842712
86 88.8945 0.856614
90 90.3897 0.707933
94 90.3989 1.05328
98 91.2092 0.787576
102 90.4693 0.630702
106 91.4089 0.404783
110 90.7706 0.495876
114 91.531 0.510402
118 92.2933 0.718144
122 93.1709 0.687364
126 94.1396 0.685085
130 93.1577 0.471656
134 92.1102 0.529555
138 92.6357 0.36739
142 92.4508 0.294527
146 90.6655 0.327047
150 89.4488 1.07801
154 91.4234 1.3254
158 92.6468 1.36584
162 92.0689 1.31882
166 91.9826 1.44323
170 92.2648 1.20815
174 94.1104 1.55096
178 92.6202 1.4004
182 93.9982 1.70341
186 96.0016 1.7873
190 95.3948 1.46495
194 98.7981 2.22194
198 96.5687 1.37566
