0.0129487 119 79 2
0.0184665 120 79 2
0.386739 119 78 3
0.446767 118 77 4
0.451172 117 76 5
0.490206 116 75 6
0.492165 115 74 7
0.531846 114 73 8
0.550695 113 72 9
0.556046 112 71 10
0.57092 111 70 11
0.591914 110 69 12
0.801623 109 68 13
0.812897 109 68 12
0.856666 108 67 13
1.0145 107 66 14
1.11836 108 66 14
1.24007 108 67 14
1.33234 107 66 15
1.67983 106 65 16
1.70829 105 64 17
1.72435 104 63 18
1.80335 103 62 19
2.00922 104 62 19
2.14127 103 61 20
2.20143 102 60 21
2.45219 101 59 22
2.87525 102 59 22
3.42733 101 58 23
3.46154 100 57 24
3.60203 101 57 24
3.6173 100 56 25
3.81657 99 55 26
3.99809 98 54 27
4.07652 97 53 28
4.13415 96 52 29
4.65366 95 51 30
4.96908 95 51 29
5.37963 94 50 30
5.45949 93 49 31
5.70275 93 49 30
5.73107 92 48 31
5.74836 91 47 32
5.81458 91 48 32
5.81666 90 47 33
6.08185 90 48 33
6.29285 89 47 34
6.3125 89 48 34
6.48717 88 47 35
6.53139 89 47 35
6.58545 90 47 35
6.6786 89 46 36
7.11975 88 45 37
7.45943 87 44 38
7.50276 86 43 39
7.50488 85 42 40
7.63094 84 41 41
8.00884 83 40 42
8.03477 83 41 42
8.10523 82 40 43
8.17028 81 39 44
8.23915 80 38 45
9.00324 79 37 46
9.07854 78 36 47
9.15828 77 35 48
9.17855 76 34 49
9.33756 75 33 50
10.0525 74 32 51
10.2379 75 32 51
10.4271 75 32 50
10.7007 75 33 50
11.4138 76 33 50
12.109 75 32 51
12.1393 74 31 52
12.3776 73 30 53
12.5494 72 29 54
12.7877 72 29 53
12.9754 71 28 54
13.1466 70 27 55
13.2328 70 27 54
13.8453 69 26 55
13.9251 69 26 54
14.0359 70 26 54
14.0684 70 27 54
14.2548 70 28 54
14.4399 70 29 54
14.5537 69 28 55
14.8601 68 27 56
15.2648 69 27 56
15.4328 68 26 57
15.4748 67 25 58
15.8048 68 25 58
15.8656 67 24 59
16.1746 68 24 59
16.3567 67 23 60
16.5453 66 22 61
16.6971 65 21 62
17.1512 66 21 62
17.9104 66 22 62
17.9735 65 21 63
18.5613 66 21 63
18.6045 66 22 63
18.9161 65 21 64
19.1454 66 21 64
19.2396 65 20 65
19.4578 64 19 66
19.6743 65 19 66
19.8519 65 20 66
19.9593 66 20 66
20.0616 67 20 66
20.5887 68 20 66
20.5984 68 20 65
20.7661 67 19 66
20.8406 68 19 66
20.8847 67 18 67
20.8949 67 19 67
20.913 67 20 67
21.1564 68 20 67
21.3975 68 20 66
21.3989 67 19 67
21.4062 67 19 66
21.4518 67 20 66
21.5365 67 21 66
21.7473 68 21 66
22.1654 68 22 66
22.3928 68 22 65
22.9158 69 22 65
23.0131 68 21 66
23.2898 68 21 65
23.6259 68 22 65
23.6355 68 22 64
23.6554 67 21 65
23.6604 68 21 65
23.8239 68 21 64
24.0435 67 20 65
24.1517 66 19 66
24.2989 65 18 67
24.4458 64 17 68
25.4433 63 16 69
25.6164 63 17 69
25.8626 64 17 69
26.2214 64 18 69
26.453 64 18 68
26.5611 63 17 69
26.8715 63 17 68
27.238 63 18 68
28.5719 62 17 69
28.9271 63 17 69
29.0689 63 18 69
29.2405 64 18 69
29.6515 64 19 69
29.8551 64 19 68
29.9168 65 19 68
30.1763 65 19 67
30.1985 66 19 67
30.3838 66 20 67
30.5356 65 19 68
30.6574 65 19 67
30.7117 65 20 67
30.724 65 20 66
30.7709 66 20 66
30.9497 66 21 66
31.1425 67 21 66
31.4516 67 22 66
31.5001 67 23 66
31.7067 66 22 67
32.05 65 21 68
32.6423 66 21 68
32.9478 65 20 69
33.3002 64 19 70
33.3319 63 18 71
33.9012 64 18 71
33.9479 65 18 71
33.9738 66 18 71
34.0933 65 17 72
34.4092 66 17 72
34.5005 66 17 71
35.9459 67 17 71
36.0306 68 17 71
36.8992 67 16 72
37.0714 66 15 73
37.2457 66 16 73
37.4497 66 17 73
37.869 66 18 73
38.0831 66 19 73
38.1627 65 18 74
38.4649 66 18 74
38.4652 67 18 74
38.4834 66 17 75
38.7319 67 17 75
39.2311 66 16 76
40.3018 65 15 77
40.5991 66 15 77
40.6274 66 16 77
40.6915 65 15 78
40.768 66 15 78
41.048 66 15 77
41.2971 67 15 77
41.4347 67 15 76
41.9064 67 16 76
43.0354 67 16 75
43.3372 68 16 75
43.3381 67 15 76
43.5319 67 15 75
43.7957 67 16 75
44.1788 66 15 76
44.9908 65 14 77
45.2223 66 14 77
45.3356 67 14 77
45.3498 68 14 77
45.7599 69 14 77
45.8806 70 14 77
46.0351 71 14 77
46.4616 72 14 77
46.5517 71 13 78
46.6708 72 13 78
47.1953 73 13 78
47.2914 72 12 79
47.5844 73 12 79
48.03 74 12 79
48.094 74 13 79
48.3421 74 14 79
48.4885 73 13 80
48.9899 74 13 80
49.1996 74 13 79
49.2898 75 13 79
50.1739 75 14 79
51.3509 74 13 80
51.928 73 12 81
51.9397 72 11 82
52.1587 73 11 82
52.7328 74 11 82
52.8453 75 11 82
53.2143 74 10 83
53.3242 74 11 83
53.9743 74 11 82
54.2754 74 11 81
54.7477 75 11 81
54.7608 74 10 82
55.0752 74 11 82
55.0861 73 10 83
55.9243 73 11 83
55.9685 72 10 84
56.1487 72 11 84
56.1645 71 10 85
56.342 71 10 84
57.1719 71 11 84
57.4881 70 10 85
57.6236 70 10 84
57.6749 69 9 85
57.7133 68 8 86
57.7638 69 8 86
57.8212 69 8 85
57.9409 69 9 85
58.1055 69 9 84
58.1216 68 8 85
58.1353 67 7 86
58.1525 67 8 86
58.2298 67 8 85
58.3219 68 8 85
58.3541 68 9 85
58.5414 68 10 85
58.7843 68 11 85
58.8409 69 11 85
59.245 69 12 85
59.88 69 13 85
60.0196 70 13 85
60.2581 70 13 84
60.28 70 14 84
60.6366 70 15 84
61.4761 70 16 84
61.587 70 16 83
61.5934 71 16 83
62.0182 71 16 82
62.0742 72 16 82
62.076 72 17 82
62.6513 73 17 82
62.7155 73 17 81
62.7741 72 16 82
62.7783 73 16 82
62.9334 73 17 82
62.9897 74 17 82
63.1649 74 17 81
63.3777 74 18 81
63.9467 74 19 81
63.9678 73 18 82
64.0224 73 19 82
64.2751 74 19 82
64.9688 74 19 81
65.2258 74 20 81
65.4664 74 21 81
65.6262 75 21 81
65.7172 75 21 80
66.0413 74 20 81
66.2841 75 20 81
66.3749 76 20 81
66.9789 75 19 82
67.4579 75 19 81
67.6943 74 18 82
67.7373 74 18 81
67.9218 73 17 82
68.02 74 17 82
68.4973 73 16 83
68.6747 74 16 83
69.0415 74 16 82
69.077 73 15 83
69.1412 72 14 84
69.3369 72 14 83
69.5812 71 13 84
69.8276 71 13 83
70.2875 71 14 83
70.5253 70 13 84
70.6813 69 12 85
70.8472 70 12 85
70.8589 70 13 85
71.0739 69 12 86
71.1343 69 12 85
71.5649 69 13 85
71.741 70 13 85
72.3006 71 13 85
72.3371 70 12 86
72.3393 69 11 87
72.7195 69 11 86
72.952 69 11 85
73.1507 68 10 86
73.2665 67 9 87
73.4243 67 10 87
73.5884 66 9 88
73.9881 66 9 87
74.0153 66 9 86
75.4133 65 8 87
75.5573 65 9 87
75.7087 65 9 86
75.7088 65 9 85
75.8751 66 9 85
76.465 66 10 85
77.0413 66 10 84
77.2389 66 10 83
77.4778 66 11 83
77.4886 66 11 82
77.5537 66 12 82
77.6246 65 11 83
77.6622 65 11 82
78.1953 65 12 82
78.8234 66 12 82
79.7305 65 11 83
79.7484 65 11 82
80.4017 65 11 81
80.6866 65 11 80
80.6999 65 11 79
80.7977 64 10 80
80.8263 63 9 81
81.0718 63 10 81
81.413 64 10 81
82.6722 65 10 81
82.863 65 11 81
82.9497 65 11 80
83.2531 65 12 80
83.4053 66 12 80
83.4512 66 12 79
83.747 66 13 79
84.1223 65 12 80
84.2329 64 11 81
84.3808 65 11 81
84.6384 64 10 82
84.6614 64 11 82
84.8954 64 12 82
84.9087 65 12 82
85.082 66 12 82
85.2871 67 12 82
85.9081 67 13 82
85.9505 67 14 82
86.2511 66 13 83
86.7285 66 14 83
86.7408 66 14 82
87.0968 66 14 81
87.2636 66 14 80
87.4916 66 14 79
88.2757 67 14 79
88.501 67 14 78
88.5354 66 13 79
89.3561 67 13 79
89.7839 67 14 79
90.0067 68 14 79
90.1363 69 14 79
90.1877 69 15 79
90.4801 68 14 80
90.7951 68 15 80
90.8376 69 15 80
90.9942 69 16 80
91.1913 69 17 80
91.3171 69 17 79
91.4205 69 18 79
91.4621 68 17 80
92.2073 68 18 80
92.4075 68 18 79
93.3538 68 18 78
93.4554 68 19 78
93.4927 68 20 78
93.7783 68 21 78
93.8008 67 20 79
94.0061 67 20 78
94.0257 66 19 79
94.2617 65 18 80
94.3257 65 18 79
94.419 65 19 79
94.5323 64 18 80
94.6737 65 18 80
95.6906 64 17 81
95.7774 64 17 80
96.026 63 16 81
96.2882 63 16 80
96.2913 63 16 79
96.2936 63 17 79
96.9855 63 17 78
97.1259 64 17 78
97.1358 64 17 77
97.3121 64 17 76
97.524 65 17 76
97.7747 65 17 75
97.8508 66 17 75
98.7034 66 18 75
98.7872 66 19 75
99.5393 66 19 74
99.7891 67 19 74
99.9947 66 18 75
100.222 66 19 75
100.234 66 19 74
100.379 66 19 73
100.383 65 18 74
100.509 64 17 75
100.526 64 18 75
100.533 65 18 75
101.043 65 18 74
101.511 66 18 74
101.591 67 18 74
101.728 67 19 74
101.84 67 19 73
101.842 66 18 74
101.85 66 18 73
101.897 65 17 74
102.006 65 17 73
102.195 64 16 74
102.321 63 15 75
102.389 62 14 76
102.475 61 13 77
102.786 60 12 78
102.86 61 12 78
103.011 62 12 78
103.305 62 12 77
103.751 61 11 78
103.949 61 11 77
104.095 61 11 76
104.137 61 12 76
104.415 61 13 76
104.805 60 12 77
105.077 60 12 76
105.161 59 11 77
105.348 60 11 77
106.038 60 11 76
106.109 60 12 76
106.652 60 12 75
106.929 60 12 74
106.951 61 12 74
107.15 61 13 74
107.55 60 12 75
107.647 61 12 75
108.288 62 12 75
108.426 63 12 75
108.461 63 12 74
108.594 62 11 75
108.654 62 12 75
109.178 62 12 74
109.738 62 13 74
109.784 62 13 73
109.977 62 13 72
110.093 63 13 72
110.095 63 14 72
110.447 62 13 73
110.477 62 14 73
110.545 62 15 73
110.843 62 16 73
110.976 62 16 72
111.027 63 16 72
111.121 62 15 73
111.229 62 16 73
111.251 63 16 73
111.674 63 17 73
111.686 62 16 74
111.742 61 15 75
111.841 61 15 74
112.015 61 16 74
113.352 62 16 74
113.727 62 17 74
113.795 62 17 73
114.421 61 16 74
114.503 60 15 75
114.594 61 15 75
114.72 61 16 75
115.476 61 17 75
115.498 62 17 75
115.654 61 16 76
115.838 62 16 76
116.293 62 17 76
116.414 63 17 76
116.465 64 17 76
116.545 63 16 77
116.707 62 15 78
116.766 62 15 77
117.095 62 16 77
117.127 62 17 77
117.561 62 18 77
117.729 62 19 77
117.952 62 20 77
118.156 63 20 77
118.231 63 21 77
118.275 62 20 78
118.29 62 20 77
118.594 62 21 77
118.719 62 22 77
118.832 61 21 78
119.263 61 22 78
119.317 62 22 78
119.885 63 22 78
119.98 64 22 78
120.226 65 22 78
120.36 65 22 77
120.448 66 22 77
120.604 66 23 77
120.623 66 24 77
120.966 65 23 78
121.006 64 22 79
121.959 65 22 79
121.968 65 22 78
122.01 65 22 77
122.319 64 21 78
122.723 64 21 77
122.96 63 20 78
123.093 62 19 79
123.1 63 19 79
124.218 63 19 78
124.596 62 18 79
124.844 62 19 79
124.864 62 20 79
125.023 63 20 79
125.334 63 20 78
125.436 63 21 78
125.488 62 20 79
125.552 62 21 79
125.801 61 20 80
126.128 61 21 80
127.077 61 22 80
127.127 61 22 79
127.212 60 21 80
127.232 61 21 80
128.252 61 22 80
128.713 62 22 80
128.957 62 23 80
129.142 62 24 80
129.902 63 24 80
130.015 62 23 81
130.179 62 23 80
130.215 63 23 80
130.332 63 23 79
130.367 62 22 80
130.69 62 23 80
130.946 62 23 79
131.15 61 22 80
131.201 61 23 80
131.223 61 23 79
131.41 62 23 79
131.42 63 23 79
131.595 63 24 79
131.645 63 24 78
131.938 62 23 79
132.014 62 23 78
132.088 62 24 78
132.107 62 25 78
132.191 61 24 79
132.439 62 24 79
132.543 61 23 80
132.578 60 22 81
132.949 59 21 82
133.006 60 21 82
133.216 61 21 82
133.236 61 22 82
134.781 61 23 82
134.875 61 24 82
134.885 62 24 82
135.074 63 24 82
135.21 64 24 82
135.272 64 25 82
135.514 63 24 83
135.68 63 24 82
136.268 64 24 82
136.386 63 23 83
137.185 62 22 84
137.8 62 23 84
138.007 62 23 83
138.179 62 23 82
138.217 61 22 83
138.406 62 22 83
138.551 62 22 82
138.962 63 22 82
139.158 64 22 82
140.181 63 21 83
140.186 64 21 83
140.203 63 20 84
140.229 63 20 83
140.748 62 19 84
141.135 63 19 84
141.308 64 19 84
142.051 63 18 85
142.194 62 17 86
142.491 63 17 86
142.528 63 18 86
142.529 62 17 87
142.549 63 17 87
143.261 63 17 86
143.586 64 17 86
143.67 64 17 85
143.819 63 16 86
144.073 64 16 86
144.451 64 17 86
144.474 64 18 86
144.546 65 18 86
144.638 66 18 86
144.836 66 18 85
145.322 65 17 86
145.822 64 16 87
145.982 64 17 87
146.174 64 18 87
146.325 65 18 87
146.424 65 18 86
146.699 65 19 86
146.87 64 18 87
146.873 63 17 88
146.926 63 17 87
147.124 64 17 87
147.392 65 17 87
147.648 65 18 87
147.855 65 18 86
148.166 64 17 87
148.444 63 16 88
148.727 62 15 89
149.161 62 16 89
149.769 63 16 89
150.145 62 15 90
150.531 62 15 89
150.795 61 14 90
151.163 61 14 89
151.595 62 14 89
152.581 63 14 89
152.795 63 14 88
152.816 62 13 89
153.253 61 12 90
153.875 61 13 90
153.937 60 12 91
154.26 60 12 90
154.281 60 12 89
154.299 60 12 88
154.339 61 12 88
154.52 61 13 88
154.678 61 14 88
154.933 61 14 87
155.096 61 14 86
155.48 61 15 86
156.728 60 14 87
156.898 61 14 87
157.117 61 15 87
157.359 61 15 86
157.611 61 16 86
158.269 60 15 87
158.828 60 15 86
159.244 61 15 86
159.336 62 15 86
159.531 63 15 86
159.632 62 14 87
159.705 62 14 86
159.955 62 15 86
160.17 62 16 86
160.199 62 17 86
160.255 61 16 87
160.278 61 17 87
160.905 62 17 87
160.973 62 18 87
161.847 61 17 88
162.39 61 18 88
162.458 62 18 88
162.793 61 17 89
163.075 61 17 88
163.296 61 17 87
163.362 60 16 88
163.379 59 15 89
163.618 59 15 88
163.711 59 15 87
164.124 60 15 87
164.826 60 16 87
164.842 61 16 87
164.971 61 17 87
165.05 61 18 87
165.363 62 18 87
165.732 62 19 87
166.352 62 19 86
166.416 61 18 87
166.492 62 18 87
167.193 61 17 88
167.299 61 18 88
167.341 61 19 88
168.564 61 19 87
169.2 62 19 87
169.256 62 20 87
169.645 63 20 87
170.009 62 19 88
170.132 61 18 89
170.396 61 18 88
170.585 61 19 88
170.656 61 20 88
171.271 60 19 89
171.324 59 18 90
171.645 59 19 90
172.811 60 19 90
172.968 60 19 89
173.401 60 20 89
173.787 61 20 89
174.226 60 19 90
174.268 59 18 91
174.465 59 19 91
174.466 59 20 91
174.63 60 20 91
175.1 60 21 91
175.419 59 20 92
175.73 59 21 92
175.731 59 21 91
175.842 59 22 91
175.867 58 21 92
175.885 58 21 91
176.006 59 21 91
176.778 59 21 90
177.509 59 22 90
177.59 59 23 90
177.607 58 22 91
177.814 58 23 91
178.051 57 22 92
178.063 57 23 92
178.136 56 22 93
178.279 56 23 93
178.716 55 22 94
178.837 55 22 93
178.847 56 22 93
179.019 56 23 93
179.149 56 23 92
179.563 55 22 93
179.599 54 21 94
179.796 54 22 94
180.206 54 22 93
180.839 53 21 94
181.286 53 21 93
181.591 52 20 94
181.777 53 20 94
182.154 53 21 94
182.423 53 22 94
182.58 53 23 94
182.761 53 23 93
182.98 52 22 94
183.486 52 23 94
183.6 52 23 93
183.737 51 22 94
184.141 51 23 94
184.276 50 22 95
184.489 50 23 95
184.502 50 23 94
184.588 50 23 93
184.645 50 23 92
185.482 49 22 93
185.752 50 22 93
185.883 49 21 94
186.601 49 21 93
187.099 49 22 93
187.253 50 22 93
187.893 50 22 92
188.328 50 23 92
188.934 50 24 92
189.053 50 24 91
189.263 49 23 92
189.299 50 23 92
189.574 50 24 92
190.398 49 23 93
190.704 48 22 94
190.856 49 22 94
190.986 48 21 95
191.093 49 21 95
192.251 49 22 95
192.595 50 22 95
193.183 51 22 95
193.195 52 22 95
193.819 52 22 94
193.898 52 23 94
194.412 52 24 94
194.629 53 24 94
195.105 52 23 95
195.624 53 23 95
195.883 53 24 95
195.987 52 23 96
196.053 51 22 97
196.112 52 22 97
196.331 53 22 97
196.384 54 22 97
196.52 53 21 98
196.658 52 20 99
196.963 52 21 99
197.482 53 21 99
197.627 53 22 99
197.929 52 21 100
198.264 53 21 100
198.734 53 21 99
199.041 52 20 100
199.333 53 20 100
199.334 53 20 99
199.906 54 20 99
199.909 55 20 99
200.391 54 19 100
