0.0182426 119 79 2
0.133089 119 80 2
0.408133 118 79 3
0.463021 117 78 4
0.464806 116 77 5
0.589168 115 76 6
0.598878 114 75 7
0.691961 113 74 8
0.709417 112 73 9
0.80891 111 72 10
0.885398 110 71 11
0.943447 109 70 12
1.00145 108 69 13
1.21459 107 68 14
1.23691 106 67 15
1.28027 105 66 16
1.38252 106 66 16
1.45367 105 65 17
1.67048 104 64 18
1.79827 105 64 18
2.12065 104 63 19
2.13751 103 62 20
2.24848 102 61 21
2.28891 101 60 22
2.36305 100 59 23
2.36387 100 60 23
2.45387 99 59 24
2.49168 100 59 24
2.60021 99 58 25
2.87474 99 59 25
3.027 98 58 26
3.41894 97 57 27
3.59631 96 56 28
3.63249 95 55 29
3.6552 95 55 28
3.75323 96 55 28
4.14434 95 54 29
4.21925 96 54 29
4.67206 95 53 30
4.80776 94 52 31
4.96111 93 51 32
4.98886 94 51 32
5.06788 94 52 32
5.09069 93 51 33
5.30925 92 50 34
5.63396 91 49 35
6.14788 90 48 36
6.37011 91 48 36
6.58993 90 47 37
6.59362 89 46 38
6.62514 90 46 38
6.68827 89 45 39
6.98363 88 44 40
7.12717 87 43 41
7.30943 87 44 41
7.65404 86 43 42
7.72675 85 42 43
7.94162 85 43 43
7.97032 84 42 44
8.44884 83 41 45
8.48333 84 41 45
8.60954 85 41 45
8.64473 86 41 45
8.81002 85 40 46
9.11768 85 41 46
9.30419 85 42 46
9.40961 86 42 46
9.46693 87 42 46
9.519 86 41 47
9.54846 87 41 47
9.57408 86 40 48
9.72113 85 39 49
9.83016 86 39 49
9.87108 85 38 50
10.04 84 37 51
10.3419 84 38 51
10.6711 84 38 50
10.8191 83 37 51
10.8431 82 36 52
11.0059 81 35 53
11.0375 80 34 54
11.4787 79 33 55
11.6164 79 34 55
11.8808 78 33 56
12.229 77 32 57
12.3441 78 32 57
12.3659 77 31 58
12.3817 78 31 58
12.4691 78 32 58
12.4943 77 31 59
12.5018 78 31 59
12.7577 79 31 59
12.7688 78 30 60
12.7896 78 31 60
13.1095 78 32 60
13.2106 79 32 60
13.2286 79 33 60
13.4566 78 32 61
13.7746 78 33 61
14.066 79 33 61
14.1474 80 33 61
14.2493 79 32 62
14.3632 79 32 61
14.377 80 32 61
14.4298 79 31 62
14.5382 78 30 63
14.8048 78 31 63
14.8249 79 31 63
15.2421 80 31 63
15.2509 80 31 62
15.4482 80 31 61
15.6499 80 32 61
15.6602 80 32 60
15.7326 81 32 60
16.6322 80 31 61
16.6886 79 30 62
16.9059 80 30 62
16.9757 80 31 62
17.0875 80 31 61
17.2043 80 32 61
17.4409 79 31 62
17.4443 79 32 62
17.6308 79 32 61
17.7197 78 31 62
17.7739 78 32 62
18.0148 79 32 62
18.2445 78 31 63
18.7871 77 30 64
18.9498 78 30 64
19.0233 78 31 64
19.3519 78 32 64
19.5921 78 32 63
19.7154 77 31 64
19.7314 78 31 64
20.0512 78 31 63
20.0601 77 30 64
20.7911 77 31 64
21.1387 77 32 64
21.5306 78 32 64
21.7857 79 32 64
21.8532 78 31 65
21.9396 78 31 64
22.1067 77 30 65
22.4122 76 29 66
22.5055 75 28 67
23.0068 75 28 66
23.1586 76 28 66
23.7027 75 27 67
23.7517 74 26 68
23.8788 74 27 68
23.9826 74 28 68
24.3484 73 27 69
24.8314 73 27 68
24.8496 73 28 68
25.2415 74 28 68
25.339 74 29 68
25.5496 74 29 67
25.5531 75 29 67
25.8192 74 28 68
25.9644 73 27 69
26.1368 72 26 70
26.3505 71 25 71
26.4149 71 26 71
26.4427 71 27 71
26.7566 71 28 71
26.817 71 28 70
26.8311 70 27 71
26.8468 70 28 71
26.9547 70 29 71
27.2022 70 30 71
27.2823 69 29 72
27.3744 69 30 72
27.4495 69 30 71
27.914 68 29 72
27.9514 67 28 73
28.0308 67 29 73
28.1374 67 30 73
28.2092 67 30 72
28.2284 68 30 72
28.2408 69 30 72
28.6412 70 30 72
28.9647 69 29 73
29.0323 69 30 73
29.0499 69 31 73
29.1707 70 31 73
29.4606 69 30 74
29.5799 69 30 73
29.6105 70 30 73
29.7753 69 29 74
29.7818 69 29 73
30.1399 69 29 72
30.1519 69 30 72
30.2868 69 31 72
30.2996 68 30 73
30.6787 68 31 73
30.7128 68 32 73
30.8905 67 31 74
31.0334 66 30 75
31.1908 66 30 74
31.2504 66 31 74
31.2511 65 30 75
31.5438 65 31 75
31.701 66 31 75
31.8004 66 32 75
31.827 66 32 74
31.9381 65 31 75
32.3644 64 30 76
32.8356 64 31 76
32.9539 65 31 76
33.0451 65 31 75
33.3158 65 32 75
33.5012 66 32 75
33.5363 66 33 75
33.5522 67 33 75
33.5807 66 32 76
33.799 66 33 76
33.977 65 32 77
34.0011 65 33 77
34.5897 65 34 77
34.7338 66 34 77
34.8678 65 33 78
35.1345 64 32 79
35.1886 63 31 80
35.2321 62 30 81
35.354 61 29 82
35.3564 61 30 82
35.6081 62 30 82
35.6499 62 31 82
35.8527 61 30 83
35.8827 60 29 84
36.0442 60 29 83
36.0501 59 28 84
36.0661 59 28 83
36.2577 59 29 83
36.6097 58 28 84
36.8011 58 28 83
36.814 58 29 83
36.8466 57 28 84
36.8972 58 28 84
36.9794 58 29 84
37.0586 58 29 83
37.1136 59 29 83
37.5488 58 28 84
37.6026 59 28 84
37.9027 59 29 84
38.4652 59 30 84
38.7487 58 29 85
39.1125 57 28 86
39.3434 58 28 86
39.3454 57 27 87
39.3709 58 27 87
39.4378 59 27 87
39.5409 59 28 87
39.6146 59 29 87
39.9132 60 29 87
39.9725 59 28 88
40.3971 59 29 88
40.7291 59 30 88
40.826 59 30 87
41.129 58 29 88
41.2472 57 28 89
41.3564 58 28 89
41.4321 59 28 89
41.6223 58 27 90
41.9584 58 28 90
42.5232 57 27 91
42.5483 58 27 91
42.6485 57 26 92
42.6778 56 25 93
43.088 55 24 94
43.1403 55 25 94
43.5369 55 25 93
44.6182 55 25 92
44.6694 54 24 93
44.8747 54 24 92
44.9121 54 24 91
45.0397 53 23 92
45.3806 53 24 92
45.6534 53 25 92
46.3177 54 25 92
46.611 53 24 93
47.2308 53 24 92
47.3235 53 25 92
47.3699 54 25 92
47.4164 54 25 91
48.1301 53 24 92
48.5578 54 24 92
48.5802 53 23 93
49.0364 53 23 92
49.0886 54 23 92
49.142 53 22 93
49.1466 53 22 92
49.3077 52 21 93
49.4204 53 21 93
49.9218 52 20 94
50.0257 52 20 93
50.0956 52 21 93
50.3565 51 20 94
51.9616 50 19 95
52.1341 51 19 95
52.15 51 20 95
52.1906 50 19 96
52.3347 50 20 96
52.4386 49 19 97
52.7648 49 20 97
53.0789 48 19 98
53.3548 48 20 98
53.7184 48 20 97
54.0794 49 20 97
54.2612 49 21 97
54.3345 49 21 96
54.674 50 21 96
54.7706 50 22 96
55.2543 50 22 95
56.1073 49 21 96
56.541 48 20 97
56.6957 49 20 97
56.7641 49 20 96
56.9457 49 20 95
57.141 50 20 95
57.7033 49 19 96
58.2397 49 19 95
58.2943 49 20 95
58.7162 48 19 96
58.816 47 18 97
58.851 48 18 97
59.5269 48 18 96
59.6157 47 17 97
59.8553 47 17 96
60.1404 47 17 95
61.1818 48 17 95
61.7277 48 18 95
61.7386 49 18 95
62.0173 49 18 94
62.5047 48 17 95
62.5635 47 16 96
62.5817 48 16 96
63.166 48 17 96
63.3766 49 17 96
63.9532 48 16 97
63.9612 48 16 96
64.157 48 17 96
64.3233 48 18 96
64.4298 48 18 95
64.4812 48 18 94
64.5673 49 18 94
64.5776 48 17 95
64.6198 48 17 94
65.8014 48 17 93
66.2281 49 17 93
66.421 49 17 92
67.4472 49 17 91
67.5428 48 16 92
67.6213 49 16 92
67.6883 49 16 91
68.1819 49 16 90
69.1338 49 17 90
69.1784 48 16 91
69.2542 47 15 92
69.3802 46 14 93
69.5557 45 13 94
69.7459 45 13 93
70.0358 45 13 92
70.1905 46 13 92
70.1979 47 13 92
70.4498 48 13 92
71.1803 48 14 92
71.3561 48 14 91
71.404 48 14 90
71.4724 47 13 91
71.5317 48 13 91
71.655 47 12 92
71.7158 47 13 92
71.8877 48 13 92
72.2564 48 14 92
72.4932 47 13 93
73.1457 47 14 93
73.3179 47 14 92
73.423 46 13 93
75.2694 45 12 94
75.3786 46 12 94
76.3487 46 12 93
77.0039 46 13 93
77.0552 47 13 93
77.2599 47 14 93
77.7668 47 14 92
77.9971 47 14 91
78.0904 46 13 92
78.3415 45 12 93
78.555 46 12 93
80.5697 46 12 92
81.7523 45 11 93
82.4813 45 11 92
82.7688 45 12 92
82.9309 44 11 93
83.5539 43 10 94
83.6088 43 10 93
85.0259 43 10 92
85.3127 43 11 92
86.3171 44 11 92
86.3892 44 12 92
86.8428 44 13 92
87.0548 44 14 92
87.2253 44 15 92
87.2779 45 15 92
87.4825 46 15 92
87.9388 46 15 91
88.265 47 15 91
88.4408 47 15 90
88.5267 47 15 89
88.8057 46 14 90
89.5537 46 14 89
89.8023 46 15 89
89.8477 46 16 89
89.8733 46 16 88
90.2888 45 15 89
90.5222 45 15 88
90.8521 45 15 87
90.8762 45 15 86
91.1495 46 15 86
91.7628 46 16 86
91.94 46 17 86
92.0616 46 18 86
92.2966 45 17 87
92.3305 45 18 87
92.8435 45 18 86
92.932 45 19 86
92.9401 44 18 87
93.3195 45 18 87
93.4787 45 18 86
93.9329 44 17 87
94.1167 43 16 88
94.1798 42 15 89
94.1827 42 15 88
94.5139 42 15 87
94.7865 42 16 87
95.0669 42 16 86
95.2604 41 15 87
95.3171 40 14 88
95.3227 39 13 89
95.6345 40 13 89
95.8216 40 14 89
96.3789 41 14 89
96.4927 41 14 88
96.747 41 15 88
97.2011 41 15 87
97.4379 41 16 87
97.6006 41 17 87
98.0135 42 17 87
98.476 43 17 87
98.8743 43 18 87
98.9515 42 17 88
99.2136 41 16 89
99.3168 42 16 89
99.6321 41 15 90
100.928 41 16 90
101.058 42 16 90
101.102 42 16 89
101.204 43 16 89
101.258 43 16 88
101.443 43 17 88
101.538 43 18 88
101.742 42 17 89
101.903 41 16 90
102.041 42 16 90
102.493 43 16 90
102.818 42 15 91
102.901 42 15 90
103.186 42 16 90
103.522 42 16 89
104.437 43 16 89
105.465 44 16 89
105.703 45 16 89
105.989 45 16 88
105.994 45 16 87
106.083 44 15 88
106.382 43 14 89
106.636 44 14 89
106.657 44 15 89
106.944 44 16 89
106.96 44 16 88
107.019 44 16 87
107.109 45 16 87
107.21 46 16 87
107.219 45 15 88
107.263 44 14 89
107.283 44 14 88
107.409 44 14 87
107.603 44 14 86
107.604 44 15 86
107.817 44 16 86
108.271 44 17 86
108.405 43 16 87
108.55 44 16 87
108.889 44 16 86
109.667 44 16 85
109.754 44 16 84
109.792 45 16 84
110.14 45 16 83
110.213 46 16 83
111.034 45 15 84
111.424 45 16 84
111.749 46 16 84
111.806 45 15 85
112.041 46 15 85
112.287 45 14 86
112.751 44 13 87
112.902 44 13 86
113.924 44 13 85
113.997 45 13 85
114.469 46 13 85
114.525 47 13 85
115.184 47 14 85
115.369 48 14 85
115.58 49 14 85
115.687 50 14 85
115.848 49 13 86
116.417 49 14 86
116.879 49 15 86
116.958 49 15 85
117.125 49 15 84
117.248 49 16 84
118.264 48 15 85
118.575 48 15 84
119.118 48 15 83
119.547 47 14 84
119.567 47 14 83
121.172 47 15 83
121.446 47 15 82
121.594 48 15 82
121.717 49 15 82
121.733 48 14 83
121.949 47 13 84
122.578 46 12 85
123.095 46 13 85
123.119 45 12 86
123.821 45 13 86
123.844 46 13 86
123.881 46 13 85
124.329 45 12 86
124.671 46 12 86
125.056 46 13 86
125.234 45 12 87
126.351 45 12 86
126.446 45 13 86
126.529 44 12 87
126.588 44 13 87
127.33 45 13 87
127.556 45 13 86
127.674 45 13 85
127.676 45 14 85
127.818 46 14 85
127.849 46 14 84
128.316 47 14 84
128.522 47 14 83
128.529 47 15 83
129.229 47 16 83
129.374 48 16 83
129.387 47 15 84
129.554 47 15 83
129.863 48 15 83
130.07 49 15 83
130.417 50 15 83
130.79 50 16 83
130.856 49 15 84
131.277 48 14 85
131.499 48 14 84
131.568 48 14 83
131.894 49 14 83
132.314 50 14 83
132.357 50 15 83
132.93 50 16 83
133.096 51 16 83
133.23 52 16 83
133.322 53 16 83
133.584 53 16 82
134.189 53 17 82
134.565 52 16 83
135.095 53 16 83
135.345 53 16 82
135.469 54 16 82
136.034 54 17 82
136.125 55 17 82
136.969 55 18 82
137.075 56 18 82
137.203 57 18 82
137.329 57 19 82
137.35 57 19 81
137.354 56 18 82
137.504 55 17 83
137.684 54 16 84
137.697 53 15 85
140.052 54 15 85
140.196 55 15 85
140.467 54 14 86
141.308 54 15 86
141.568 55 15 86
141.723 55 16 86
141.762 55 16 85
141.843 56 16 85
142.708 55 15 86
142.777 56 15 86
143.153 56 16 86
143.464 57 16 86
143.48 56 15 87
143.878 57 15 87
144.44 57 16 87
144.983 57 17 87
145.063 58 17 87
145.086 58 17 86
145.096 57 16 87
145.522 58 16 87
145.839 59 16 87
146.346 59 17 87
146.55 59 18 87
147.691 60 18 87
148.169 59 17 88
148.223 58 16 89
148.365 58 17 89
149.06 57 16 90
149.235 56 15 91
149.541 55 14 92
149.908 55 15 92
150.245 55 15 91
150.991 56 15 91
151.025 56 16 91
151.235 55 15 92
151.277 55 15 91
151.84 56 15 91
151.899 57 15 91
151.918 57 15 90
151.976 57 16 90
152.853 57 17 90
152.869 58 17 90
153.136 57 16 91
153.236 56 15 92
153.483 55 14 93
153.589 54 13 94
153.804 54 14 94
155.032 54 14 93
155.07 54 15 93
155.635 54 16 93
156.672 54 16 92
156.904 54 17 92
157.326 55 17 92
157.409 55 17 91
157.475 56 17 91
157.571 55 16 92
157.598 54 15 93
157.721 55 15 93
158.157 55 15 92
158.485 55 15 91
158.739 54 14 92
159.096 54 14 91
159.423 54 14 90
160.356 53 13 91
160.758 52 12 92
161.322 53 12 92
161.517 53 12 91
162.058 53 13 91
162.072 52 12 92
162.442 51 11 93
162.614 52 11 93
162.717 53 11 93
163.068 52 10 94
163.102 52 11 94
163.215 52 11 93
163.312 52 12 93
163.588 52 12 92
163.645 52 13 92
163.671 52 14 92
163.816 53 14 92
163.914 53 14 91
163.985 52 13 92
164.008 51 12 93
164.538 52 12 93
165.371 52 13 93
165.539 52 13 92
165.651 53 13 92
165.851 54 13 92
166.109 55 13 92
166.297 55 14 92
166.343 55 15 92
166.404 56 15 92
166.568 57 15 92
167.075 57 16 92
167.176 58 16 92
168.016 58 17 92
168.363 59 17 92
169.023 59 17 91
169.335 59 17 90
170.261 58 16 91
170.324 57 15 92
170.344 56 14 93
170.713 57 14 93
170.858 58 14 93
170.941 57 13 94
170.989 58 13 94
171.334 57 12 95
172.181 57 13 95
172.521 58 13 95
172.659 58 13 94
172.729 59 13 94
173.181 60 13 94
173.326 59 12 95
173.366 59 12 94
173.464 59 13 94
173.782 59 14 94
173.896 59 14 93
174.027 59 15 93
174.082 60 15 93
174.383 61 15 93
174.616 61 16 93
175.337 62 16 93
175.524 62 17 93
175.827 62 17 92
175.83 62 17 91
175.848 61 16 92
176.278 62 16 92
176.751 62 17 92
177.473 62 17 91
177.805 61 16 92
177.817 60 15 93
178.06 61 15 93
178.302 61 15 92
178.332 61 15 91
178.425 62 15 91
178.563 63 15 91
178.744 63 15 90
179.244 63 15 89
179.769 64 15 89
180 64 15 88
180.264 64 15 87
180.721 65 15 87
180.899 65 15 86
181.272 64 14 87
181.687 64 15 87
181.79 64 15 86
182.275 64 15 85
182.748 63 14 86
182.858 63 14 85
183.415 62 13 86
183.868 62 13 85
183.947 61 12 86
184.303 61 13 86
184.537 62 13 86
185.295 62 14 86
185.356 62 14 85
186.335 61 13 86
186.421 61 13 85
186.439 61 13 84
186.461 61 14 84
186.618 61 14 83
186.816 62 14 83
186.85 62 14 82
186.889 63 14 82
187.48 64 14 82
187.787 64 14 81
188.334 64 15 81
188.416 63 14 82
188.881 63 14 81
189.908 63 14 80
190.147 63 15 80
190.184 63 15 79
190.396 62 14 80
190.592 61 13 81
190.876 62 13 81
191.016 63 13 81
191.173 62 12 82
191.519 63 12 82
191.739 63 12 81
192.304 64 12 81
193.276 64 12 80
193.653 64 13 80
193.659 64 14 80
193.705 64 15 80
193.781 63 14 81
194.714 63 15 81
195.648 63 15 80
195.736 63 16 80
196.157 63 17 80
196.187 64 17 80
196.452 64 18 80
196.835 63 17 81
197.281 63 17 80
197.288 62 16 81
197.715 61 15 82
198.295 61 15 81
198.435 61 16 81
199.173 61 16 80
199.751 60 15 81
199.875 60 16 81
200.127 60 16 80
