2 16.0363 0.0375791
6 37.1698 0.0708296
10 49.3057 0.0949623
14 57.6227 0.105753
18 63.4793 0.0763743
22 67.8446 0.0556146
26 71.222 0.0796741
30 73.4762 0.0479671
34 75.575 0.0596072
38 77.646 0.0581388
42 79.1237 0.0605657
46 79.9755 0.0559122
50 81.3066 0.0597215
54 81.6843 0.0535038
58 82.3179 0.0639919
62 83.8347 0.0799147
66 83.4321 0.103549
70 84.4627 0.0928025
74 85.4772 0.102096
78 86.1091 0.0870998
82 86.3778 0.0743263
86 87.6394 0.070353
90 88.302 0.0614762
94 88.7172 0.0823602
98 88.4355 0.0909166
102 89.1542 0.0983064
106 89.7148 0.103334
110 89.3974 0.128065
114 90.3978 0.113148
118 90.1905 0.0963587
122 90.8027 0.084392
126 90.1004 0.075769
130 90.6019 0.110118
134 90.6076 0.121943
138 91.2644 0.0682369
142 91.2911 0.0485428
146 92.3824 0.0517981
150 92.0479 0.0569215
154 92.1136 0.0703374
158 92.6655 0.0651971
162 92.5626 0.0734233
166 92.723 0.0829341
170 92.546 0.122113
174 92.1073 0.129416
178 92.128 0.132127
182 92.5359 0.153745
186 93.2796 0.115377
190 93.4449 0.132198
194 94.1339 0.121832
198 93.783 0.106738
