0.0103614 119 79 2
0.0406399 118 78 3
0.0487669 117 77 4
0.239747 116 76 5
0.341904 115 75 6
0.412989 114 74 7
0.64079 113 73 8
0.932628 112 72 9
0.943444 111 71 10
1.0612 110 70 11
1.08412 109 69 12
1.14083 109 69 11
1.15541 108 68 12
1.2425 108 69 12
1.25367 107 68 13
1.39255 106 67 14
1.44312 105 66 15
1.48516 105 67 15
1.52472 104 66 16
1.65137 103 65 17
1.66645 102 64 18
1.70353 101 63 19
1.78172 100 62 20
1.81005 101 62 20
1.9121 100 61 21
1.91345 101 61 21
2.16244 100 60 22
2.22543 100 61 22
2.3342 99 60 23
2.39957 99 61 23
2.48241 98 60 24
2.5158 98 61 24
2.56774 98 61 23
2.59747 97 60 24
3.17579 96 59 25
3.4974 95 58 26
3.52003 94 57 27
3.53178 93 56 28
3.96019 92 55 29
4.09154 91 54 30
4.25984 91 55 30
4.28455 90 54 31
4.31176 89 53 32
4.33147 88 52 33
4.3749 87 51 34
4.4123 88 51 34
4.4456 87 50 35
4.70747 86 49 36
5.09392 85 48 37
5.101 85 49 37
5.28118 84 48 38
5.51998 85 48 38
5.64518 84 47 39
5.92754 84 48 39
6.30053 84 49 39
6.37839 83 48 40
6.58056 84 48 40
6.66649 83 47 41
6.70894 84 47 41
6.81986 84 47 40
6.97948 83 46 41
7.21373 82 45 42
7.24219 81 44 43
7.31166 80 43 44
7.46231 79 42 45
7.62562 80 42 45
7.68093 80 43 45
7.72118 79 42 46
7.81872 79 42 45
8.06344 78 41 46
8.15468 77 40 47
8.47731 78 40 47
9.22121 77 39 48
9.29946 77 39 47
9.80177 76 38 48
10.1104 76 39 48
10.2199 75 38 49
10.7474 74 37 50
10.8822 74 38 50
10.8825 73 37 51
10.895 73 38 51
11.0605 74 38 51
11.5071 73 37 52
11.7566 72 36 53
11.9772 73 36 53
12.1302 74 36 53
12.1355 75 36 53
12.1722 76 36 53
12.4815 77 36 53
12.5201 76 35 54
12.5653 76 36 54
12.6109 76 37 54
12.7086 75 36 55
13.0061 74 35 56
13.3498 75 35 56
13.4609 75 36 56
13.4723 74 35 57
13.5223 73 34 58
13.547 73 35 58
13.5534 73 36 58
13.7091 74 36 58
14.0171 75 36 58
14.0642 74 35 59
14.2495 73 34 60
14.4496 72 33 61
14.477 72 34 61
14.6082 72 35 61
14.653 71 34 62
14.8905 70 33 63
15.4924 70 34 63
15.8592 69 33 64
16.0643 69 34 64
16.1884 70 34 64
16.2762 71 34 64
16.3402 70 33 65
16.5887 69 32 66
16.641 69 33 66
16.6898 68 32 67
17.3748 69 32 67
17.5634 68 31 68
17.8317 68 32 68
17.9707 67 31 69
18.1239 66 30 70
18.2977 66 31 70
18.3789 67 31 70
18.6962 67 32 70
18.9884 67 33 70
19.0703 67 33 69
19.3568 66 32 70
19.607 66 33 70
19.6581 65 32 71
19.8466 64 31 72
19.8937 63 30 73
19.9712 63 31 73
20.2723 64 31 73
20.8673 64 31 72
21.4339 63 30 73
21.4945 63 31 73
21.6111 62 30 74
21.641 61 29 75
21.8426 60 28 76
22.1692 61 28 76
22.4099 62 28 76
22.7143 62 28 75
22.7763 61 27 76
23.7864 62 27 76
23.8593 62 27 75
24.2908 62 28 75
24.4287 63 28 75
24.8051 64 28 75
25.0442 63 27 76
25.0599 63 28 76
25.3019 62 27 77
25.5504 62 28 77
25.9439 61 27 78
26.1768 62 27 78
26.2331 62 28 78
26.5798 62 28 77
26.6421 61 27 78
26.8794 61 27 77
27.1018 60 26 78
27.1428 59 25 79
27.5542 59 26 79
27.7981 58 25 80
28.2375 59 25 80
28.3699 58 24 81
28.7598 58 24 80
29.0947 57 23 81
29.3953 57 24 81
29.5658 57 24 80
29.9974 56 23 81
30.1913 56 24 81
30.2617 55 23 82
30.3065 55 23 81
30.3717 54 22 82
30.4377 53 21 83
30.8371 53 21 82
31.7226 52 20 83
31.7647 53 20 83
31.8368 53 21 83
31.9375 53 21 82
32.1743 54 21 82
32.2451 53 20 83
32.511 52 19 84
33.2735 53 19 84
33.6264 54 19 84
33.7662 53 18 85
34.4198 52 17 86
34.8038 52 18 86
35.0186 52 18 85
35.338 53 18 85
35.5054 54 18 85
35.5926 53 17 86
35.7208 53 18 86
36.6877 54 18 86
36.6961 53 17 87
36.8182 53 17 86
37.1943 52 16 87
37.7363 52 17 87
38.1884 51 16 88
38.4731 51 17 88
39.7306 51 18 88
39.9221 52 18 88
40.0495 53 18 88
40.2652 53 19 88
40.4634 52 18 89
40.4725 52 19 89
40.6063 51 18 90
40.6942 51 18 89
40.8068 51 18 88
40.8406 52 18 88
40.9173 52 19 88
41.3023 53 19 88
41.5411 53 19 87
41.9066 52 18 88
42.4044 52 18 87
42.8596 51 17 88
42.9078 50 16 89
43.0617 49 15 90
43.1203 50 15 90
43.1692 50 16 90
43.7357 51 16 90
43.7825 51 17 90
44.272 52 17 90
44.3621 52 17 89
44.3782 53 17 89
44.4482 54 17 89
44.4706 55 17 89
44.6318 55 17 88
44.9524 55 17 87
45.1738 55 17 86
45.519 56 17 86
45.7152 57 17 86
46.0747 57 18 86
46.1915 56 17 87
46.2971 55 16 88
46.3578 55 17 88
46.5806 56 17 88
47.1457 56 17 87
47.3192 57 17 87
47.324 57 17 86
47.3696 58 17 86
47.3924 59 17 86
47.4117 59 17 85
48.1612 60 17 85
48.8755 60 17 84
49.0431 61 17 84
49.0472 60 16 85
49.0731 59 15 86
49.2735 60 15 86
50.1909 60 16 86
50.4602 60 16 85
50.5739 61 16 85
50.9805 61 16 84
51.0578 60 15 85
51.0871 59 14 86
51.2627 60 14 86
51.3281 60 15 86
51.8039 61 15 86
51.812 60 14 87
52.421 59 13 88
52.5756 58 12 89
52.6921 58 12 88
52.8919 58 12 87
53.0023 58 13 87
53.0814 58 13 86
53.1535 57 12 87
53.1964 58 12 87
53.246 59 12 87
53.4469 59 13 87
53.5085 60 13 87
53.5983 59 12 88
53.623 58 11 89
54.0201 59 11 89
54.3538 59 12 89
54.4179 60 12 89
55.4573 60 13 89
56.3439 60 13 88
56.5944 61 13 88
56.8426 62 13 88
56.8762 63 13 88
57.3729 64 13 88
57.8958 65 13 88
57.9087 65 14 88
58.5827 66 14 88
58.6863 67 14 88
59.2348 67 15 88
59.3089 67 15 87
59.346 67 16 87
59.545 67 16 86
59.6805 68 16 86
59.6922 67 15 87
59.8805 67 16 87
60.1848 67 17 87
60.2076 66 16 88
61.15 65 15 89
61.4234 65 16 89
61.6511 65 16 88
61.8912 64 15 89
62.1466 64 16 89
62.6905 64 16 88
62.754 65 16 88
63.1355 65 17 88
63.2066 66 17 88
63.5241 67 17 88
63.5673 67 18 88
63.6247 66 17 89
64.2197 65 16 90
64.9608 65 17 90
65.1553 64 16 91
65.6134 65 16 91
65.8407 64 15 92
65.9409 65 15 92
66.3861 66 15 92
66.6889 66 16 92
67.1859 65 15 93
67.1986 65 15 92
67.6022 65 16 92
68.0229 65 16 91
68.0823 65 17 91
68.2848 66 17 91
68.7801 66 18 91
68.8926 66 18 90
68.9974 66 19 90
69.0552 65 18 91
69.2133 65 18 90
69.9523 66 18 90
70.5836 65 17 91
70.607 64 16 92
70.8881 64 17 92
70.923 64 17 91
70.9321 63 16 92
71.2832 63 16 91
72.3878 63 16 90
73.3734 62 15 91
73.4758 62 16 91
73.6824 63 16 91
73.8721 63 16 90
73.9127 64 16 90
74.2867 65 16 90
74.7141 65 17 90
74.9913 65 18 90
75.2567 65 19 90
75.9191 65 20 90
76.3374 64 19 91
76.74 63 18 92
76.8508 62 17 93
77.6632 63 17 93
77.7878 62 16 94
77.8977 62 17 94
77.946 63 17 94
79.574 64 17 94
79.9901 64 18 94
80.7663 63 17 95
80.8765 63 17 94
81.0363 63 18 94
81.1138 64 18 94
81.8722 64 19 94
81.9179 64 19 93
82.0366 64 20 93
82.2347 63 19 94
82.8699 64 19 94
83.1265 64 20 94
83.2372 63 19 95
83.9589 64 19 95
84.1259 65 19 95
84.1681 65 20 95
84.1934 64 19 96
84.2773 64 19 95
84.6273 64 20 95
84.6894 65 20 95
84.8253 64 19 96
84.9924 64 20 96
85.1154 64 21 96
85.5336 64 21 95
85.7472 65 21 95
85.9234 65 21 94
85.9564 64 20 95
86.9014 64 21 95
86.9565 65 21 95
87.3405 65 21 94
88.4239 65 21 93
88.5584 64 20 94
88.6392 64 21 94
88.7993 64 21 93
88.9959 63 20 94
89.287 64 20 94
89.3553 65 20 94
89.3631 65 20 93
89.764 65 21 93
90.0306 65 21 92
90.0346 65 21 91
90.861 65 21 90
90.933 65 22 90
91.0161 64 21 91
91.1846 63 20 92
91.6032 62 19 93
92.065 61 18 94
93.3296 61 18 93
93.5105 61 19 93
93.699 62 19 93
93.7978 62 20 93
93.8053 62 20 92
93.8328 61 19 93
93.8419 61 19 92
94.8295 61 19 91
95.0282 61 19 90
95.0513 61 20 90
95.1181 61 20 89
95.4231 61 20 88
95.4929 62 20 88
95.7687 63 20 88
95.8652 64 20 88
96.5014 63 19 89
96.527 63 20 89
97.004 63 20 88
97.1492 64 20 88
97.3718 63 19 89
97.4435 64 19 89
97.6442 64 19 88
98.2121 65 19 88
98.2302 64 18 89
98.4401 64 18 88
98.4685 65 18 88
98.988 65 18 87
99.279 65 18 86
99.2892 64 17 87
99.3616 64 18 87
99.5999 63 17 88
99.6008 62 16 89
99.8267 62 16 88
99.8292 62 17 88
100.459 61 16 89
100.863 60 15 90
100.918 60 15 89
100.955 61 15 89
100.989 62 15 89
101.136 62 15 88
101.769 62 15 87
102.492 63 15 87
102.52 64 15 87
102.871 65 15 87
102.995 65 15 86
103.224 65 16 86
103.54 66 16 86
103.969 66 17 86
104.101 65 16 87
104.264 65 17 87
104.348 65 17 86
104.659 65 18 86
104.768 64 17 87
104.784 65 17 87
105.649 65 17 86
105.789 66 17 86
105.863 66 18 86
105.865 66 18 85
106.148 66 19 85
106.414 65 18 86
106.893 66 18 86
107.209 65 17 87
107.707 64 16 88
108.771 65 16 88
108.882 65 17 88
109.038 66 17 88
109.138 65 16 89
109.184 65 17 89
109.346 65 17 88
109.673 65 18 88
109.972 66 18 88
110.103 66 19 88
110.24 65 18 89
110.552 66 18 89
111.084 65 17 90
111.25 66 17 90
111.702 65 16 91
112.92 65 16 90
113.359 66 16 90
113.395 67 16 90
113.412 67 17 90
113.601 67 18 90
113.799 67 18 89
115.512 66 17 90
115.726 66 18 90
116.391 66 18 89
116.667 65 17 90
117.396 65 17 89
118.271 66 17 89
118.28 66 18 89
118.959 66 18 88
119.022 65 17 89
119.038 65 18 89
119.132 64 17 90
119.215 64 17 89
119.238 64 18 89
119.48 64 18 88
119.569 63 17 89
119.941 63 17 88
120.016 62 16 89
121.201 63 16 89
121.388 62 15 90
121.466 61 14 91
121.506 62 14 91
121.883 62 15 91
122.239 62 15 90
122.349 62 16 90
122.593 61 15 91
122.696 61 15 90
122.829 61 16 90
123.022 62 16 90
123.151 63 16 90
123.852 64 16 90
124.388 65 16 90
124.813 66 16 90
124.937 67 16 90
125.012 67 17 90
125.592 66 16 91
125.9 67 16 91
126.006 67 16 90
126.3 67 16 89
126.708 67 16 88
126.754 67 16 87
126.98 67 17 87
127.23 66 16 88
127.38 66 17 88
127.558 65 16 89
127.701 65 16 88
127.734 64 15 89
127.878 64 15 88
127.923 64 16 88
128.203 64 17 88
128.462 63 16 89
128.494 63 17 89
128.778 63 18 89
128.996 63 19 89
129.255 64 19 89
129.359 63 18 90
129.373 64 18 90
129.423 63 17 91
129.748 63 18 91
129.755 64 18 91
129.867 64 18 90
129.894 64 18 89
130.064 63 17 90
130.367 64 17 90
130.387 65 17 90
130.447 65 17 89
130.722 64 16 90
130.813 64 17 90
131.094 64 17 89
131.291 64 18 89
131.383 63 17 90
131.439 63 17 89
131.59 63 17 88
131.701 63 17 87
131.879 62 16 88
132.36 62 17 88
132.374 62 17 87
132.451 62 18 87
132.462 63 18 87
132.664 64 18 87
132.738 64 19 87
132.94 63 18 88
133.099 64 18 88
133.131 64 18 87
133.987 64 18 86
134.102 63 17 87
134.316 62 16 88
134.475 62 17 88
134.574 61 16 89
134.621 60 15 90
134.854 60 16 90
134.955 60 16 89
135.454 60 16 88
135.785 59 15 89
135.805 58 14 90
136.326 57 13 91
136.328 58 13 91
137.026 59 13 91
137.345 58 12 92
137.826 58 12 91
137.958 58 12 90
138.078 58 13 90
138.307 58 14 90
138.376 58 14 89
138.481 58 14 88
138.626 59 14 88
138.867 59 14 87
138.943 60 14 87
139.004 60 15 87
139.099 60 16 87
139.121 59 15 88
139.446 59 16 88
139.639 59 17 88
139.963 58 16 89
140.642 58 16 88
140.715 58 17 88
140.842 57 16 89
141.135 56 15 90
141.862 56 16 90
142.362 56 17 90
142.595 56 18 90
143.07 57 18 90
143.111 57 18 89
143.143 58 18 89
143.406 58 18 88
143.428 58 19 88
143.729 57 18 89
143.795 56 17 90
143.831 56 17 89
143.841 56 17 88
144.221 55 16 89
144.247 56 16 89
145.001 55 15 90
145.054 54 14 91
145.217 54 15 91
145.402 55 15 91
145.461 55 15 90
145.517 55 16 90
145.704 56 16 90
145.755 55 15 91
145.809 55 16 91
146.638 54 15 92
146.78 54 15 91
146.982 55 15 91
147.335 55 15 90
147.804 55 15 89
147.881 54 14 90
147.934 53 13 91
148.626 53 13 90
149.015 53 14 90
149.437 52 13 91
149.438 52 13 90
149.963 52 13 89
149.985 52 14 89
150.304 52 14 88
150.729 53 14 88
151.446 53 14 87
151.546 53 14 86
151.654 52 13 87
152.095 53 13 87
152.462 53 14 87
152.485 54 14 87
152.627 54 15 87
152.802 55 15 87
153.366 55 16 87
153.669 54 15 88
153.748 55 15 88
154.009 54 14 89
154.16 55 14 89
154.214 55 15 89
154.245 55 16 89
154.662 56 16 89
155.045 56 16 88
155.237 55 15 89
156.492 54 14 90
157.106 53 13 91
157.324 53 14 91
157.373 54 14 91
157.434 54 14 90
157.767 54 14 89
158.004 53 13 90
159.875 53 14 90
160.314 52 13 91
160.355 51 12 92
160.518 52 12 92
160.806 52 13 92
160.932 53 13 92
161.595 53 13 91
162.489 54 13 91
162.52 54 14 91
162.783 54 15 91
163.163 54 16 91
163.52 54 16 90
163.608 54 17 90
163.618 55 17 90
163.83 55 17 89
164.13 55 17 88
164.507 56 17 88
164.828 56 18 88
165.124 56 18 87
165.529 57 18 87
165.822 56 17 88
165.87 56 18 88
166.311 57 18 88
166.767 58 18 88
167.179 57 17 89
167.31 56 16 90
167.628 56 16 89
167.669 57 16 89
167.685 57 17 89
167.689 57 17 88
167.719 58 17 88
168.053 58 17 87
168.319 57 16 88
168.454 57 17 88
168.578 57 17 87
168.594 57 18 87
168.886 56 17 88
169.011 57 17 88
169.267 56 16 89
169.553 56 17 89
169.753 55 16 90
169.798 56 16 90
170.007 57 16 90
170.106 58 16 90
170.145 57 15 91
170.17 56 14 92
170.411 56 14 91
170.638 56 15 91
170.702 55 14 92
170.72 54 13 93
170.733 53 12 94
170.909 52 11 95
170.976 52 11 94
171.083 53 11 94
171.693 54 11 94
171.782 54 12 94
172.26 55 12 94
172.856 56 12 94
173.806 56 13 94
174.011 56 13 93
174.499 57 13 93
174.964 58 13 93
175.117 59 13 93
176.034 59 13 92
176.243 59 14 92
176.503 60 14 92
176.928 61 14 92
177.381 61 14 91
177.814 62 14 91
178.512 62 15 91
179.226 62 15 90
179.443 63 15 90
179.829 64 15 90
180.414 64 15 89
180.496 64 15 88
180.601 64 15 87
180.667 63 14 88
180.678 64 14 88
180.995 65 14 88
181.645 64 13 89
182.642 65 13 89
183.175 65 13 88
183.228 65 13 87
183.378 65 14 87
183.668 66 14 87
183.762 66 14 86
184.118 66 14 85
184.431 65 13 86
184.687 66 13 86
184.713 65 12 87
185.614 66 12 87
185.745 67 12 87
185.8 67 12 86
186.111 68 12 86
186.293 68 13 86
186.471 68 14 86
186.557 67 13 87
186.676 67 13 86
186.948 67 14 86
187.351 67 14 85
187.514 66 13 86
187.627 66 13 85
187.972 66 13 84
188 67 13 84
188.271 66 12 85
188.902 65 11 86
188.977 65 11 85
189.117 65 12 85
189.231 65 13 85
189.246 65 14 85
189.699 65 15 85
189.868 65 16 85
189.901 65 17 85
189.937 65 17 84
191.25 65 18 84
191.462 64 17 85
191.543 63 16 86
191.579 63 17 86
191.952 63 17 85
192.216 62 16 86
192.921 62 17 86
193.51 62 17 85
193.965 61 16 86
194.118 61 17 86
194.37 61 18 86
194.584 62 18 86
194.997 62 19 86
195.369 61 18 87
195.415 60 17 88
195.894 59 16 89
195.966 59 17 89
196.497 59 18 89
196.748 60 18 89
196.933 60 18 88
197.469 61 18 88
198.145 61 19 88
198.67 61 19 87
199.283 61 19 86
199.309 62 19 86
200.077 62 19 85
