0.582482 0.590011 -0.107317 0.561249 0.587771 -0.0409249 0.108792 0.578857 0.558444 0.562097 0.248753 0.595066 0.608508 0.645681 0.561338 0.620285 0.553411 0.515965 0.560499 0.286468 0.641931 0.62959 -0.108754 0.250689 0.58581 0.591749 0.370915 0.821971 0.625909 0.718484 0.669307 0.788556 0.551933 0.763495 0.641274 0.899727 0.780773 0.743293 0.857839 0.546885 0.790263 0.740329 0.954639 0.986367 0.863846 0.729057 
0.495541 0.471512 0.466035 -0.0648887 0.511772 0.510793 0.49359 0.514384 0.498163 0.500811 0.0292895 0.11464 0.495421 0.517543 0.521305 0.463603 0.507076 0.533814 0.578119 0.475997 0.488868 0.555536 0.455187 0.604145 0.468591 0.654466 0.363618 0.551494 0.602918 0.363824 0.53723 0.631933 0.784447 0.596804 0.60046 0.66463 0.439571 0.541353 0.756884 0.573581 0.782416 0.749396 0.751048 0.444843 0.742093 0.833304 
-0.023668 0.427571 0.387171 0.407902 0.42196 0.416544 0.0132261 0.401856 0.399901 0.393053 -0.00667912 0.409791 0.426557 0.404254 0.429341 0.383953 0.482241 0.467164 0.392259 0.410702 0.338142 0.42827 0.430263 0.00798312 0.409529 0.452926 0.431074 0.481635 0.547981 0.417526 0.487887 0.411262 0.458454 0.501421 0.649363 0.549307 0.748589 0.363488 0.400783 0.631757 0.445756 0.670993 0.674928 0.60626 0.643421 0.696759 
0.369163 0.29574 0.332248 0.0406891 0.338721 0.314682 0.322372 0.325371 0.146874 0.326068 0.328975 0.340678 0.10839 0.332721 0.329249 0.0589085 0.344089 0.359434 0.34464 0.231723 0.37594 0.390287 0.406476 0.376011 0.385932 0.349826 0.466977 0.408012 0.297809 0.320105 0.403111 0.290293 0.449979 0.50585 0.394736 0.612844 0.552262 0.53017 0.372381 0.525099 0.402847 0.1446 0.388568 0.547593 0.596656 0.633217 
0.224435 0.257628 0.235489 0.257446 0.258936 0.227138 -0.0579197 0.248065 0.2508 0.255897 0.24978 0.237354 0.0197362 -0.104996 0.254872 0.230391 0.252278 0.282406 0.338771 0.355426 0.221444 0.252459 0.319493 0.238486 0.261165 0.331105 0.252713 0.286708 0.317634 0.388211 0.361801 0.387258 0.335637 0.34102 0.273315 0.418275 0.429703 0.414022 0.520883 0.358412 0.327827 0.235585 0.355615 0.693139 0.523719 0.246877 
0.206744 0.179037 0.19015 0.179904 0.193632 0.189146 0.188737 -0.163928 0.176925 0.171737 -0.0121386 0.170273 0.196852 0.188195 0.18752 0.156681 0.185927 0.236269 0.245357 0.220933 0.222506 -0.101887 0.239503 0.315217 0.265001 0.164764 0.20383 0.151386 0.32028 0.1789 0.22977 0.165066 0.438046 0.448994 0.19957 0.240091 0.287052 0.124484 0.298036 0.335683 0.260349 0.379243 0.501906 0.534928 0.38212 0.543039 
0.106484 0.134073 -0.0163849 0.139982 0.152635 0.102271 0.093849 0.118329 0.107598 0.112684 0.114692 0.101826 0.0944764 0.105501 0.101464 0.130917 0.110179 0.0944616 0.0995289 0.144101 0.169682 0.126159 0.120441 0.0933033 0.236381 0.0502986 0.115048 0.091151 0.282281 0.0705388 0.153184 0.261053 0.260123 0.321138 0.360318 0.170953 0.384659 0.174676 0.218015 0.193819 0.494072 0.155658 0.426724 0.480502 0.16859 0.525632 
0.0931188 -0.0197037 0.0699545 0.0834298 0.0615472 0.0143819 0.0372327 0.0510622 0.0419967 0.0465926 0.0509027 0.0513479 0.0575944 0.0396722 0.0468946 0.0958779 -0.0423142 0.0549357 -0.00146115 0.0305324 0.109825 0.0591077 0.0344756 0.12247 0.230434 0.179312 -0.0144774 0.132605 0.0224937 0.188559 0.177164 0.0217928 0.150371 0.231734 0.145406 0.0954194 0.23443 0.269847 0.388532 0.196976 0.347101 0.180411 0.424102 0.235921 0.0108333 0.581036 
0.0672677 0.00485035 -0.0174392 0.00425399 -0.00182645 -0.0438627 -0.0134771 -0.0192191 -0.000406224 -0.0108736 -0.012798 0.00310668 -0.0286506 -0.0186054 -0.0324689 -0.0252579 -0.0652535 -0.0297252 -0.0841314 -0.0646938 -0.143249 0.0048338 0.102083 0.00540089 0.121841 -0.0294656 0.182284 0.0160588 -0.0221729 -0.0237485 0.140062 -0.027047 0.0369865 0.114752 0.156687 0.06284 0.155916 0.267683 0.1501 0.255745 0.398079 0.174839 -0.0170347 0.0593209 0.42945 0.127907 
-0.0638765 -0.0316169 -0.0537413 -0.0534207 -0.0295216 -0.0673654 -0.0757546 -0.0693705 -0.0857918 -0.0692785 -0.0718495 -0.0775497 -0.0730071 -0.0569545 -0.0793446 -0.0553397 -0.063291 -0.103292 -0.0491526 -0.0431979 -0.0597573 -0.0551054 0.00454101 0.02949 0.00336186 0.0811491 -0.105051 0.0730536 0.0338347 -0.10353 -0.0767159 -0.052363 -0.0219572 0.0994034 -0.0554048 -0.0547311 0.105374 0.202939 -0.01749 0.0273623 0.00920438 0.0254227 0.124858 0.149278 0.0973056 0.343308 
-0.0585003 -0.136566 -0.130748 -0.125614 -0.123565 -0.127796 -0.152264 -0.111896 -0.135335 -0.119762 -0.125 -0.122569 -0.122854 -0.122682 -0.141925 -0.111933 -0.125923 -0.13022 -0.0754905 -0.100236 -0.0945939 -0.118809 -0.0929439 -0.0174398 -0.057367 -0.0879906 -0.0270106 0.00255101 -0.0368766 -0.0653671 0.0590749 -0.097453 0.0905843 -0.00061047 -0.0513713 -0.0414627 -0.14459 0.0524568 -0.0123893 0.161052 0.0484206 -0.080254 -0.122483 -0.0844441 0.0620225 0.11041 
-0.095204 -0.154529 -0.180039 -0.133605 -0.161507 -0.165038 -0.165804 -0.179327 -0.166608 -0.176745 -0.175938 -0.177841 -0.167765 -0.159353 -0.154352 -0.147615 -0.181573 -0.19695 -0.126499 -0.13278 -0.158077 -0.189892 -0.161568 -0.222879 -0.00122682 -0.101591 -0.295828 -0.155095 -0.0971606 -0.0512115 -0.0965929 -0.111487 0.100534 -0.0778041 -0.0823161 -0.0775691 0.108715 -0.0221088 -0.07928 -0.125207 0.034463 0.065577 -0.195235 0.108486 0.156023 -0.118704 
-0.217188 -0.164287 -0.147794 -0.224148 -0.200347 -0.168843 -0.210593 -0.237209 -0.211224 -0.224477 -0.20232 -0.219098 -0.225963 -0.235825 -0.21936 -0.16603 -0.221331 -0.180734 -0.240585 -0.155787 -0.199496 -0.172329 -0.248051 -0.227256 -0.114005 -0.180889 -0.162614 -0.221747 -0.266318 -0.0950718 -0.106446 -0.244165 -0.213572 -0.242514 -0.0818798 -0.04213 -0.0352447 0.0510507 -0.130315 -0.0543467 0.025781 -0.00559007 0.061534 -0.0861841 -0.0418272 0.00203645 
-0.228986 -0.158186 -0.240699 -0.252244 -0.216388 -0.266666 -0.279936 -0.256045 -0.249343 -0.26528 -0.265822 -0.259472 -0.260854 -0.256166 -0.269909 -0.250605 -0.240901 -0.257178 -0.232907 -0.220985 -0.250203 -0.246419 -0.275463 -0.236047 -0.250135 -0.179318 -0.241904 -0.20257 -0.189052 -0.262657 -0.13206 -0.169883 -0.208722 -0.121394 -0.269415 -0.144707 -0.137371 -0.0114903 -0.149402 -0.156163 -0.103249 -0.101999 -0.106936 -0.253884 -0.112321 0.0661159 
-0.329729 -0.280862 -0.231796 -0.300523 -0.238531 -0.295904 -0.287559 -0.325103 -0.293808 -0.318899 -0.307999 -0.293171 -0.299213 -0.29168 -0.303964 -0.298804 -0.284198 -0.280478 -0.293739 -0.293877 -0.29749 -0.316648 -0.281853 -0.234277 -0.265999 -0.297817 -0.267707 -0.17088 -0.205319 -0.16577 -0.308886 -0.320968 -0.276113 -0.219429 -0.313912 -0.203341 -0.228308 0.0547427 -0.345044 -0.163176 -0.185908 -0.249235 -0.127893 -0.210814 -0.171461 -0.0951505 
-0.291478 -0.410995 -0.353354 -0.336591 -0.318903 -0.351003 -0.332241 -0.32405 -0.341737 -0.322187 -0.325532 -0.329108 -0.332064 -0.334691 -0.177784 -0.332364 -0.319277 -0.313732 -0.329436 -0.314732 -0.316153 -0.249492 -0.329684 -0.287886 -0.273667 -0.338992 -0.286573 -0.305533 -0.230987 -0.273534 -0.296757 -0.277063 -0.345537 -0.306867 -0.279127 -0.274408 -0.199752 -0.193962 -0.000658759 -0.24284 -0.167571 0.0549287 -0.248156 -0.38564 -0.184552 -0.168407 
-0.354591 -0.267929 -0.345198 -0.323682 -0.33551 -0.375804 -0.389078 -0.370164 -0.387247 -0.351871 -0.350867 -0.379271 -0.36271 -0.362951 -0.373396 -0.35864 -0.378064 -0.344067 -0.362456 -0.363692 -0.355874 -0.367847 -0.377498 -0.348244 -0.304417 -0.288002 -0.317629 -0.308377 -0.477901 -0.278529 -0.462659 -0.292936 -0.329844 -0.234733 -0.304788 -0.174482 -0.106032 -0.097099 -0.201132 -0.289113 -0.283034 -0.246736 -0.547761 -0.195422 -0.331788 -0.132329 
-0.32429 -0.15577 -0.367407 -0.336551 -0.365219 -0.404841 -0.109683 -0.386449 -0.440293 -0.398348 -0.409073 -0.398722 -0.383826 -0.392615 -0.389902 -0.393214 -0.382181 -0.398131 -0.381708 -0.388776 -0.405107 -0.38174 -0.389968 -0.38145 -0.433887 -0.287779 -0.352108 -0.360606 -0.335108 -0.269902 -0.300388 -0.290186 -0.352318 -0.375833 -0.380956 -0.547155 -0.204078 -0.324865 -0.416749 -0.273075 -0.487818 -0.206314 -0.182444 -0.0727345 -0.242065 -0.109098 
-0.400861 -0.400085 -0.399992 -0.374254 -0.44779 -0.356953 -0.402101 -0.400814 -0.416775 -0.390766 -0.418032 -0.414883 -0.411998 -0.406707 -0.406349 -0.412137 -0.40466 -0.402718 -0.43245 -0.380368 -0.451343 -0.415695 -0.381814 -0.399259 -0.438798 -0.442909 -0.366125 -0.480349 -0.291501 -0.377644 -0.36589 -0.351382 -0.284366 -0.330551 -0.265326 -0.302432 -0.278826 -0.243868 -0.30778 -0.131095 -0.226756 -0.392677 -0.436381 -0.155575 -0.287157 -0.233871 
-0.43486 -0.4078 -0.377716 -0.390289 -0.379371 -0.401828 -0.410071 -0.444764 -0.444392 -0.424627 -0.422666 -0.425601 -0.432338 -0.423442 -0.440466 -0.436516 -0.427362 -0.441333 -0.416908 -0.415939 -0.445596 -0.461132 -0.435952 -0.459419 -0.420335 -0.437525 -0.447511 -0.430455 -0.386133 -0.412728 -0.474938 -0.37042 -0.421854 -0.405756 -0.308217 -0.419715 -0.379499 -0.211621 -0.365184 -0.161298 -0.175798 -0.354488 -0.26995 -0.372283 -0.335597 -0.201343 
-0.384702 -0.469077 -0.419754 -0.432016 -0.464331 -0.450718 -0.430409 -0.446019 -0.4606 -0.431517 -0.440054 -0.423158 -0.453514 -0.452948 -0.439157 -0.466962 -0.478531 -0.462422 -0.431987 -0.439127 -0.433173 -0.45601 -0.463363 -0.430263 -0.425648 -0.416504 -0.436517 -0.402716 -0.470878 -0.410072 -0.382103 -0.475758 -0.349199 -0.33692 -0.452185 -0.667672 -0.384355 -0.382473 -0.264611 -0.407609 -0.322066 -0.295167 -0.33911 -0.112812 -0.295143 -0.395175 
-0.438769 -0.439098 -0.37074 -0.460459 -0.434344 -0.479603 -0.402027 -0.428392 -0.449219 -0.466859 -0.440657 -0.450029 -0.449708 -0.474858 -0.465897 -0.474534 -0.467078 -0.469636 -0.476833 -0.461055 -0.449352 -0.473591 -0.452342 -0.466765 -0.44798 -0.447058 -0.420526 -0.435379 -0.403 -0.470557 -0.465342 -0.387897 -0.482177 -0.449912 -0.460054 -0.301548 -0.376101 -0.509391 -0.346327 -0.428171 -0.303723 -0.347608 -0.176238 -0.377767 -0.278959 -0.0980879 
-0.457304 -0.510249 -0.43445 -0.398427 -0.53111 -0.494292 -0.390604 -0.535618 -0.462713 -0.475326 -0.457608 -0.419018 -0.462559 -0.454718 -0.493932 -0.479149 -0.477494 -0.505962 -0.468908 -0.473055 -0.476521 -0.478277 -0.471267 -0.454488 -0.450221 -0.473775 -0.487621 -0.449049 -0.413639 -0.432465 -0.482618 -0.419547 -0.334694 -0.547075 -0.41519 -0.49219 -0.394527 -0.424567 -0.439775 -0.328769 -0.535573 -0.327188 -0.362954 -0.454924 -0.276709 -0.129763 
-0.49703 -0.361888 -0.442134 -0.462077 -0.50365 -0.431556 -0.517673 -0.452025 -0.469368 -0.457241 -0.471163 -0.435553 -0.468107 -0.470188 -0.484697 -0.48087 -0.480256 -0.480711 -0.490948 -0.470098 -0.481999 -0.479183 -0.483192 -0.474475 -0.464881 -0.480359 -0.45685 -0.461455 -0.503636 -0.455658 -0.428865 -0.407606 -0.491999 -0.438202 -0.422677 -0.460614 -0.3783 -0.379238 -0.418519 -0.334598 -0.314779 -0.434534 -0.495038 -0.471505 -0.335756 -0.216011 
-0.49693 -0.482981 -0.432964 -0.476282 -0.415673 -0.418806 -0.469084 -0.447924 -0.470817 -0.466477 -0.456743 -0.442383 -0.478939 -0.484646 -0.474432 -0.479705 -0.47555 -0.497656 -0.504734 -0.509504 -0.496675 -0.491397 -0.491191 -0.47934 -0.477033 -0.496286 -0.469125 -0.468903 -0.448756 -0.481129 -0.511724 -0.508146 -0.401997 -0.477366 -0.530941 -0.467398 -0.39826 -0.324244 -0.437101 -0.428974 -0.378334 -0.428557 -0.308016 -0.323662 -0.223847 -0.475155 
-0.390155 -0.368997 -0.398741 -0.411982 -0.451642 -0.481315 -0.476586 -0.548252 -0.466693 -0.483869 -0.505668 -0.513275 -0.443618 -0.46527 -0.45606 -0.480381 -0.488014 -0.505212 -0.507532 -0.482173 -0.504885 -0.499428 -0.483582 -0.485645 -0.48451 -0.494743 -0.486444 -0.460262 -0.47369 -0.467082 -0.465619 -0.485478 -0.498115 -0.418848 -0.458136 -0.44867 -0.47388 -0.416245 -0.4513 -0.39112 -0.482716 -0.434833 -0.298072 -0.405592 -0.365624 -0.2646 
-0.511229 -0.55412 -0.393026 -0.45439 -0.369652 -0.536313 -0.481395 -0.458976 -0.478381 -0.460893 -0.479088 -0.419406 -0.496219 -0.542792 -0.513757 -0.546133 -0.543532 -0.487328 -0.497492 -0.492877 -0.502273 -0.495716 -0.489952 -0.507493 -0.512755 -0.486159 -0.494932 -0.482536 -0.506273 -0.486154 -0.507347 -0.540214 -0.496336 -0.472509 -0.515157 -0.419368 -0.465858 -0.543053 -0.374997 -0.418522 -0.441491 -0.454969 -0.447181 -0.286739 -0.418316 -0.500105 
-0.411798 -0.412288 -0.369792 -0.406527 -0.397909 -0.414722 -0.469766 -0.437389 -0.477569 -0.467366 -0.436248 -0.48467 -0.479841 -0.481756 -0.51994 -0.521345 -0.51395 -0.496678 -0.489875 -0.474992 -0.501271 -0.493393 -0.492158 -0.500523 -0.488347 -0.5073 -0.491054 -0.488124 -0.493657 -0.477926 -0.508791 -0.468924 -0.480122 -0.486246 -0.43726 -0.507313 -0.533906 -0.378369 -0.45191 -0.415121 -0.31926 -0.316806 -0.475993 -0.387012 -0.420308 -0.425665 
-0.410127 -0.48354 -0.440646 -0.484972 -0.441805 -0.47448 -0.447128 -0.421759 -0.469217 -0.410602 -0.516464 -0.480347 -0.531335 -0.4492 -0.465258 -0.447844 -0.47773 -0.551628 -0.505082 -0.516394 -0.507238 -0.514848 -0.508872 -0.486918 -0.511405 -0.501845 -0.500558 -0.499309 -0.488713 -0.495626 -0.526361 -0.483156 -0.474276 -0.468409 -0.507496 -0.436961 -0.48413 -0.50787 -0.411258 -0.491752 -0.521241 -0.525154 -0.374102 -0.459032 -0.440961 -0.475501 
-0.391406 -0.375437 -0.322964 -0.3918 -0.367101 -0.538525 -0.417912 -0.47926 -0.375432 -0.424016 -0.373521 -0.446449 -0.512791 -0.442521 -0.495531 -0.560587 -0.451884 -0.488999 -0.525428 -0.50922 -0.482038 -0.468485 -0.496563 -0.503098 -0.512758 -0.499184 -0.496494 -0.492134 -0.501837 -0.506823 -0.497053 -0.499914 -0.47579 -0.512793 -0.461468 -0.48379 -0.538944 -0.431669 -0.460331 -0.471771 -0.564525 -0.40208 -0.474386 -0.512336 -0.468183 -0.425934 
-0.389348 -0.383438 -0.452622 -0.523519 -0.374427 -0.325925 -0.394961 -0.361336 -0.574566 -0.426169 -0.484659 -0.421724 -0.435545 -0.587231 -0.603828 -0.41294 -0.44293 -0.525756 -0.451151 -0.479686 -0.508371 -0.506956 -0.48241 -0.493432 -0.480364 -0.507635 -0.494751 -0.50182 -0.499039 -0.499216 -0.498201 -0.504267 -0.505481 -0.499053 -0.501307 -0.466162 -0.510281 -0.481214 -0.465686 -0.539959 -0.429555 -0.513851 -0.436143 -0.364747 -0.447156 -0.494216 
-0.426416 -0.578123 -0.350837 -0.43342 -0.391298 -0.544823 -0.402372 -0.409786 -0.393369 -0.475392 -0.356825 -0.443047 -0.398933 -0.537491 -0.428404 -0.456937 -0.510033 -0.456701 -0.5264 -0.452057 -0.454149 -0.48677 -0.485493 -0.457504 -0.493181 -0.507249 -0.533861 -0.510691 -0.511621 -0.510737 -0.499597 -0.498882 -0.506026 -0.503582 -0.523845 -0.485178 -0.48771 -0.481474 -0.507033 -0.439835 -0.490899 -0.512119 -0.434942 -0.502526 -0.407791 -0.466955 
-0.287615 -0.361667 -0.394366 -0.354913 -0.367048 -0.433302 -0.500221 -0.493008 -0.406511 -0.370491 -0.529073 -0.45906 -0.570659 -0.435433 -0.422613 -0.415517 -0.486256 -0.524328 -0.438587 -0.480439 -0.41848 -0.510823 -0.459491 -0.472919 -0.520421 -0.489933 -0.479338 -0.494457 -0.508316 -0.503516 -0.492664 -0.496201 -0.499715 -0.498396 -0.495276 -0.506811 -0.481163 -0.483532 -0.488373 -0.469193 -0.497604 -0.459248 -0.536241 -0.455987 -0.490885 -0.421291 
-0.261045 -0.328374 -0.460582 -0.43197 -0.28176 -0.332153 -0.316982 -0.497107 -0.370106 -0.361924 -0.401234 -0.455453 -0.336824 -0.446548 -0.485909 -0.489864 -0.420906 -0.464854 -0.455714 -0.434234 -0.482349 -0.459258 -0.48889 -0.495 -0.527103 -0.478896 -0.488496 -0.521339 -0.488489 -0.505526 -0.496663 -0.508491 -0.497801 -0.499536 -0.500624 -0.487641 -0.490223 -0.491764 -0.4949 -0.493677 -0.487792 -0.46968 -0.441044 -0.540566 -0.395956 -0.460137 
-0.497129 -0.423834 -0.376149 -0.347097 -0.40966 -0.482636 -0.417998 -0.585016 -0.377789 -0.436884 -0.304952 -0.33168 -0.285035 -0.42942 -0.467846 -0.442068 -0.404932 -0.42175 -0.502695 -0.407443 -0.456604 -0.488121 -0.503858 -0.461761 -0.483091 -0.481722 -0.457367 -0.476506 -0.500285 -0.506872 -0.490647 -0.493266 -0.506961 -0.495818 -0.500071 -0.499498 -0.505851 -0.491248 -0.501334 -0.50298 -0.506306 -0.495279 -0.505945 -0.477688 -0.473597 -0.501263 
-0.186236 -0.286481 -0.208278 -0.35764 -0.393468 -0.475596 -0.309556 -0.302153 -0.441859 -0.364337 -0.380263 -0.535126 -0.308758 -0.471088 -0.543763 -0.469578 -0.479502 -0.487205 -0.469948 -0.436552 -0.384508 -0.437014 -0.534029 -0.462007 -0.500748 -0.526261 -0.488384 -0.490126 -0.476557 -0.520301 -0.507799 -0.479481 -0.50637 -0.497758 -0.505156 -0.5 -0.500258 -0.498584 -0.502411 -0.493824 -0.484095 -0.458978 -0.488104 -0.474804 -0.450437 -0.488134 
-0.368431 -0.299022 -0.357167 -0.297775 -0.376856 -0.343926 -0.452038 -0.429665 -0.437107 -0.30923 -0.366225 -0.424623 -0.336826 -0.328939 -0.28552 -0.370911 -0.451556 -0.55844 -0.42231 -0.463148 -0.483266 -0.410086 -0.419218 -0.460888 -0.476842 -0.430694 -0.500334 -0.480172 -0.49329 -0.503708 -0.489604 -0.519663 -0.493279 -0.49021 -0.506613 -0.497398 -0.499999 -0.495706 -0.498365 -0.486791 -0.496399 -0.493471 -0.518141 -0.498975 -0.493566 -0.471077 
-0.281494 -0.279468 -0.32034 -0.270322 -0.267962 -0.217132 -0.353903 -0.428409 -0.359865 -0.278585 -0.539707 -0.50845 -0.347502 -0.33791 -0.358439 -0.508973 -0.492198 -0.45707 -0.424389 -0.405185 -0.492452 -0.461175 -0.483023 -0.491577 -0.560085 -0.471639 -0.517607 -0.448892 -0.473738 -0.462955 -0.491289 -0.473394 -0.504099 -0.492274 -0.509102 -0.5053 -0.50336 -0.499383 -0.502513 -0.492585 -0.49614 -0.504529 -0.470815 -0.486778 -0.515051 -0.50039 
-0.171042 -0.204876 -0.383278 -0.336578 -0.209172 -0.281138 -0.240713 -0.213885 -0.476781 -0.336242 -0.349782 -0.528631 -0.441144 -0.41234 -0.41296 -0.490906 -0.658292 -0.484383 -0.453836 -0.400602 -0.45665 -0.431304 -0.486114 -0.39424 -0.503655 -0.492221 -0.504873 -0.571899 -0.484791 -0.481911 -0.446448 -0.51465 -0.487852 -0.496703 -0.503937 -0.475451 -0.493474 -0.498712 -0.50028 -0.500739 -0.493718 -0.50759 -0.518867 -0.507659 -0.494254 -0.524004 
-0.354131 -0.299196 -0.323365 -0.263956 -0.36598 -0.266859 -0.472332 -0.43058 -0.219394 -0.351898 -0.299337 -0.353772 -0.341723 -0.361763 -0.281169 -0.468341 -0.613555 -0.320906 -0.411904 -0.471165 -0.40345 -0.503226 -0.480944 -0.495226 -0.430374 -0.545454 -0.478633 -0.483083 -0.47392 -0.45204 -0.494549 -0.460625 -0.510685 -0.502218 -0.477274 -0.514439 -0.497273 -0.513933 -0.501108 -0.500892 -0.496731 -0.490064 -0.501036 -0.473881 -0.502176 -0.48153 
-0.244218 -0.247025 -0.413516 -0.284748 -0.500214 -0.389534 -0.340756 -0.296113 -0.254372 -0.30787 -0.364214 -0.315436 -0.401455 -0.438186 -0.335044 -0.470764 -0.389117 -0.300857 -0.322978 -0.478067 -0.597111 -0.399309 -0.378918 -0.43445 -0.457647 -0.484995 -0.38978 -0.419375 -0.507938 -0.506676 -0.538369 -0.50177 -0.480262 -0.500537 -0.492173 -0.511298 -0.51046 -0.506753 -0.496103 -0.499971 -0.497217 -0.493007 -0.491049 -0.513663 -0.499958 -0.483906 
-0.296547 -0.234144 -0.195513 -0.331969 -0.270383 -0.289216 -0.376796 -0.289161 -0.330073 -0.439969 -0.380898 -0.416004 -0.344896 -0.314839 -0.382024 -0.29303 -0.307801 -0.431405 -0.569349 -0.511504 -0.460047 -0.367193 -0.452633 -0.459004 -0.543497 -0.51787 -0.442414 -0.410113 -0.489912 -0.451609 -0.4565 -0.503662 -0.549462 -0.502566 -0.526667 -0.453827 -0.508301 -0.508409 -0.488934 -0.49909 -0.500032 -0.496014 -0.509378 -0.501661 -0.491474 -0.493427 
-0.408798 -0.331993 -0.473343 -0.255973 -0.361418 -0.494948 -0.378357 -0.350015 -0.424225 -0.544727 -0.457407 -0.329722 -0.33313 -0.608765 -0.332887 -0.28129 -0.410102 -0.440864 -0.410603 -0.376728 -0.385874 -0.417069 -0.48387 -0.376938 -0.422104 -0.487835 -0.461416 -0.517166 -0.497326 -0.452317 -0.512595 -0.448413 -0.531566 -0.47386 -0.498041 -0.505516 -0.494506 -0.482783 -0.49694 -0.503808 -0.499251 -0.500317 -0.497054 -0.4944 -0.504485 -0.476846 
-0.223247 -0.219632 -0.320957 -0.217473 -0.261563 -0.25998 -0.252232 -0.518307 -0.423715 -0.412626 -0.380393 -0.338251 -0.288812 -0.403025 -0.2781 -0.326798 -0.364122 -0.496764 -0.479206 -0.411306 -0.525898 -0.396143 -0.372292 -0.458821 -0.446743 -0.469734 -0.468286 -0.467547 -0.493039 -0.541322 -0.505649 -0.475716 -0.483529 -0.485255 -0.50684 -0.503972 -0.489915 -0.49429 -0.491684 -0.509697 -0.499565 -0.501648 -0.499981 -0.502395 -0.500312 -0.499686 
-0.16987 -0.212011 -0.148479 -0.227227 -0.389825 -0.343288 -0.263225 -0.417412 -0.258353 -0.264459 -0.356376 -0.539193 -0.350586 -0.283999 -0.368057 -0.391031 -0.359655 -0.411298 -0.530686 -0.39594 -0.384643 -0.58582 -0.565267 -0.487813 -0.462926 -0.413578 -0.449639 -0.418313 -0.512242 -0.39278 -0.514176 -0.516465 -0.518365 -0.510619 -0.485454 -0.503714 -0.503872 -0.462589 -0.497165 -0.486075 -0.499669 -0.509814 -0.503037 -0.49783 -0.501263 -0.486023 
-0.249764 -0.345319 -0.324298 -0.25496 -0.251089 -0.445221 -0.380896 -0.353818 -0.461158 -0.243155 -0.37041 -0.284041 -0.403492 -0.567374 -0.32045 -0.303111 -0.378688 -0.338005 -0.38787 -0.520032 -0.398783 -0.436652 -0.430222 -0.425487 -0.433712 -0.456043 -0.494545 -0.468704 -0.465328 -0.518873 -0.487847 -0.492673 -0.532858 -0.451689 -0.491196 -0.491107 -0.483351 -0.482456 -0.507045 -0.506241 -0.484888 -0.500193 -0.499277 -0.500942 -0.50329 -0.493331 
-0.199975 -0.184806 -0.29944 -0.242831 -0.339893 -0.314328 -0.315814 -0.252151 -0.214303 -0.318812 -0.268798 -0.584112 -0.400869 -0.378296 -0.375237 -0.404051 -0.501104 -0.42101 -0.317761 -0.453313 -0.486466 -0.419729 -0.456013 -0.513364 -0.495077 -0.397316 -0.496876 -0.479341 -0.38043 -0.51083 -0.480594 -0.458402 -0.462337 -0.514958 -0.502801 -0.519742 -0.475674 -0.522658 -0.49691 -0.495674 -0.485921 -0.507269 -0.504625 -0.495595 -0.49542 -0.500118 
-0.294934 -0.256483 -0.239621 -0.162022 -0.270456 -0.368684 -0.430436 -0.252297 -0.447338 -0.42491 -0.38687 -0.250292 -0.257303 -0.456945 -0.274217 -0.356498 -0.376706 -0.506294 -0.441469 -0.35401 -0.404728 -0.325327 -0.442455 -0.442419 -0.6181 -0.362364 -0.444974 -0.468495 -0.475904 -0.481377 -0.530198 -0.44036 -0.480124 -0.498427 -0.476648 -0.494122 -0.498416 -0.44868 -0.524312 -0.473168 -0.524371 -0.478076 -0.492418 -0.487928 -0.49803 -0.502745 
-0.215919 -0.245158 -0.290895 -0.186117 -0.502239 -0.254267 -0.321578 -0.53865 -0.391012 -0.555481 -0.36776 -0.375796 -0.23269 -0.452595 -0.378829 -0.363039 -0.432315 -0.398847 -0.382367 -0.260629 -0.520078 -0.437843 -0.463808 -0.3985 -0.49508 -0.349922 -0.413607 -0.511478 -0.383128 -0.389068 -0.450783 -0.465351 -0.479819 -0.536476 -0.471224 -0.500368 -0.505626 -0.519324 -0.478522 -0.526363 -0.484018 -0.486956 -0.499296 -0.496448 -0.500441 -0.501049 
-0.228743 -0.271443 -0.218769 -0.242995 -0.176094 -0.285943 -0.46956 -0.296592 -0.592566 -0.462722 -0.351393 -0.364087 -0.242124 -0.432131 -0.316719 -0.446512 -0.232483 -0.399932 -0.287912 -0.41342 -0.346526 -0.40441 -0.461007 -0.469583 -0.39045 -0.471655 -0.388421 -0.493981 -0.4745 -0.470739 -0.45775 -0.45745 -0.590973 -0.488345 -0.506047 -0.50321 -0.518165 -0.476907 -0.479198 -0.492943 -0.484705 -0.522572 -0.490832 -0.502897 -0.501951 -0.500005 
-0.203132 -0.146894 -0.284024 -0.162448 -0.375389 -0.356966 -0.390804 -0.330157 -0.363265 -0.407735 -0.320001 -0.595965 -0.262313 -0.27035 -0.40567 -0.407432 -0.384428 -0.426743 -0.496105 -0.348084 -0.329695 -0.369828 -0.388184 -0.477287 -0.458962 -0.424751 -0.420921 -0.493226 -0.511737 -0.433126 -0.534215 -0.518141 -0.432172 -0.45508 -0.430953 -0.505751 -0.515292 -0.523922 -0.484309 -0.468979 -0.483667 -0.499893 -0.489976 -0.496087 -0.501151 -0.505727 
