0.127494 0.143173 0.0814693 0.0934332 0.0860411 0.150896 0.210167 0.05338 0.0478832 0.0819844 0.194164 0.122891 0.213319 0.738305 0.111153 0.224369 0.262769 0.145188 0.261035 0.446294 0.444441 0.82808 0.0842909 0.40189 0.642155 0.959513 0.595412 2.72532 0.908461 7.46257 1.44781 1.78491 1.31748 1.89404 1.45428 10.1462 3.58506 2.94685 2.18859 1.96463 2.33428 3.10657 5.17712 4.25 5.56352 4.03363 
0.114403 0.0971713 0.0737995 0.154464 0.110558 0.0716945 0.0480496 0.0854886 0.0857812 0.0639408 0.146964 0.194929 0.0906208 0.123514 0.206293 0.11958 0.211499 0.268012 0.446089 0.190447 0.40854 0.385914 0.384626 0.722728 0.547876 0.941396 0.815845 1.29053 0.8083 1.38115 1.10847 1.06031 8.43716 1.53767 2.25386 1.63139 1.20705 2.31315 4.06113 1.87168 3.96939 2.77235 3.84049 1.663 2.20064 4.22728 
0.190565 0.136507 0.0554309 0.0684262 0.0641775 0.0619747 0.096113 0.0358564 0.0274768 0.0276297 0.113389 0.0762837 0.141068 0.0486781 0.122978 0.0995561 0.27217 0.360709 0.189352 0.327244 0.196873 0.475945 0.559887 0.241269 0.690103 0.844152 0.65454 0.795322 1.02267 0.701073 1.26597 1.46718 1.53851 1.56686 1.6722 2.40662 2.45309 1.133 2.00841 2.73555 2.07714 4.46857 2.92122 4.03887 3.51031 3.09556 
0.17082 0.0510275 0.0462431 0.146365 0.0779919 0.0252052 0.0278976 0.0210982 0.0833879 0.0330716 0.0328636 0.0610701 0.0874352 0.0798991 0.198027 0.0927955 0.123184 0.203346 0.215545 0.164735 0.343006 0.348962 0.75894 0.453813 0.435941 0.555588 0.566936 0.855527 0.535123 0.66873 1.04072 0.848097 1.23174 1.61173 1.06637 2.04405 1.87521 2.07271 1.66271 2.51066 3.20167 0.865489 3.20691 5.18231 3.0886 3.44899 
0.0856978 0.110201 0.0608601 0.0574047 0.0437388 0.0134845 0.0410541 0.0196986 0.0641581 0.0194205 0.027452 0.0238275 0.0514119 0.0223259 0.0627727 0.0686382 0.176711 0.28608 0.250399 0.261447 0.225494 0.219235 0.465708 0.317613 0.388257 1.16751 0.410736 0.603968 0.931824 0.936417 1.01418 1.07808 1.13625 1.22564 1.28593 1.34289 1.58649 2.14614 1.62864 1.95918 1.81646 1.59973 2.05354 2.67748 5.66536 2.86705 
0.102312 0.0833899 0.0613492 0.0454035 0.0511998 0.0445442 0.0169429 0.0296302 0.0118109 0.00842113 0.0461674 0.0187244 0.0476531 0.0424923 0.0893566 0.0944932 0.0809944 0.149397 0.256173 0.22742 0.290754 0.0146588 0.32643 0.663606 0.734792 0.341038 0.637199 0.647208 0.946935 0.603099 1.04502 1.17167 1.13901 1.45175 1.00405 1.19233 1.04455 1.17066 1.23447 1.70885 1.7196 2.00374 3.66635 3.05087 2.0523 3.80117 
0.0890868 0.0939064 0.103945 0.0487813 0.0622851 0.0213475 0.0071522 0.0076823 0.00589116 0.00873687 0.0116865 0.0126133 0.0139345 0.0331195 0.0431214 0.0644541 0.115672 0.0756537 0.1361 0.209755 0.311888 0.279012 0.206095 0.596153 0.375215 0.25556 0.34075 0.301465 0.900263 0.488313 0.76982 1.12973 1.70768 1.3107 1.15411 0.845489 1.18669 1.09094 1.95078 1.93264 2.30421 2.23247 3.63654 3.58399 2.21497 3.64784 
0.0710791 0.0823317 0.0553226 0.0537054 0.0260311 0.0166514 0.00638279 0.00804026 0.00879617 0.00571323 0.00819346 0.0127103 0.03467 0.0202274 0.0291595 0.0973351 0.0316014 0.0901637 0.0772177 0.133616 0.367986 0.176657 0.201598 0.289673 0.60625 0.466209 0.384101 0.357582 0.583633 0.821534 1.5546 0.31285 0.88179 1.20355 0.368499 0.687761 1.26066 1.5438 1.77627 1.47369 2.00679 2.72585 2.29514 1.87598 1.4115 2.40137 
0.0796523 0.0693301 0.140182 0.0450044 0.0450227 0.0157373 0.0127405 0.00559754 0.00486531 0.0018284 0.00220743 0.0111396 0.00663625 0.0133201 0.0187772 0.0348917 0.0467586 0.0501214 0.0769604 0.16351 0.0256813 0.142176 0.322845 0.222105 0.412141 0.369366 0.489746 0.404066 0.487945 0.407126 0.662467 0.787426 0.579667 0.822292 0.725334 1.01145 1.01928 1.50223 0.951304 1.34994 2.62821 2.27783 1.59303 1.37491 3.10711 3.62155 
0.0787971 0.0823048 0.0469907 0.0425139 0.04711 0.0164807 0.0158629 0.00888358 0.00239177 0.00079343 0.000492385 0.00149058 0.00642459 0.00848378 0.0264691 0.041367 0.0533642 0.0351936 0.13125 0.201324 0.122162 0.0990239 0.257475 0.314268 0.228303 0.447728 0.251631 0.512791 0.483538 0.462259 0.694168 0.505872 0.595303 0.701896 0.744947 0.617799 1.71023 1.05041 0.908953 1.0798 0.871247 1.26673 1.642 1.49068 1.78536 2.28705 
0.138734 0.0806481 0.0507197 0.053508 0.0652532 0.0184566 0.0163423 0.00998525 0.00537244 0.000839601 -3.46945e-18 0.00130477 0.00532391 0.0100107 0.0119795 0.0265863 0.0389491 0.0455574 0.0729816 0.0922146 0.113632 0.131298 0.159999 0.218046 0.226254 0.254326 1.18562 0.301486 0.581732 0.311308 0.876443 0.39402 0.842933 0.98449 0.738028 0.665216 0.744755 1.2486 1.00223 1.40769 0.918123 1.21032 1.20826 1.15803 1.73191 1.84676 
0.0697258 0.0781387 0.107794 0.0572458 0.0255225 0.0167253 0.0147517 0.0104058 0.00510051 0.00299341 0.000644117 0.00273571 0.0014959 0.00517126 0.0241246 0.0280583 0.0391156 0.028157 0.0556568 0.0706281 0.0664325 0.141807 0.167138 0.192935 0.176654 0.190655 0.243318 0.257661 0.224278 0.580161 0.479191 0.525787 1.02561 0.481421 1.16814 0.873834 1.0382 0.671301 0.527712 0.619803 1.20281 1.17532 1.19331 1.65588 1.54855 1.57402 
0.0747445 0.0572572 0.0371668 0.0592422 0.0401979 0.0232315 0.0118695 0.0146113 0.00510653 0.00559115 0.00597798 0.00114222 0.0029805 0.00419951 0.00663749 0.0279563 0.0201518 0.0455666 0.0520042 0.0565709 0.0669272 0.113176 0.181588 0.112726 0.101004 0.169246 0.221799 0.197919 0.403291 0.455805 0.285319 0.286928 0.339205 0.65519 0.594861 1.09784 0.458243 0.874902 0.664357 0.860231 1.43695 1.08687 1.01529 1.13261 1.03294 1.6652 
0.0843721 0.0333734 0.082465 0.0578951 0.0176878 0.0395841 0.0429998 0.0258171 0.0100036 0.00473685 0.0068053 0.00143368 0.00150313 0.00235524 0.00554449 0.00836503 0.0159898 0.0191932 0.0462816 0.0525631 0.0535674 0.104301 0.11505 0.171626 0.112034 0.131742 0.202398 0.195042 0.296987 0.1767 0.34235 0.59484 0.38866 0.537424 0.634344 0.541085 0.819197 1.37419 0.834927 2.09146 0.632964 0.940048 0.826061 1.02043 1.74849 1.68151 
0.14077 0.154153 0.0427504 0.086354 0.0225156 0.0354077 0.0172933 0.0387407 0.0117957 0.186276 0.0100652 0.00171499 0.00380828 0.00347547 0.00758301 0.00681735 0.00762361 0.017209 0.0908552 0.0328511 0.0564873 0.0724067 0.0858747 0.195938 0.131853 0.103379 0.213388 0.198751 0.223944 0.204636 0.278668 0.285745 0.245782 0.222407 0.282794 0.637566 0.350925 0.717569 0.404818 0.582442 0.64276 1.11574 0.999994 0.67157 1.03976 1.13267 
0.054618 0.101273 0.0818103 0.0561492 0.0428541 0.0534812 0.0879805 0.0205672 0.0227077 0.0124587 0.007072 0.0055296 0.00481955 0.0119422 0.032923 0.00675704 0.00680185 0.0172111 0.016742 0.025993 0.0301242 0.0502695 0.10263 0.0746341 0.1099 0.143741 0.126302 0.132662 0.179496 0.217645 0.24074 0.16641 0.382048 0.298495 0.28917 0.290497 0.443755 0.444249 0.917821 0.74891 0.80156 0.966198 0.947416 0.778393 0.771404 1.01148 
0.0802115 0.169254 0.198335 0.0302246 0.052835 0.0402421 0.0424699 0.0271131 0.0340235 0.00975569 0.00586112 0.0193888 0.00686186 0.00565436 0.00834322 0.0042509 0.0235441 0.0061502 0.0220845 0.0156246 0.0435493 0.0453623 0.0421136 0.0628844 0.0894129 0.0839316 0.119387 0.133004 0.140729 0.34588 0.152281 0.388393 0.325633 0.356417 0.247994 0.57307 0.382917 0.737437 0.44489 0.982651 0.624166 0.767852 0.73887 0.628561 0.663041 0.85226 
0.0516875 0.0211809 0.0671377 0.052537 0.0512837 0.0489453 0.00373757 0.0383046 0.113299 0.0500188 0.0217286 0.026352 0.0089336 0.00549849 0.00774102 0.00576811 0.00235041 0.00692149 0.00809542 0.0334218 0.0216808 0.0202162 0.0426491 0.0684101 0.0990499 0.0626779 0.0904063 0.308803 0.193758 0.168247 0.127681 0.209763 0.236319 0.184341 0.220089 0.239629 0.301821 0.440036 0.569567 0.56162 0.530884 0.455427 0.554338 0.657343 0.897095 0.918804 
0.105403 0.087323 0.176374 0.139586 0.0708944 0.0137026 0.0402268 0.0277108 0.0484646 0.0168286 0.0342383 0.020339 0.0196634 0.00504087 0.00598012 0.005158 0.00251664 0.00329667 0.0270432 0.00582052 0.040929 0.0290458 0.0302845 0.0426136 0.0694385 0.0549429 0.116014 0.144294 0.0780536 0.0967556 0.110505 0.187004 0.160571 0.175636 0.230102 0.293106 0.430913 0.346758 0.316404 0.475147 0.71404 0.427976 0.447384 0.642532 1.91722 2.54845 
0.150335 0.0987194 0.0338826 0.0368634 0.0340351 0.0472699 0.0301147 0.0522634 0.0435838 0.0285591 0.0193216 0.0148821 0.041079 0.00696619 0.0140379 0.0146093 0.00467058 0.00701037 0.00204682 0.00248365 0.0109347 0.0375752 0.0164796 0.0184754 0.0202777 0.0375288 0.0345299 0.0643972 0.0853002 0.124711 0.161103 0.158633 0.0844602 0.190815 0.215955 0.239697 0.196422 0.478048 0.647742 0.497045 0.700132 0.364371 0.731097 0.40268 0.689224 0.734003 
0.129921 0.0813937 0.0526359 0.0359007 0.174503 0.0539181 0.0285721 0.0487176 0.0387131 0.0274326 0.015433 0.0106176 0.0164177 0.0153685 0.00541843 0.0197481 0.0700567 0.0104667 0.00165635 0.00160919 0.0075988 0.0120017 0.0178391 0.0167268 0.0201846 0.0561771 0.0433272 0.069779 0.0694602 0.0586448 0.1138 0.297924 0.106901 0.198582 0.121669 0.218573 0.137065 0.222091 0.293444 0.300881 0.322804 0.350358 0.615672 0.62606 0.463018 0.398402 
0.11191 0.0730417 0.0302447 0.0765832 0.0539217 0.489605 0.0144008 0.0194907 0.0358432 0.0295417 0.020781 0.0157753 0.0141824 0.0221931 0.0211121 0.0261604 0.0110409 0.00816849 0.0265149 0.011977 0.00123967 0.00904618 0.0026627 0.0065043 0.0180058 0.0113613 0.0325016 0.0336775 0.0288754 0.0624703 0.0934991 0.0832738 0.124371 0.208233 0.103131 0.236817 0.22806 0.193225 0.311872 0.4459 0.434451 0.631449 0.636893 0.435139 0.300987 2.3702 
0.0781991 0.163884 0.112973 0.0420706 0.112219 0.0648492 0.0102044 0.0608532 0.0248292 0.0299342 0.0123837 0.00830888 0.0229898 0.0111852 0.0333708 0.0108898 0.0095079 0.0366885 0.00344025 0.00341747 0.00499808 0.00273261 0.00333238 0.00697116 0.00799123 0.0185514 0.0307445 0.0292298 0.14828 0.0596952 0.0689043 0.0914154 0.091152 0.0779049 0.100233 0.0763856 0.120064 0.144038 0.198725 0.207028 0.232354 0.300803 0.338537 0.306961 0.505604 0.825067 
0.105809 0.0280877 0.0442904 0.049814 0.179813 0.0283756 0.0732227 0.0546055 0.0426835 0.0474215 0.0264934 0.00977421 0.0155472 0.00866125 0.0244518 0.024829 0.0144964 0.00526652 0.00882196 0.00152619 0.00249909 0.00274487 0.00208504 0.00193955 0.00305394 0.00832827 0.0120647 0.0277875 0.023453 0.027307 0.0448617 0.0611882 0.0617396 0.0585117 0.0950115 0.0595848 0.167503 0.229292 0.227251 0.278545 0.285241 0.197622 0.163991 0.14002 0.392541 0.590445 
0.0837471 0.0809218 0.0436893 0.0662532 0.090253 0.03551 0.0629671 0.0430409 0.0397673 0.0211553 0.0260446 0.0158334 0.0359091 0.0432418 0.014957 0.0137378 0.00699682 0.00962933 0.0450618 0.0128532 0.00590959 0.00942537 0.0021302 0.000658962 0.00131581 0.0229192 0.00506764 0.00587961 0.0136905 0.0253127 0.0172755 0.0260779 0.0754148 0.0491202 0.0850398 0.0753309 0.127488 0.187185 0.102038 0.153807 0.199632 0.127338 0.337607 0.321335 0.662603 0.642805 
0.0368057 0.0252435 0.0548338 0.0383831 0.0713247 0.0667201 0.160454 0.129543 0.0996938 0.0447914 0.0441119 0.0609829 0.00729846 0.0343551 0.00722703 0.0128764 0.013363 0.0133599 0.0224519 0.00386303 0.00888449 0.00817778 0.00137928 0.00105886 0.000498259 0.00330816 0.00178157 0.00545285 0.00661006 0.0102771 0.0218122 0.0218824 0.0265222 0.110179 0.0325315 0.0542347 0.0674561 0.0839382 0.129555 0.24414 0.14676 0.342918 0.289015 0.235148 0.314075 0.457456 
0.589033 0.178287 0.0407546 0.0863002 0.0173716 0.194875 0.0525964 0.0340548 0.0665136 0.0236104 0.0531095 0.0141649 0.0331016 0.0565454 0.0484918 0.0470848 0.0693032 0.0124653 0.0154514 0.0106021 0.00780051 0.00451775 0.00247746 0.00732902 0.00276931 0.000539953 0.00116142 0.00104065 0.00454815 0.0074004 0.0101815 0.0262583 0.0118435 0.0192892 0.0310773 0.0661982 0.0936501 0.0521433 0.144735 0.149181 0.0694042 0.462594 0.170645 0.345291 0.399298 0.214333 
0.030105 0.0543371 0.0163194 0.0390366 0.0490471 0.0393909 0.0529363 0.0205568 0.0709293 0.0204395 0.0238601 0.0455474 0.0208596 0.0223517 0.0440492 0.0359178 0.0253394 0.0242639 0.0141767 0.0109576 0.00974992 0.0101994 0.005794 0.0105963 0.000664196 0.002005 0.000242399 0.000325767 0.00135179 0.00372904 0.00495148 0.0108913 0.0137306 0.0293401 0.0399045 0.04512 0.0473632 0.0933513 0.0914972 0.0969566 0.304175 0.313434 0.140889 0.288746 0.20994 0.21096 
0.0641372 0.135277 0.05742 0.109744 0.0991856 0.133527 0.0886269 0.0237611 0.0541304 0.0178463 0.0608412 0.0542124 0.0892867 0.0172058 0.0441114 0.0136036 0.0246535 0.0389385 0.0205991 0.0408104 0.0215072 0.0199062 0.0119079 0.00377304 0.00929025 0.00402784 0.00186448 0.000272952 8.42761e-05 0.0012942 0.00385525 0.00870224 0.00908058 0.0170809 0.0146666 0.0232618 0.0291263 0.0222239 0.127488 0.0701342 0.0598583 0.0582973 0.222858 0.161722 0.169956 0.18735 
0.0568697 0.0943392 0.0517779 0.0320995 0.0646909 0.293965 0.0601276 0.0694797 0.0165533 0.098965 0.0143579 0.0404379 0.0633681 0.017589 0.0463375 0.109784 0.0248673 0.0446415 0.0628259 0.0233438 0.012047 0.0143061 0.0173439 0.0128292 0.011759 0.00507445 0.00165268 0.000704669 0.00153324 0.000680124 0.000595474 0.00238677 0.00585963 0.00340279 0.0142135 0.0128349 0.00995659 0.0768212 0.0331345 0.0612273 0.0369214 0.122294 0.0803468 0.117565 0.186406 0.157456 
0.0447877 0.0193307 0.0534221 0.199987 0.041858 0.0171856 0.0203781 0.0152605 0.139393 0.0315534 0.0760255 0.0455255 0.0230445 0.161295 0.156844 0.0202091 0.0184198 0.0527581 0.0194944 0.0346449 0.0314385 0.0293416 0.0100035 0.0102081 0.00357682 0.00783408 0.00342983 0.00302004 0.00142558 0.00020594 7.22121e-05 0.00107394 0.00115819 0.00312748 0.00854379 0.0121046 0.0140239 0.0114975 0.0346805 0.0159504 0.0932328 0.0279628 0.0765852 0.11313 0.0980876 0.144349 
0.139065 0.194401 0.0242297 0.0899062 0.0575455 0.807842 0.0511109 0.0378938 0.065361 0.0220375 0.0131132 0.0282706 0.0229159 0.100283 0.0280654 0.0922037 0.0796309 0.0168767 0.0374033 0.0138617 0.00814574 0.0142248 0.0133729 0.00807949 0.00867844 0.0108233 0.0329557 0.00576747 0.00314814 0.00220892 0.000262937 1.93526e-05 0.000437228 0.000928695 0.00219668 0.0131612 0.00875911 0.0228383 0.0117988 0.0346307 0.0298042 0.0255578 0.119531 0.0332185 0.216861 0.103726 
0.0244159 0.0539601 0.0266958 0.0450131 0.062745 0.144383 0.133593 0.0758806 0.0455664 0.0161811 0.115744 0.0733405 0.193309 0.041946 0.0374241 0.011646 0.0597833 0.044463 0.0248451 0.0238328 0.00546842 0.0247191 0.0247007 0.0143909 0.0401691 0.0103133 0.00365671 0.00803823 0.00647253 0.00264879 0.000674853 5.99095e-05 1.17643e-05 0.000482872 0.00284443 0.00349973 0.006652 0.0141505 0.0175533 0.0429654 0.0264291 0.0369443 0.0131105 0.0990709 0.0791521 0.187892 
0.0386148 0.0422505 1.41645 0.0910293 0.00645216 0.0314704 0.0380091 0.112643 0.11957 0.0247904 0.0374416 0.0645033 0.0101659 0.0537613 0.051985 0.114116 0.0113795 0.0376748 0.0244247 0.0158851 0.0201317 0.0192185 0.0181413 0.0169355 0.0488492 0.0205901 0.00558161 0.0304103 0.00487168 0.00680967 0.00253579 0.00173154 0.000193995 1.38211e-06 0.000558758 0.00191771 0.00420736 0.00683473 0.00975428 0.0218564 0.0151315 0.101227 0.0459377 0.023452 0.0732481 0.180273 
0.193191 0.125159 0.0308247 0.0588532 0.0733675 0.114565 0.11171 0.273627 0.157947 0.0277991 0.0136068 0.00532399 0.00838783 0.0414963 0.0479406 0.105764 0.038309 0.0491496 0.0243742 0.0156383 0.0140612 0.0149545 0.0456181 0.0202983 0.0108739 0.00960339 0.00374464 0.031502 0.0210931 0.0082995 0.00170998 0.00212962 0.00203747 0.00011193 1.23743e-07 0.000238207 0.00133495 0.0101623 0.00507304 0.00783444 0.0253404 0.0127393 0.016283 0.0399104 0.0417882 0.0427586 
0.0118615 0.0123834 0.0409582 0.0928637 0.0249493 0.170699 0.0422729 0.0250582 0.0522431 0.0772392 0.0788974 0.0873754 0.00690365 0.105853 0.224353 0.0743047 0.113402 0.0675736 0.0273809 0.0239797 0.00576709 0.0108565 0.0448335 0.0193258 0.0437363 0.0676869 0.0327938 0.0157167 0.00619409 0.0135506 0.00954973 0.00177351 0.00320403 0.00144933 0.000520194 0 0.000289458 0.00147102 0.00279468 0.00635416 0.033499 0.0152853 0.0308562 0.0285087 0.0729405 0.0473797 
0.0410503 0.112886 0.134668 0.00987357 0.0628917 0.0349904 0.116421 0.458013 0.0630468 0.0229192 0.0374222 0.0693207 0.0100362 0.0076315 0.00350101 0.0338402 0.0736476 0.13821 0.0193656 0.0156985 0.0952488 0.0212758 0.0102513 0.0135271 0.038285 0.00430432 0.022744 0.010849 0.0199771 0.0354495 0.0170391 0.00895694 0.00451198 0.00212616 0.00145286 0.000135818 5.8406e-08 0.000488857 0.00100576 0.00510734 0.00711817 0.00575555 0.00654125 0.0305382 0.0503555 0.0341234 
0.0427448 0.0167565 0.0493184 0.0440714 0.0313293 0.00733293 0.0158775 0.0983599 0.0413369 0.0339551 0.0984101 0.244624 0.0236754 0.023483 0.00711634 0.0554459 0.149806 0.0743206 0.0765603 0.0248507 0.0780596 0.0172128 0.0609544 0.0304814 0.10133 0.0240938 0.076039 0.0265306 0.024977 0.0115864 0.0105866 0.00572955 0.0108265 0.00385661 0.0025994 0.0029878 0.000890887 6.29572e-07 0.000277442 0.00224583 0.00401614 0.00468299 0.0223003 0.0145324 0.0141013 0.0242664 
0.0103527 0.0254395 0.132477 0.0600239 0.00488593 0.0219791 0.0105188 0.00322905 0.120574 0.0158697 0.0249215 0.110175 0.0790313 0.100865 0.0225827 0.0907779 0.242665 0.0810672 0.0287239 0.0123817 0.0349928 0.0282451 0.0368803 0.00965776 0.0292832 0.030578 0.0554935 0.0379517 0.0175594 0.0202737 0.00893036 0.00870942 0.00451717 0.00572327 0.00415451 0.000326485 0.000576558 0.000175309 8.07032e-06 0.000372268 0.0012753 0.00204341 0.00436517 0.0100268 0.0234813 0.01046 
0.0407808 0.0471609 0.0705355 0.0125785 0.0406487 0.0237342 0.104873 0.0400774 0.0242271 0.0119211 0.0162999 0.0228275 0.0473237 0.0570511 0.0112302 0.127074 0.161554 0.0102611 0.0142769 0.050631 0.0286369 0.0909155 0.0657969 0.0615179 0.0144357 0.0516548 0.0505987 0.0234755 0.0165686 0.0064909 0.0142915 0.0090194 0.0311112 0.0150376 0.00134967 0.0257117 0.0013796 0.00263232 0.000281697 2.3243e-05 0.000424126 0.00246893 0.00223228 0.0134113 0.00951457 0.0224451 
0.0247998 0.0135854 0.0964538 0.0324245 0.290453 0.0528742 0.0407257 0.014489 0.0363158 0.016196 0.0545001 0.0198841 0.0358156 0.0411332 0.046919 0.074642 0.0322976 0.00358701 0.006943 0.0448519 0.303435 0.00668824 0.0112573 0.0410311 0.0350279 0.0334731 0.00659045 0.0177052 0.0737193 0.0269989 0.0374099 0.0145279 0.0207765 0.0129425 0.00766248 0.012467 0.00513327 0.00338362 0.000837663 0.00023806 2.40745e-05 0.00057794 0.00294 0.00174891 0.00590886 0.013685 
0.0676903 0.027026 0.00486525 0.0453719 0.0125079 0.041239 0.0329931 0.0158781 0.0435155 0.121463 0.0365748 0.0335219 0.0188786 0.00948428 0.0505746 0.00771312 0.116497 0.0415865 0.174304 0.174574 0.0650863 0.0104811 0.125051 0.0619523 0.0584871 0.0811388 0.0182942 0.0086057 0.0365576 0.0119918 0.0123507 0.0246154 0.0228093 0.0285266 0.0174595 0.000680784 0.0098524 0.00645169 0.000897015 0.000447208 0.000356117 6.27441e-05 0.000679683 0.00180571 0.00425503 0.00884644 
0.128368 0.045133 0.048503 0.0104641 0.221599 0.300677 0.159694 0.0229146 0.0870824 0.110661 0.0848219 0.0097163 0.0267807 0.365825 0.0169078 0.0161116 0.0645019 0.0357374 0.0382867 0.0189097 0.0693817 0.0391104 0.0973517 0.0537106 0.0651647 0.0840657 0.0384936 0.109327 0.0293215 0.0254116 0.191629 0.0156249 0.0210187 0.00788732 0.00876056 0.0118477 0.00930477 0.0152729 0.00381 0.00205163 0.000599864 0.000130657 0.00011982 0.000759919 0.00159679 0.00764331 
0.0117458 0.0142605 0.048501 0.0405248 0.0717973 0.0150289 0.0144671 0.148981 0.246511 0.0627006 0.0431543 0.0431726 0.0218797 0.0375375 0.0119063 0.0449205 0.0303867 0.250896 0.0898465 0.0305451 0.119405 0.0226372 0.0271857 0.104986 0.0306949 0.0320149 0.0443907 0.0416953 0.0515045 0.0763923 0.0383131 0.0176178 0.0657678 0.00751 0.0233432 0.0208862 0.00663504 0.00587001 0.00346856 0.00719769 0.00194202 0.00136677 0.000122125 0.000236699 0.000939106 0.00202248 
0.0167349 0.00869368 0.0076882 0.0103343 0.228483 0.0528351 0.0141504 0.08468 0.00650617 0.00810024 0.0563247 0.224756 0.111862 0.0254299 0.0468865 0.0682543 0.0415848 0.0650367 0.137159 0.0551826 0.0328796 0.692858 0.0735026 0.0702559 0.0895706 0.065554 0.0623576 0.00615185 0.0600698 0.00608715 0.0656431 0.0368068 0.042706 0.0372594 0.0130117 0.0242755 0.0127966 0.000816469 0.00765987 0.00276673 0.00632595 0.00351998 0.000929963 0.000296898 0.000272204 0.00165775 
0.0242143 0.0498623 0.125562 0.0343046 0.0100417 0.057054 0.0717806 0.034002 0.0866327 0.0152145 0.097057 0.0170595 0.0689952 0.206325 0.0375351 0.0882232 0.037412 0.0383442 0.0409804 0.129 0.0621516 0.129303 0.0428791 0.0427536 0.0268536 0.0607017 0.0593973 0.0681537 0.075002 0.0353648 0.0627897 0.0567241 0.0639105 0.00560919 0.027457 0.0146244 0.0100237 0.00785388 0.0151756 0.0102424 0.00123092 0.00292699 0.000505034 0.000453791 0.000390761 0.00049648 
0.0319757 0.00796043 0.0167671 0.0213865 0.040729 0.0449517 0.0177263 0.0209657 0.0412234 0.019886 0.0561282 0.141387 0.104768 0.0701573 0.0627247 0.0345936 0.171069 0.106677 0.0404072 0.0582018 0.141951 0.0398781 0.138156 0.147825 0.0473691 0.0275223 0.0583044 0.0408448 0.00551858 0.0471421 0.0196818 0.0614039 0.041952 0.0516994 0.0396057 0.0335005 0.00500573 0.0294788 0.00637338 0.0113491 0.00450822 0.00542755 0.00388808 0.000401602 0.000667991 0.000534148 
0.0173834 0.0247359 0.0281759 0.00417172 0.0404822 0.11028 0.110139 0.0485198 0.112576 0.196156 0.106528 0.00804216 0.00785098 0.10991 0.0134667 0.0533566 0.0245562 0.181696 0.0510622 0.0134144 0.0427982 0.013622 0.0317852 0.154959 0.188068 0.0181198 0.0511589 0.045848 0.0913557 0.0582002 0.0745941 0.082514 0.037228 0.034869 0.0166654 0.0392689 0.0206862 0.00155848 0.0234393 0.00188845 0.0161014 0.000969263 0.00287137 0.000531529 0.00160452 0.000919373 
0.0105132 0.0242981 0.0412978 0.0242628 0.102086 0.0316511 0.136266 0.576148 0.0711297 0.118258 0.0528639 0.0679848 0.00622909 0.212879 0.0362627 0.0438435 0.0624697 0.0407004 0.0372833 0.00178532 0.125176 0.165517 0.0686758 0.0714592 0.15185 0.00513513 0.0653122 0.0706789 0.00905388 0.00389656 0.0607924 0.0187126 0.0206168 0.0610719 0.0196117 0.0442683 0.0292891 0.0389657 0.0126923 0.0242962 0.024328 0.00651723 0.00581953 0.00477365 0.00550754 0.00100798 
0.0319589 0.0242302 0.0416729 0.00889778 0.00785527 0.0190779 0.15505 0.019453 0.344164 0.0994434 0.123278 0.0423581 0.0111777 0.0988227 0.0243651 0.0433103 0.00229336 0.0334121 0.0100361 0.173927 0.024352 0.0454604 0.130913 0.0780828 0.0392236 0.0485018 0.0683361 0.118761 0.0298376 0.0492069 0.019523 0.0356899 0.192743 0.0568774 0.0538051 0.0443537 0.0812784 0.026208 0.0203271 0.00856694 0.00901125 0.0404626 0.00654957 0.00509911 0.0086887 0.00371152 
0.0158428 0.00772706 0.086665 0.0137753 0.168517 0.0731987 0.258771 0.029245 0.106015 0.0842229 0.0736962 0.891608 0.0210993 0.0622056 0.0953554 0.0745443 0.0660522 0.0315577 0.101713 0.0195329 0.0373861 0.0350357 0.0751353 0.102934 0.0648061 0.0680321 0.0334789 0.0746861 0.0855577 0.029219 0.214386 0.0884026 0.0120695 0.015774 0.0125295 0.0684747 0.0458553 0.0477003 0.0187128 0.00618789 0.0155482 0.0180432 0.00547509 0.00592176 0.00925826 0.0117468 
